Signal Legend:

Key        Signal Name

0        = DA_A
1        = AD_B
2        = bitstream_out
3        = fifo_wr
4        = fifo_read_en
5        = bitstream_in
6        = fifo_empty
7        = fifo_full
8        = Demod_0
9        = Demod_1
10       = Valid_RX
11       = DA_B[19..33]
12       = AD_A[17..31]
13       = SW[6]
14       = SW[7]
15       = SW[8]
16       = SW[9]
17       = LEDR[3]
18       = LEDR[4]
19       = LEDR[5]
20       = LEDR[9]
21       = SW[3]
22       = SW[4]
23       = SW[5]
24       = GPIO_0[0]
25       = GPIO_0[16]
26       = GPIO_0[18]
27       = GPIO_1[0]
28       = GPIO_0[2]
29       = GPIO_0[32]
30       = GPIO_0[33]
31       = GPIO_0[34]
32       = GPIO_0[35]
33       = GPIO_1[16]
34       = GPIO_1[17]
35       = GPIO_1[18]
36       = GPIO_1[20]
37       = GPIO_1[2]
38       = GPIO_1[34]
39       = GPIO_1[35]
40       = KEY_N[0]
41       = KEY_N[1]
42       = KEY_N[2]
43       = KEY_N[3]

Data Table:

Signals-> 0     1     2 3 4 5 6 7 8 9 10 11    12    13 14 15 16 17 18 19 20 21 22 23 24 25 26 27 28 29 30 31 32 33 34 35 36 37 38 39 40 41 42 43 

sample

-16       -4099 -5457 1 1 0 0 0 0 0 0 0  12285 7166  0  0  0  0  0  0  0  0  0  1  0  0  0  0  0  0  1  0  1  0  1  1  1  1  0  1  1  1  1  1  1  
-15       -4100 -5770 0 1 1 0 0 0 0 0 0  12284 15358 0  0  0  0  0  0  0  0  0  1  0  0  1  1  0  0  1  0  1  0  0  0  0  1  0  0  1  1  1  1  1  
-14       -4099 -6536 0 0 1 0 0 0 0 0 0  12285 12286 0  0  0  0  0  0  0  0  0  1  0  0  1  1  0  0  1  0  1  0  1  1  1  1  0  1  1  1  1  1  1  
-13       -3887 -7225 0 0 0 0 0 0 0 0 0  12497 15358 0  0  0  0  0  0  0  0  0  1  0  0  0  0  0  0  1  0  1  0  0  0  0  1  0  0  1  1  1  1  1  
-12       -4099 -7008 1 1 0 0 0 0 0 0 0  12285 7166  0  0  0  0  0  0  0  0  0  1  0  0  1  1  0  0  1  0  1  0  1  1  1  1  0  1  1  1  1  1  1  
-11       -4100 -6609 1 1 1 0 0 0 0 0 0  12284 2046  0  0  0  0  0  0  0  0  0  1  0  0  1  1  0  0  1  0  1  0  0  0  0  1  0  0  1  1  1  1  1  
-10       -4099 -6675 1 0 1 0 0 0 0 0 0  12285 2046  0  0  0  0  0  0  0  0  0  1  0  0  0  0  0  0  1  0  1  0  1  1  1  1  0  1  1  1  1  1  1  
-9        -3464 -6775 1 0 0 0 0 0 0 0 0  12920 15358 0  0  0  0  0  0  0  0  0  1  0  0  0  0  0  0  1  0  1  0  0  0  0  1  0  0  1  1  1  1  1  
-8        -3788 -6805 1 1 0 0 0 0 0 0 0  12596 2046  0  0  0  0  0  0  0  0  0  1  0  0  1  1  0  0  1  0  1  0  1  1  1  1  0  1  1  1  1  1  1  
-7        -4948 -6849 1 1 1 0 0 0 0 0 0  11436 6142  0  0  0  0  0  0  0  0  0  1  0  0  0  0  0  0  1  0  1  0  0  0  0  1  0  0  1  1  1  1  1  
-6        -5667 -6799 1 0 1 0 0 0 0 0 0  10717 15358 0  0  0  0  0  0  0  0  0  1  0  0  0  0  0  0  1  0  1  0  1  1  1  1  0  1  1  1  1  1  1  
-5        -4312 -6885 1 0 0 0 0 0 0 0 0  12072 7166  0  0  0  0  0  0  0  0  0  1  0  0  1  1  0  0  1  0  1  0  0  0  0  1  0  0  1  1  1  1  1  
-4        -2221 -6936 1 1 0 0 0 0 0 0 0  14163 15358 0  0  0  0  0  0  0  0  0  1  0  0  1  1  0  0  1  0  1  0  1  1  1  1  0  1  1  1  1  1  1  
-3        -1    -6951 1 1 1 0 0 0 0 0 0  16383 7166  0  0  0  0  0  0  0  0  0  1  0  0  0  0  0  0  1  0  1  0  0  0  0  1  0  0  1  1  1  1  1  
-2        2218  -6748 1 0 1 0 0 0 0 0 0  2218  15358 0  0  0  0  0  0  0  0  0  1  0  0  1  1  0  0  1  0  1  0  1  1  1  1  0  1  1  1  1  1  1  
-1        4733  -6868 1 0 0 0 0 0 0 0 0  4733  3070  0  0  0  0  0  0  0  0  0  1  0  0  1  1  0  0  1  0  1  0  0  0  0  1  0  0  1  1  1  1  1  
0         5664  -7308 1 1 0 0 0 0 0 0 0  5664  15358 0  0  0  0  0  0  0  0  0  1  0  0  0  0  0  0  1  0  1  0  1  1  1  1  0  1  1  1  1  1  1  
1         4946  -7598 0 1 1 0 0 0 0 0 0  4946  15358 0  0  0  0  0  0  0  0  0  1  0  0  1  1  0  0  1  0  1  0  0  0  0  1  0  0  1  1  1  1  1  
2         3785  -7249 0 0 1 0 0 0 0 0 0  3785  15358 0  0  0  0  0  0  0  0  0  1  0  0  1  1  0  0  1  0  1  0  1  1  1  1  0  1  1  1  1  1  1  
3         3885  -6388 0 0 0 0 0 0 0 0 0  3885  15358 0  0  0  0  0  0  0  0  0  1  0  0  0  0  0  0  1  0  1  0  0  0  0  1  0  0  1  1  1  1  1  
4         4096  -5663 1 1 0 0 0 0 0 0 0  4096  2046  0  0  0  0  0  0  0  0  0  1  0  0  0  0  0  0  1  0  1  0  1  1  1  1  0  1  1  1  1  1  1  
5         4098  5922  0 1 1 0 0 0 0 0 0  4098  2046  0  0  0  0  0  0  0  0  0  1  0  0  1  1  0  0  1  0  1  0  0  0  0  1  0  0  1  1  1  1  1  
6         4096  6527  0 0 1 0 0 0 0 0 0  4096  14334 0  0  0  0  0  0  0  0  0  1  0  0  0  0  0  0  1  0  1  0  1  1  1  1  0  1  1  1  1  1  1  
7         3885  6889  0 0 0 0 0 0 0 0 0  3885  2046  0  0  0  0  0  0  0  0  0  1  0  0  0  0  0  0  1  0  1  0  0  0  0  1  0  0  1  1  1  1  1  
8         4096  6689  1 1 0 0 0 0 0 0 0  4096  3070  0  0  0  0  0  0  0  0  0  1  0  0  1  1  0  0  1  0  1  0  1  1  1  1  0  1  1  1  1  1  1  
9         4098  6314  0 1 1 0 0 0 0 0 0  4098  7166  0  0  0  0  0  0  0  0  0  1  0  0  1  1  0  0  1  0  1  0  0  0  0  1  0  0  1  1  1  1  1  
10        4096  6377  0 0 1 0 0 0 0 0 0  4096  15358 0  0  0  0  0  0  0  0  0  1  0  0  0  0  0  0  1  0  1  0  1  1  1  1  0  1  1  1  1  1  1  
11        3462  6488  0 0 0 0 0 0 0 0 0  3462  2046  0  0  0  0  0  0  0  0  0  1  0  0  1  1  0  0  1  0  1  0  0  0  0  1  0  0  1  1  1  1  1  
12        3785  6522  1 1 0 0 0 0 0 0 0  3785  2046  0  0  0  0  0  0  0  0  0  1  0  0  1  1  0  0  1  0  1  0  1  1  1  1  0  1  1  1  1  1  1  
13        4946  6581  0 1 1 0 0 0 0 0 0  4946  15358 0  0  0  0  0  0  0  0  0  1  0  0  0  0  0  0  1  0  1  0  0  0  0  1  0  0  1  1  1  1  1  
14        5664  6537  0 0 1 0 0 0 0 0 0  5664  15358 0  0  0  0  0  0  0  0  0  1  0  0  0  0  0  0  1  0  1  0  1  1  1  1  0  1  1  1  1  1  1  
15        4310  6628  0 0 0 0 0 0 0 0 0  4310  15358 0  0  0  0  0  0  0  0  0  1  0  0  1  1  0  0  1  0  1  0  0  0  0  1  0  0  1  1  1  1  1  
16        2218  6719  1 1 0 0 0 0 0 0 0  2218  15358 0  0  0  0  0  0  0  0  0  1  0  0  0  0  0  0  1  0  1  0  1  1  1  1  0  1  1  1  1  1  1  
17        -1    6701  0 1 1 0 0 0 0 0 0  16383 11262 0  0  0  0  0  0  0  0  0  1  0  0  0  0  0  0  1  0  1  0  0  0  0  1  0  0  1  1  1  1  1  
18        -2221 6510  0 0 1 0 0 0 0 0 0  14163 7166  0  0  0  0  0  0  0  0  0  1  0  0  1  1  0  0  1  0  1  0  1  1  1  1  0  1  1  1  1  1  1  
19        -4735 6811  0 0 0 0 0 0 0 0 0  11649 7166  0  0  0  0  0  0  0  0  0  1  0  0  1  1  0  0  1  0  1  0  0  0  0  1  0  0  1  1  1  1  1  
20        -5667 7071  1 1 0 0 0 0 0 0 0  10717 15358 0  0  0  0  0  0  0  0  0  1  0  0  0  0  0  0  1  0  1  0  1  1  1  1  0  1  1  1  1  1  1  
21        -4948 7360  1 1 1 0 0 0 0 0 0  11436 15358 0  0  0  0  0  0  0  0  0  1  0  0  1  1  0  0  1  0  1  0  0  0  0  1  0  0  1  1  1  1  1  
22        -3788 7115  1 0 1 0 0 0 0 0 0  12596 15358 0  0  0  0  0  0  0  0  0  1  0  0  1  1  0  0  1  0  1  0  1  1  1  1  0  1  1  1  1  1  1  
23        -3887 6178  1 0 0 0 0 0 0 0 0  12497 2046  0  0  0  0  0  0  0  0  0  1  0  0  0  0  0  0  1  0  1  0  0  0  0  1  0  0  1  1  1  1  1  
24        -4099 -5315 1 1 0 0 0 0 0 0 0  12285 7166  0  0  0  0  0  0  0  0  0  1  0  0  1  1  0  0  1  0  1  0  1  1  1  1  0  1  1  1  1  1  1  
25        -4100 -5797 1 1 1 0 0 0 0 0 0  12284 2046  0  0  0  0  0  0  0  0  0  1  0  0  1  1  0  0  1  0  1  0  0  0  0  1  0  0  1  1  1  1  1  
26        -4099 -6795 1 0 1 0 0 0 0 0 0  12285 15358 0  0  0  0  0  0  0  0  0  1  0  0  0  0  0  0  1  0  1  0  1  1  1  1  0  1  1  1  1  1  1  
27        -3887 -7204 1 0 0 0 0 0 0 0 0  12497 15358 0  0  0  0  0  0  0  0  0  1  0  0  0  0  0  0  1  0  1  0  0  0  0  1  0  0  1  1  1  1  1  
28        -4099 -7019 1 1 0 0 0 0 0 0 0  12285 7166  0  0  0  0  0  0  0  0  0  1  0  0  1  1  0  0  1  0  1  0  1  1  1  1  0  1  1  1  1  1  1  
29        -4100 -6603 0 1 1 0 0 0 0 0 0  12284 15358 0  0  0  0  0  0  0  0  0  1  0  0  1  0  0  0  1  0  1  0  0  0  0  1  0  0  1  1  1  1  1  
30        -4099 -6666 0 0 1 0 0 0 0 0 0  12285 7166  0  0  0  0  0  0  0  0  0  1  0  0  0  0  0  0  1  0  1  0  1  1  1  1  0  1  1  1  1  1  1  
31        -3464 -6765 0 0 0 0 0 0 0 0 0  12920 2046  0  0  0  0  0  0  0  0  0  1  0  0  1  1  0  0  1  0  1  0  0  0  0  1  0  0  1  1  1  1  1  
32        -3788 -6790 1 1 0 0 0 0 0 0 0  12596 4094  0  0  0  0  0  0  0  0  0  1  0  0  1  1  0  0  1  0  1  0  1  1  1  1  0  1  1  1  1  1  1  
33        -4948 -6845 0 1 1 0 0 0 0 0 0  11436 2046  0  0  0  0  0  0  0  0  0  1  0  0  0  0  0  0  1  0  1  0  0  0  0  1  0  0  1  1  1  1  1  
34        -5667 -6794 0 0 1 0 0 0 0 0 0  10717 2046  0  0  0  0  0  0  0  0  0  1  0  0  1  1  0  0  1  0  1  0  1  1  1  1  0  1  1  1  1  1  1  
35        -4312 -6882 0 0 0 0 0 0 0 0 0  12072 15358 0  0  0  0  0  0  0  0  0  1  0  0  1  1  0  0  1  0  1  0  0  0  0  1  0  0  1  1  1  1  1  
36        -2221 -6930 1 1 0 0 0 0 0 0 0  14163 15358 0  0  0  0  0  0  0  0  0  1  0  0  0  0  0  0  1  0  1  0  1  1  1  1  0  1  1  1  1  1  1  
37        -1    -6949 1 1 1 0 0 0 0 0 0  16383 15358 0  0  0  0  0  0  0  0  0  1  0  0  0  0  0  0  1  0  1  0  0  0  0  1  0  0  1  1  1  1  1  
38        2218  -6774 1 0 1 0 0 0 0 0 0  2218  2046  0  0  0  0  0  0  0  0  0  1  0  0  1  1  0  0  1  0  1  0  1  1  1  1  0  1  1  1  1  1  1  
39        4733  -6891 1 0 0 0 0 0 0 0 0  4733  15358 0  0  0  0  0  0  0  0  0  1  0  0  0  0  0  0  1  0  1  0  0  0  0  1  0  0  1  1  1  1  1  
40        5664  -7299 1 1 0 0 0 0 0 0 0  5664  15358 0  0  0  0  0  0  0  0  0  1  0  0  0  0  0  0  1  0  1  0  1  1  1  1  0  1  1  1  1  1  1  
41        4946  -7594 1 1 1 0 0 0 0 0 0  4946  2046  0  0  0  0  0  0  0  0  0  1  0  0  1  1  0  0  1  0  1  0  0  0  0  1  0  0  1  1  1  1  1  
42        3785  -6401 1 0 1 0 0 0 0 0 0  3785  11262 0  0  0  0  0  0  0  0  0  1  0  0  1  1  0  0  1  0  1  0  1  1  1  1  0  1  1  1  1  1  1  
43        3885  -6411 1 0 0 0 0 0 0 0 0  3885  7166  0  0  0  0  0  0  0  0  0  1  0  0  0  0  0  0  1  0  1  0  0  0  0  1  0  0  1  1  1  1  1  
44        4096  -5637 1 1 0 0 0 0 0 0 0  4096  15358 0  0  0  0  0  0  0  0  0  1  0  0  1  1  0  0  1  0  1  0  1  1  1  1  0  1  1  1  1  1  1  
45        4098  6119  0 1 1 0 0 0 0 0 0  4098  11262 0  0  0  0  0  0  0  0  0  1  0  0  1  1  0  0  1  0  1  0  0  0  0  1  0  0  1  1  1  1  1  
46        4096  6440  0 0 1 0 0 0 0 0 0  4096  15358 0  0  0  0  0  0  0  0  0  1  0  0  0  0  0  0  1  0  1  0  1  1  1  1  0  1  1  1  1  1  1  
47        3885  6868  0 0 0 0 0 0 0 0 0  3885  2046  0  0  0  0  0  0  0  0  0  1  0  0  1  1  0  0  1  0  1  0  0  0  0  1  0  0  1  1  1  1  1  
48        4096  6732  1 1 0 0 0 0 0 0 0  4096  11262 0  0  0  0  0  0  0  0  0  1  0  0  1  1  0  0  1  0  1  0  1  1  1  1  0  1  1  1  1  1  1  
49        4098  6306  1 1 1 0 0 0 0 0 0  4098  6142  0  0  0  0  0  0  0  0  0  1  0  0  0  0  0  0  1  0  1  0  0  0  0  1  0  0  1  1  1  1  1  
50        4096  6369  1 0 1 0 0 0 0 0 0  4096  2046  0  0  0  0  0  0  0  0  0  1  0  0  0  0  0  0  1  0  1  0  1  1  1  1  0  1  1  1  1  1  1  
51        3462  6483  1 0 0 0 0 0 0 0 0  3462  15358 0  0  0  0  0  0  0  0  0  1  0  0  1  1  0  0  1  0  1  0  0  0  0  1  0  0  1  1  1  1  1  
52        3785  6583  1 1 0 0 0 0 0 0 0  3785  10238 0  0  0  0  0  0  0  0  0  1  0  0  0  0  0  0  1  0  1  0  1  1  1  1  0  1  1  1  1  1  1  
53        4946  6577  1 1 1 0 0 0 0 0 0  4946  15358 0  0  0  0  0  0  0  0  0  1  0  0  0  0  0  0  1  0  1  0  0  0  0  1  0  0  1  1  1  1  1  
54        5664  6527  1 0 1 0 0 0 0 0 0  5664  15358 0  0  0  0  0  0  0  0  0  1  0  0  1  1  0  0  1  0  1  0  1  1  1  1  0  1  1  1  1  1  1  
55        4310  6621  1 0 0 0 0 0 0 0 0  4310  15358 0  0  0  0  0  0  0  0  0  1  0  0  1  1  0  0  1  0  1  0  0  0  0  1  0  0  1  1  1  1  1  
56        2218  6677  1 1 0 0 0 0 0 0 0  2218  7166  0  0  0  0  0  0  0  0  0  1  0  0  0  0  0  0  1  0  1  0  1  1  1  1  0  1  1  1  1  1  1  
57        -1    6699  0 1 1 0 0 0 0 0 0  16383 15358 0  0  0  0  0  0  0  0  0  1  0  0  1  1  0  0  1  0  1  0  0  0  0  1  0  0  1  1  1  1  1  
58        -2221 6563  0 0 1 0 0 0 0 0 0  14163 2046  0  0  0  0  0  0  0  0  0  1  0  0  1  1  0  0  1  0  1  0  1  1  1  1  0  1  1  1  1  1  1  
59        -4735 6653  0 0 0 0 0 0 0 0 0  11649 2046  0  0  0  0  0  0  0  0  0  1  0  0  0  0  0  0  1  0  1  0  0  0  0  1  0  0  1  1  1  1  1  
60        -5667 7074  1 1 0 0 0 0 0 0 0  10717 2046  0  0  0  0  0  0  0  0  0  1  0  0  0  1  0  0  1  0  1  0  1  1  1  1  0  1  1  1  1  1  1  
61        -4948 7370  1 1 1 0 0 0 0 0 0  11436 15358 0  0  0  0  0  0  0  0  0  1  0  0  1  1  0  0  1  0  1  0  0  0  0  1  0  0  1  1  1  1  1  
62        -3788 6935  1 0 1 0 0 0 0 0 0  12596 15358 0  0  0  0  0  0  0  0  0  1  0  0  0  0  0  0  1  0  1  0  1  1  1  1  0  1  1  1  1  1  1  
63        -3887 6204  1 0 0 0 0 0 0 0 0  12497 3070  0  0  0  0  0  0  0  0  0  1  0  0  0  0  0  0  1  0  1  0  0  0  0  1  0  0  1  1  1  1  1  
64        -4099 -5424 1 1 0 0 0 0 0 0 0  12285 7166  0  0  0  0  0  0  0  0  0  1  0  0  1  1  0  0  1  0  1  0  1  1  1  1  0  1  1  1  1  1  1  
65        -4100 -5697 1 1 1 0 0 0 0 0 0  12284 2046  0  0  0  0  0  0  0  0  0  1  0  0  1  1  0  0  1  0  1  0  0  0  0  1  0  0  1  1  1  1  1  
66        -4099 -6756 1 0 1 0 0 0 0 0 0  12285 2046  0  0  0  0  0  0  0  0  0  1  0  0  0  0  0  0  1  0  1  0  1  1  1  1  0  1  1  1  1  1  1  
67        -3887 -7189 1 0 0 0 0 0 0 0 0  12497 7166  0  0  0  0  0  0  0  0  0  1  0  0  1  1  0  0  1  0  1  0  0  0  0  1  0  0  1  1  1  1  1  
68        -4099 -6840 1 1 0 0 0 0 0 0 0  12285 12286 0  0  0  0  0  0  0  0  0  1  0  0  1  1  0  0  1  0  1  0  1  1  1  1  0  1  1  1  1  1  1  
69        -4100 -6608 1 1 1 0 0 0 0 0 0  12284 7166  0  0  0  0  0  0  0  0  0  1  0  0  0  0  0  0  1  0  1  0  0  0  0  1  0  0  1  1  1  1  1  
70        -4099 -6662 1 0 1 0 0 0 0 0 0  12285 15358 0  0  0  0  0  0  0  0  0  1  0  0  1  1  0  0  1  0  1  0  1  1  1  1  0  1  1  1  1  1  1  
71        -3464 -6767 1 0 0 0 0 0 0 0 0  12920 7166  0  0  0  0  0  0  0  0  0  1  0  0  1  1  0  0  1  0  1  0  0  0  0  1  0  0  1  1  1  1  1  
72        -3788 -6820 1 1 0 0 0 0 0 0 0  12596 7166  0  0  0  0  0  0  0  0  0  1  0  0  0  0  0  0  1  0  1  0  1  1  1  1  0  1  1  1  1  1  1  
73        -4948 -6844 1 1 1 0 0 0 0 0 0  11436 15358 0  0  0  0  0  0  0  0  0  1  0  0  0  0  0  0  1  0  1  0  0  0  0  1  0  0  1  1  1  1  1  
74        -5667 -6796 1 0 1 0 0 0 0 0 0  10717 2046  0  0  0  0  0  0  0  0  0  1  0  0  1  1  0  0  1  0  1  0  1  1  1  1  0  1  1  1  1  1  1  
75        -4312 -6871 1 0 0 0 0 0 0 0 0  12072 15358 0  0  0  0  0  0  0  0  0  1  0  0  0  0  0  0  1  0  1  0  0  0  0  1  0  0  1  1  1  1  1  
76        -2221 -6926 1 1 0 0 0 0 0 0 0  14163 2046  0  0  0  0  0  0  0  0  0  1  0  0  0  0  0  0  1  0  1  0  1  1  1  1  0  1  1  1  1  1  1  
77        -1    -6942 1 1 1 0 0 0 0 0 0  16383 15358 0  0  0  0  0  0  0  0  0  1  0  0  1  1  0  0  1  0  1  0  0  0  0  1  0  0  1  1  1  1  1  
78        2218  -6787 1 0 1 0 0 0 0 0 0  2218  12286 0  0  0  0  0  0  0  0  0  1  0  0  1  1  0  0  1  0  1  0  1  1  1  1  0  1  1  1  1  1  1  
79        4733  -6882 1 0 0 0 0 0 0 0 0  4733  2046  0  0  0  0  0  0  0  0  0  1  0  0  0  0  0  0  1  0  1  0  0  0  0  1  0  0  1  1  1  1  1  
80        5664  -7313 1 1 0 0 0 0 0 0 0  5664  7166  0  0  0  0  0  0  0  0  0  1  0  0  1  1  0  0  1  0  1  0  1  1  1  1  0  1  1  1  1  1  1  
81        4946  -7601 1 1 1 0 0 0 0 0 0  4946  7166  0  0  0  0  0  0  0  0  0  1  0  0  1  1  0  0  1  0  1  0  0  0  0  1  0  0  1  1  1  1  1  
82        3785  -7169 1 0 1 0 0 0 0 0 0  3785  3070  0  0  0  0  0  0  0  0  0  1  0  0  0  0  0  0  1  0  1  0  1  1  1  1  0  1  1  1  1  1  1  
83        3885  -6438 1 0 0 0 0 0 0 0 0  3885  15358 0  0  0  0  0  0  0  0  0  1  0  0  0  1  0  0  1  0  1  0  0  0  0  1  0  0  1  1  1  1  1  
84        4096  -5722 1 1 0 0 0 0 0 0 0  4096  10238 0  0  0  0  0  0  0  0  0  1  0  0  1  1  0  0  1  0  1  0  1  1  1  1  0  1  1  1  1  1  1  
85        4098  5555  0 1 1 0 0 0 0 0 0  4098  6142  0  0  0  0  0  0  0  0  0  1  0  0  0  0  0  0  1  0  1  0  0  0  0  1  0  0  1  1  1  1  1  
86        4096  6414  0 0 1 0 0 0 0 0 0  4096  15358 0  0  0  0  0  0  0  0  0  1  0  0  0  0  0  0  1  0  1  0  1  1  1  1  0  1  1  1  1  1  1  
87        3885  6861  0 0 0 0 0 0 0 0 0  3885  2046  0  0  0  0  0  0  0  0  0  1  0  0  1  1  0  0  1  0  1  0  0  0  0  1  0  0  1  1  1  1  1  
88        4096  6652  1 1 0 0 0 0 0 0 0  4096  11262 0  0  0  0  0  0  0  0  0  1  0  0  1  0  0  0  1  0  1  0  1  1  1  1  0  1  1  1  1  1  1  
89        4098  6313  0 1 1 0 0 0 0 0 0  4098  15358 0  0  0  0  0  0  0  0  0  1  0  0  0  0  0  0  1  0  1  0  0  0  0  1  0  0  1  1  1  1  1  
90        4096  6365  0 0 1 0 0 0 0 0 0  4096  11262 0  0  0  0  0  0  0  0  0  1  0  0  1  1  0  0  1  0  1  0  1  1  1  1  0  1  1  1  1  1  1  
91        3462  6477  0 0 0 0 0 0 0 0 0  3462  7166  0  0  0  0  0  0  0  0  0  1  0  0  1  1  0  0  1  0  1  0  0  0  0  1  0  0  1  1  1  1  1  
92        3785  6542  1 1 0 0 0 0 0 0 0  3785  15358 0  0  0  0  0  0  0  0  0  1  0  0  0  0  0  0  1  0  1  0  1  1  1  1  0  1  1  1  1  1  1  
93        4946  6574  0 1 1 0 0 0 0 0 0  4946  10238 0  0  0  0  0  0  0  0  0  1  0  0  1  1  0  0  1  0  1  0  0  0  0  1  0  0  1  1  1  1  1  
94        5664  6538  0 0 1 0 0 0 0 0 0  5664  15358 0  0  0  0  0  0  0  0  0  1  0  0  1  1  0  0  1  0  1  0  1  1  1  1  0  1  1  1  1  1  1  
95        4310  6646  0 0 0 0 0 0 0 0 0  4310  15358 0  0  0  0  0  0  0  0  0  1  0  0  0  0  0  0  1  0  1  0  0  0  0  1  0  0  1  1  1  1  1  
96        2218  6671  1 1 0 0 0 0 0 0 0  2218  2046  0  0  0  0  0  0  0  0  0  1  0  0  0  0  0  0  1  0  1  0  1  1  1  1  0  1  1  1  1  1  1  
97        -1    6697  1 1 1 0 0 0 0 0 0  16383 7166  0  0  0  0  0  0  0  0  0  1  0  0  1  1  0  0  1  0  1  0  0  0  0  1  0  0  1  1  1  1  1  
98        -2221 6515  1 0 1 0 0 0 0 0 0  14163 15358 0  0  0  0  0  0  0  0  0  1  0  0  0  0  0  0  1  0  1  0  1  1  1  1  0  1  1  1  1  1  1  
99        -4735 6643  1 0 0 0 0 0 0 0 0  11649 7166  0  0  0  0  0  0  0  0  0  1  0  0  0  0  0  0  1  0  1  0  0  0  0  1  0  0  1  1  1  1  1  
100       -5667 7073  1 1 0 0 0 0 0 0 0  10717 7166  0  0  0  0  0  0  0  0  0  1  0  0  1  1  0  0  1  0  1  0  1  1  1  1  0  1  1  1  1  1  1  
101       -4948 7362  0 1 1 0 0 0 0 0 0  11436 10238 0  0  0  0  0  0  0  0  0  1  0  0  1  1  0  0  1  0  1  0  0  0  0  1  0  0  1  1  1  1  1  
102       -3788 6951  0 0 1 0 0 0 0 0 0  12596 7166  0  0  0  0  0  0  0  0  0  1  0  0  0  0  0  0  1  0  1  0  1  1  1  1  0  1  1  1  1  1  1  
103       -3887 6226  0 0 0 0 0 0 0 0 0  12497 7166  0  0  0  0  0  0  0  0  0  1  0  0  1  1  0  0  1  0  1  0  0  0  0  1  0  0  1  1  1  1  1  
104       -4099 -6709 1 1 0 0 0 0 0 0 0  12285 7166  0  0  0  0  0  0  0  0  0  1  0  0  1  1  0  0  1  0  1  0  1  1  1  1  0  1  1  1  1  1  1  
105       -4100 -5837 1 1 1 0 0 0 0 0 0  12284 11262 0  0  0  0  0  0  0  0  0  1  0  0  0  0  0  0  1  0  1  0  0  0  0  1  0  0  1  1  1  1  1  
106       -4099 -6761 1 0 1 0 0 0 0 0 0  12285 15358 0  0  0  0  0  0  0  0  0  1  0  0  0  1  0  0  1  0  1  0  1  1  1  1  0  1  1  1  1  1  1  
107       -3887 -7190 1 0 0 0 0 0 0 0 0  12497 2046  0  0  0  0  0  0  0  0  0  1  0  0  1  1  0  0  1  0  1  0  0  0  0  1  0  0  1  1  1  1  1  
108       -4099 -7013 1 1 0 0 0 0 0 0 0  12285 15358 0  0  0  0  0  0  0  0  0  1  0  0  0  0  0  0  1  0  1  0  1  1  1  1  0  1  1  1  1  1  1  
109       -4100 -6620 1 1 1 0 0 0 0 0 0  12284 2046  0  0  0  0  0  0  0  0  0  1  0  0  0  0  0  0  1  0  1  0  0  0  0  1  0  0  1  1  1  1  1  
110       -4099 -6660 1 0 1 0 0 0 0 0 0  12285 7166  0  0  0  0  0  0  0  0  0  1  0  0  1  1  0  0  1  0  1  0  1  1  1  1  0  1  1  1  1  1  1  
111       -3464 -6666 1 0 0 0 0 0 0 0 0  12920 6142  0  0  0  0  0  0  0  0  0  1  0  0  1  1  0  0  1  0  1  0  0  0  0  1  0  0  1  1  1  1  1  
