Signal Legend:

Key        Signal Name

0        = DAC_DA
1        = DAC_DB
2        = ADC_DB
3        = DE2_115_ADDA_TOP:U1|lpm_add:lpm|dataa
4        = DE2_115_ADDA_TOP:U1|lpm_add:lpm|datab

Data Table:

Signals-> 0     1     2     3    4    

sample

-256      5080  5080  7222  3802 4096 
-255      7898  7898  8855  2554 8191 
-254      10745 10745 8855  1458 4096 
-253      5554  5554  5566  620  1    
-252      621   621   5566  121  4096 
-251      4217  4217  7976  12   8191 
-250      8203  8203  7976  303  4096 
-249      4399  4399  5761  965  1    
-248      966   966   5761  1933 4096 
-247      6029  6029  9181  3113 8191 
-246      11304 11304 9181  4390 4096 
-245      8486  8486  7548  5638 1    
-244      5639  5639  7548  6734 4096 
-243      10830 10830 10828 7572 8191 
-242      15763 15763 10828 8071 4096 
-241      12167 12167 8436  8180 1    
-240      8181  8181  8436  7889 4096 
-239      11985 11985 10637 7227 8191 
-238      15418 15418 10637 6259 4096 
-237      10355 10355 7221  5079 1    
-236      5080  5080  7221  3802 4096 
-235      7898  7898  8854  2554 8191 
-234      10745 10745 8854  1458 4096 
-233      5554  5554  5567  620  1    
-232      621   621   5567  121  4096 
-231      4217  4217  7976  12   8191 
-230      8203  8203  7976  303  4096 
-229      4399  4399  5762  965  1    
-228      966   966   5762  1933 4096 
-227      6029  6029  9185  3113 8191 
-226      11304 11304 9185  4390 4096 
-225      8486  8486  7548  5638 1    
-224      5639  5639  7548  6734 4096 
-223      10830 10830 10828 7572 8191 
-222      15763 15763 10828 8071 4096 
-221      12167 12167 8436  8180 1    
-220      8181  8181  8436  7889 4096 
-219      11985 11985 10635 7227 8191 
-218      15418 15418 10635 6259 4096 
-217      10355 10355 7220  5079 1    
-216      5080  5080  7220  3802 4096 
-215      7898  7898  8850  2554 8191 
-214      10745 10745 8850  1458 4096 
-213      5554  5554  5568  620  1    
-212      621   621   5568  121  4096 
-211      4217  4217  7977  12   8191 
-210      8203  8203  7977  303  4096 
-209      4399  4399  5760  965  1    
-208      966   966   5760  1933 4096 
-207      6029  6029  9181  3113 8191 
-206      11304 11304 9181  4390 4096 
-205      8486  8486  7547  5638 1    
-204      5639  5639  7547  6734 4096 
-203      10830 10830 10827 7572 8191 
-202      15763 15763 10827 8071 4096 
-201      12167 12167 8434  8180 1    
-200      8181  8181  8434  7889 4096 
-199      11985 11985 10636 7227 8191 
-198      15418 15418 10636 6259 4096 
-197      10355 10355 7224  5079 1    
-196      5080  5080  7224  3802 4096 
-195      7898  7898  8852  2554 8191 
-194      10745 10745 8852  1458 4096 
-193      5554  5554  5571  620  1    
-192      621   621   5571  121  4096 
-191      4217  4217  7977  12   8191 
-190      8203  8203  7977  303  4096 
-189      4399  4399  5763  965  1    
-188      966   966   5763  1933 4096 
-187      6029  6029  9183  3113 8191 
-186      11304 11304 9183  4390 4096 
-185      8486  8486  7546  5638 1    
-184      5639  5639  7546  6734 4096 
-183      10830 10830 10829 7572 8191 
-182      15763 15763 10829 8071 4096 
-181      12167 12167 8433  8180 1    
-180      8181  8181  8433  7889 4096 
-179      11985 11985 10635 7227 8191 
-178      15418 15418 10635 6259 4096 
-177      10355 10355 7221  5079 1    
-176      5080  5080  7221  3802 4096 
-175      7898  7898  8855  2554 8191 
-174      10745 10745 8855  1458 4096 
-173      5554  5554  5568  620  1    
-172      621   621   5568  121  4096 
-171      4217  4217  7975  12   8191 
-170      8203  8203  7975  303  4096 
-169      4399  4399  5763  965  1    
-168      966   966   5763  1933 4096 
-167      6029  6029  9181  3113 8191 
-166      11304 11304 9181  4390 4096 
-165      8486  8486  7549  5638 1    
-164      5639  5639  7549  6734 4096 
-163      10830 10830 10829 7572 8191 
-162      15763 15763 10829 8071 4096 
-161      12167 12167 8438  8180 1    
-160      8181  8181  8438  7889 4096 
-159      11985 11985 10635 7227 8191 
-158      15418 15418 10635 6259 4096 
-157      10355 10355 7225  5079 1    
-156      5080  5080  7225  3802 4096 
-155      7898  7898  8855  2554 8191 
-154      10745 10745 8855  1458 4096 
-153      5554  5554  5568  620  1    
-152      621   621   5568  121  4096 
-151      4217  4217  7977  12   8191 
-150      8203  8203  7977  303  4096 
-149      4399  4399  5761  965  1    
-148      966   966   5761  1933 4096 
-147      6029  6029  9182  3113 8191 
-146      11304 11304 9182  4390 4096 
-145      8486  8486  7548  5638 1    
-144      5639  5639  7548  6734 4096 
-143      10830 10830 10826 7572 8191 
-142      15763 15763 10826 8071 4096 
-141      12167 12167 8434  8180 1    
-140      8181  8181  8434  7889 4096 
-139      11985 11985 10633 7227 8191 
-138      15418 15418 10633 6259 4096 
-137      10355 10355 7224  5079 1    
-136      5080  5080  7224  3802 4096 
-135      7898  7898  8853  2554 8191 
-134      10745 10745 8853  1458 4096 
-133      5554  5554  5568  620  1    
-132      621   621   5568  121  4096 
-131      4217  4217  7974  12   8191 
-130      8203  8203  7974  303  4096 
-129      4399  4399  5759  965  1    
-128      966   966   5759  1933 4096 
-127      6029  6029  9182  3113 8191 
-126      11304 11304 9182  4390 4096 
-125      8486  8486  7548  5638 1    
-124      5639  5639  7548  6734 4096 
-123      10830 10830 10826 7572 8191 
-122      15763 15763 10826 8071 4096 
-121      12167 12167 8436  8180 1    
-120      8181  8181  8436  7889 4096 
-119      11985 11985 10635 7227 8191 
-118      15418 15418 10635 6259 4096 
-117      10355 10355 7224  5079 1    
-116      5080  5080  7224  3802 4096 
-115      7898  7898  8853  2554 8191 
-114      10745 10745 8853  1458 4096 
-113      5554  5554  5566  620  1    
-112      621   621   5566  121  4096 
-111      4217  4217  7974  12   8191 
-110      8203  8203  7974  303  4096 
-109      4399  4399  5760  965  1    
-108      966   966   5760  1933 4096 
-107      6029  6029  9181  3113 8191 
-106      11304 11304 9181  4390 4096 
-105      8486  8486  7547  5638 1    
-104      5639  5639  7547  6734 4096 
-103      10830 10830 10827 7572 8191 
-102      15763 15763 10827 8071 4096 
-101      12167 12167 8436  8180 1    
-100      8181  8181  8436  7889 4096 
-99       11985 11985 10633 7227 8191 
-98       15418 15418 10633 6259 4096 
-97       10355 10355 7221  5079 1    
-96       5080  5080  7221  3802 4096 
-95       7898  7898  8851  2554 8191 
-94       10745 10745 8851  1458 4096 
-93       5554  5554  5571  620  1    
-92       621   621   5571  121  4096 
-91       4217  4217  7975  12   8191 
-90       8203  8203  7975  303  4096 
-89       4399  4399  5761  965  1    
-88       966   966   5761  1933 4096 
-87       6029  6029  9182  3113 8191 
-86       11304 11304 9182  4390 4096 
-85       8486  8486  7548  5638 1    
-84       5639  5639  7548  6734 4096 
-83       10830 10830 10830 7572 8191 
-82       15763 15763 10830 8071 4096 
-81       12167 12167 8436  8180 1    
-80       8181  8181  8436  7889 4096 
-79       11985 11985 10634 7227 8191 
-78       15418 15418 10634 6259 4096 
-77       10355 10355 7225  5079 1    
-76       5080  5080  7225  3802 4096 
-75       7898  7898  8852  2554 8191 
-74       10745 10745 8852  1458 4096 
-73       5554  5554  5567  620  1    
-72       621   621   5567  121  4096 
-71       4217  4217  7976  12   8191 
-70       8203  8203  7976  303  4096 
-69       4399  4399  5764  965  1    
-68       966   966   5764  1933 4096 
-67       6029  6029  9183  3113 8191 
-66       11304 11304 9183  4390 4096 
-65       8486  8486  7546  5638 1    
-64       5639  5639  7546  6734 4096 
-63       10830 10830 10828 7572 8191 
-62       15763 15763 10828 8071 4096 
-61       12167 12167 8435  8180 1    
-60       8181  8181  8435  7889 4096 
-59       11985 11985 10635 7227 8191 
-58       15418 15418 10635 6259 4096 
-57       10355 10355 7223  5079 1    
-56       5080  5080  7223  3802 4096 
-55       7898  7898  8850  2554 8191 
-54       10745 10745 8850  1458 4096 
-53       5554  5554  5565  620  1    
-52       621   621   5565  121  4096 
-51       4217  4217  7974  12   8191 
-50       8203  8203  7974  303  4096 
-49       4399  4399  5764  965  1    
-48       966   966   5764  1933 4096 
-47       6029  6029  9178  3113 8191 
-46       11304 11304 9178  4390 4096 
-45       8486  8486  7550  5638 1    
-44       5639  5639  7550  6734 4096 
-43       10830 10830 10829 7572 8191 
-42       15763 15763 10829 8071 4096 
-41       12167 12167 8434  8180 1    
-40       8181  8181  8434  7889 4096 
-39       11985 11985 10635 7227 8191 
-38       15418 15418 10635 6259 4096 
-37       10355 10355 7222  5079 1    
-36       5080  5080  7222  3802 4096 
-35       7898  7898  8851  2554 8191 
-34       10745 10745 8851  1458 4096 
-33       5554  5554  5568  620  1    
-32       621   621   5568  121  4096 
-31       4217  4217  7973  12   8191 
-30       8203  8203  7973  303  4096 
-29       4399  4399  5762  965  1    
-28       966   966   5762  1933 4096 
-27       6029  6029  9182  3113 8191 
-26       11304 11304 9182  4390 4096 
-25       8486  8486  7546  5638 1    
-24       5639  5639  7546  6734 4096 
-23       10830 10830 10828 7572 8191 
-22       15763 15763 10828 8071 4096 
-21       12167 12167 8436  8180 1    
-20       8181  8181  8436  7889 4096 
-19       11985 11985 10634 7227 8191 
-18       15418 15418 10634 6259 4096 
-17       10355 10355 7223  5079 1    
-16       5080  5080  7223  3802 4096 
-15       7898  7898  8851  2554 8191 
-14       10745 10745 8851  1458 4096 
-13       5554  5554  5565  620  1    
-12       621   621   5565  121  4096 
-11       4217  4217  7975  12   8191 
-10       8203  8203  7975  303  4096 
-9        4399  4399  5762  965  1    
-8        966   966   5762  1933 4096 
-7        6029  6029  9183  3113 8191 
-6        11304 11304 9183  4390 4096 
-5        8486  8486  7546  5638 1    
-4        5639  5639  7546  6734 4096 
-3        10830 10830 10826 7572 8191 
-2        15763 15763 10826 8071 4096 
-1        12167 12167 8433  8180 1    
0         8181  8181  8433  7889 4096 
1         11985 11985 10635 7227 8191 
2         15418 15418 10635 6259 4096 
3         10355 10355 7221  5079 1    
4         5080  5080  7221  3802 4096 
5         7898  7898  8854  2554 8191 
6         10745 10745 8854  1458 4096 
7         5554  5554  5567  620  1    
8         621   621   5567  121  4096 
9         4217  4217  7976  12   8191 
10        8203  8203  7976  303  4096 
11        4399  4399  5763  965  1    
12        966   966   5763  1933 4096 
13        6029  6029  9182  3113 8191 
14        11304 11304 9182  4390 4096 
15        8486  8486  7545  5638 1    
16        5639  5639  7545  6734 4096 
17        10830 10830 10828 7572 8191 
18        15763 15763 10828 8071 4096 
19        12167 12167 8435  8180 1    
20        8181  8181  8435  7889 4096 
21        11985 11985 10637 7227 8191 
22        15418 15418 10637 6259 4096 
23        10355 10355 7222  5079 1    
24        5080  5080  7222  3802 4096 
25        7898  7898  8851  2554 8191 
26        10745 10745 8851  1458 4096 
27        5554  5554  5566  620  1    
28        621   621   5566  121  4096 
29        4217  4217  7975  12   8191 
30        8203  8203  7975  303  4096 
31        4399  4399  5761  965  1    
32        966   966   5761  1933 4096 
33        6029  6029  9180  3113 8191 
34        11304 11304 9180  4390 4096 
35        8486  8486  7547  5638 1    
36        5639  5639  7547  6734 4096 
37        10830 10830 10828 7572 8191 
38        15763 15763 10828 8071 4096 
39        12167 12167 8435  8180 1    
40        8181  8181  8435  7889 4096 
41        11985 11985 10637 7227 8191 
42        15418 15418 10637 6259 4096 
43        10355 10355 7221  5079 1    
44        5080  5080  7221  3802 4096 
45        7898  7898  8851  2554 8191 
46        10745 10745 8851  1458 4096 
47        5554  5554  5569  620  1    
48        621   621   5569  121  4096 
49        4217  4217  7975  12   8191 
50        8203  8203  7975  303  4096 
51        4399  4399  5761  965  1    
52        966   966   5761  1933 4096 
53        6029  6029  9182  3113 8191 
54        11304 11304 9182  4390 4096 
55        8486  8486  7546  5638 1    
56        5639  5639  7546  6734 4096 
57        10830 10830 10832 7572 8191 
58        15763 15763 10832 8071 4096 
59        12167 12167 8435  8180 1    
60        8181  8181  8435  7889 4096 
61        11985 11985 10636 7227 8191 
62        15418 15418 10636 6259 4096 
63        10355 10355 7222  5079 1    
64        5080  5080  7222  3802 4096 
65        7898  7898  8851  2554 8191 
66        10745 10745 8851  1458 4096 
67        5554  5554  5567  620  1    
68        621   621   5567  121  4096 
69        4217  4217  7976  12   8191 
70        8203  8203  7976  303  4096 
71        4399  4399  5759  965  1    
72        966   966   5759  1933 4096 
73        6029  6029  9182  3113 8191 
74        11304 11304 9182  4390 4096 
75        8486  8486  7544  5638 1    
76        5639  5639  7544  6734 4096 
77        10830 10830 10826 7572 8191 
78        15763 15763 10826 8071 4096 
79        12167 12167 8435  8180 1    
80        8181  8181  8435  7889 4096 
81        11985 11985 10637 7227 8191 
82        15418 15418 10637 6259 4096 
83        10355 10355 7220  5079 1    
84        5080  5080  7220  3802 4096 
85        7898  7898  8853  2554 8191 
86        10745 10745 8853  1458 4096 
87        5554  5554  5564  620  1    
88        621   621   5564  121  4096 
89        4217  4217  7975  12   8191 
90        8203  8203  7975  303  4096 
91        4399  4399  5762  965  1    
92        966   966   5762  1933 4096 
93        6029  6029  9182  3113 8191 
94        11304 11304 9182  4390 4096 
95        8486  8486  7546  5638 1    
96        5639  5639  7546  6734 4096 
97        10830 10830 10827 7572 8191 
98        15763 15763 10827 8071 4096 
99        12167 12167 8434  8180 1    
100       8181  8181  8434  7889 4096 
101       11985 11985 10634 7227 8191 
102       15418 15418 10634 6259 4096 
103       10355 10355 7219  5079 1    
104       5080  5080  7219  3802 4096 
105       7898  7898  8853  2554 8191 
106       10745 10745 8853  1458 4096 
107       5554  5554  5567  620  1    
108       621   621   5567  121  4096 
109       4217  4217  7977  12   8191 
110       8203  8203  7977  303  4096 
111       4399  4399  5763  965  1    
112       966   966   5763  1933 4096 
113       6029  6029  9182  3113 8191 
114       11304 11304 9182  4390 4096 
115       8486  8486  7548  5638 1    
116       5639  5639  7548  6734 4096 
117       10830 10830 10830 7572 8191 
118       15763 15763 10830 8071 4096 
119       12167 12167 8434  8180 1    
120       8181  8181  8434  7889 4096 
121       11985 11985 10636 7227 8191 
122       15418 15418 10636 6259 4096 
123       10355 10355 7220  5079 1    
124       5080  5080  7220  3802 4096 
125       7898  7898  8853  2554 8191 
126       10745 10745 8853  1458 4096 
127       5554  5554  5570  620  1    
128       621   621   5570  121  4096 
129       4217  4217  7975  12   8191 
130       8203  8203  7975  303  4096 
131       4399  4399  5761  965  1    
132       966   966   5761  1933 4096 
133       6029  6029  9183  3113 8191 
134       11304 11304 9183  4390 4096 
135       8486  8486  7546  5638 1    
136       5639  5639  7546  6734 4096 
137       10830 10830 10828 7572 8191 
138       15763 15763 10828 8071 4096 
139       12167 12167 8434  8180 1    
140       8181  8181  8434  7889 4096 
141       11985 11985 10638 7227 8191 
142       15418 15418 10638 6259 4096 
143       10355 10355 7220  5079 1    
144       5080  5080  7220  3802 4096 
145       7898  7898  8853  2554 8191 
146       10745 10745 8853  1458 4096 
147       5554  5554  5568  620  1    
148       621   621   5568  121  4096 
149       4217  4217  7976  12   8191 
150       8203  8203  7976  303  4096 
151       4399  4399  5765  965  1    
152       966   966   5765  1933 4096 
153       6029  6029  9183  3113 8191 
154       11304 11304 9183  4390 4096 
155       8486  8486  7546  5638 1    
156       5639  5639  7546  6734 4096 
157       10830 10830 10828 7572 8191 
158       15763 15763 10828 8071 4096 
159       12167 12167 8434  8180 1    
160       8181  8181  8434  7889 4096 
161       11985 11985 10635 7227 8191 
162       15418 15418 10635 6259 4096 
163       10355 10355 7223  5079 1    
164       5080  5080  7223  3802 4096 
165       7898  7898  8852  2554 8191 
166       10745 10745 8852  1458 4096 
167       5554  5554  5565  620  1    
168       621   621   5565  121  4096 
169       4217  4217  7977  12   8191 
170       8203  8203  7977  303  4096 
171       4399  4399  5761  965  1    
172       966   966   5761  1933 4096 
173       6029  6029  9183  3113 8191 
174       11304 11304 9183  4390 4096 
175       8486  8486  7545  5638 1    
176       5639  5639  7545  6734 4096 
177       10830 10830 10828 7572 8191 
178       15763 15763 10828 8071 4096 
179       12167 12167 8434  8180 1    
180       8181  8181  8434  7889 4096 
181       11985 11985 10633 7227 8191 
182       15418 15418 10633 6259 4096 
183       10355 10355 7220  5079 1    
184       5080  5080  7220  3802 4096 
185       7898  7898  8853  2554 8191 
186       10745 10745 8853  1458 4096 
187       5554  5554  5566  620  1    
188       621   621   5566  121  4096 
189       4217  4217  7974  12   8191 
190       8203  8203  7974  303  4096 
191       4399  4399  5761  965  1    
192       966   966   5761  1933 4096 
193       6029  6029  9182  3113 8191 
194       11304 11304 9182  4390 4096 
195       8486  8486  7548  5638 1    
196       5639  5639  7548  6734 4096 
197       10830 10830 10827 7572 8191 
198       15763 15763 10827 8071 4096 
199       12167 12167 8436  8180 1    
200       8181  8181  8436  7889 4096 
201       11985 11985 10635 7227 8191 
202       15418 15418 10635 6259 4096 
203       10355 10355 7220  5079 1    
204       5080  5080  7220  3802 4096 
205       7898  7898  8852  2554 8191 
206       10745 10745 8852  1458 4096 
207       5554  5554  5566  620  1    
208       621   621   5566  121  4096 
209       4217  4217  7974  12   8191 
210       8203  8203  7974  303  4096 
211       4399  4399  5762  965  1    
212       966   966   5762  1933 4096 
213       6029  6029  9182  3113 8191 
214       11304 11304 9182  4390 4096 
215       8486  8486  7549  5638 1    
216       5639  5639  7549  6734 4096 
217       10830 10830 10825 7572 8191 
218       15763 15763 10825 8071 4096 
219       12167 12167 8436  8180 1    
220       8181  8181  8436  7889 4096 
221       11985 11985 10636 7227 8191 
222       15418 15418 10636 6259 4096 
223       10355 10355 7220  5079 1    
224       5080  5080  7220  3802 4096 
225       7898  7898  8852  2554 8191 
226       10745 10745 8852  1458 4096 
227       5554  5554  5566  620  1    
228       621   621   5566  121  4096 
229       4217  4217  7976  12   8191 
230       8203  8203  7976  303  4096 
231       4399  4399  5760  965  1    
232       966   966   5760  1933 4096 
233       6029  6029  9180  3113 8191 
234       11304 11304 9180  4390 4096 
235       8486  8486  7545  5638 1    
236       5639  5639  7545  6734 4096 
237       10830 10830 10827 7572 8191 
238       15763 15763 10827 8071 4096 
239       12167 12167 8434  8180 1    
240       8181  8181  8434  7889 4096 
241       11985 11985 10636 7227 8191 
242       15418 15418 10636 6259 4096 
243       10355 10355 7221  5079 1    
244       5080  5080  7221  3802 4096 
245       7898  7898  8850  2554 8191 
246       10745 10745 8850  1458 4096 
247       5554  5554  5568  620  1    
248       621   621   5568  121  4096 
249       4217  4217  7976  12   8191 
250       8203  8203  7976  303  4096 
251       4399  4399  5763  965  1    
252       966   966   5763  1933 4096 
253       6029  6029  9181  3113 8191 
254       11304 11304 9181  4390 4096 
255       8486  8486  7547  5638 1    
256       5639  5639  7547  6734 4096 
257       10830 10830 10826 7572 8191 
258       15763 15763 10826 8071 4096 
259       12167 12167 8434  8180 1    
260       8181  8181  8434  7889 4096 
261       11985 11985 10630 7227 8191 
262       15418 15418 10630 6259 4096 
263       10355 10355 7223  5079 1    
264       5080  5080  7223  3802 4096 
265       7898  7898  8854  2554 8191 
266       10745 10745 8854  1458 4096 
267       5554  5554  5565  620  1    
268       621   621   5565  121  4096 
269       4217  4217  7975  12   8191 
270       8203  8203  7975  303  4096 
271       4399  4399  5764  965  1    
272       966   966   5764  1933 4096 
273       6029  6029  9182  3113 8191 
274       11304 11304 9182  4390 4096 
275       8486  8486  7547  5638 1    
276       5639  5639  7547  6734 4096 
277       10830 10830 10825 7572 8191 
278       15763 15763 10825 8071 4096 
279       12167 12167 8435  8180 1    
280       8181  8181  8435  7889 4096 
281       11985 11985 10634 7227 8191 
282       15418 15418 10634 6259 4096 
283       10355 10355 7220  5079 1    
284       5080  5080  7220  3802 4096 
285       7898  7898  8852  2554 8191 
286       10745 10745 8852  1458 4096 
287       5554  5554  5569  620  1    
288       621   621   5569  121  4096 
289       4217  4217  7976  12   8191 
290       8203  8203  7976  303  4096 
291       4399  4399  5761  965  1    
292       966   966   5761  1933 4096 
293       6029  6029  9181  3113 8191 
294       11304 11304 9181  4390 4096 
295       8486  8486  7546  5638 1    
296       5639  5639  7546  6734 4096 
297       10830 10830 10826 7572 8191 
298       15763 15763 10826 8071 4096 
299       12167 12167 8436  8180 1    
300       8181  8181  8436  7889 4096 
301       11985 11985 10633 7227 8191 
302       15418 15418 10633 6259 4096 
303       10355 10355 7222  5079 1    
304       5080  5080  7222  3802 4096 
305       7898  7898  8849  2554 8191 
306       10745 10745 8849  1458 4096 
307       5554  5554  5567  620  1    
308       621   621   5567  121  4096 
309       4217  4217  7974  12   8191 
310       8203  8203  7974  303  4096 
311       4399  4399  5763  965  1    
312       966   966   5763  1933 4096 
313       6029  6029  9181  3113 8191 
314       11304 11304 9181  4390 4096 
315       8486  8486  7547  5638 1    
316       5639  5639  7547  6734 4096 
317       10830 10830 10825 7572 8191 
318       15763 15763 10825 8071 4096 
319       12167 12167 8435  8180 1    
320       8181  8181  8435  7889 4096 
321       11985 11985 10632 7227 8191 
322       15418 15418 10632 6259 4096 
323       10355 10355 7222  5079 1    
324       5080  5080  7222  3802 4096 
325       7898  7898  8849  2554 8191 
326       10745 10745 8849  1458 4096 
327       5554  5554  5569  620  1    
328       621   621   5569  121  4096 
329       4217  4217  7973  12   8191 
330       8203  8203  7973  303  4096 
331       4399  4399  5763  965  1    
332       966   966   5763  1933 4096 
333       6029  6029  9180  3113 8191 
334       11304 11304 9180  4390 4096 
335       8486  8486  7546  5638 1    
336       5639  5639  7546  6734 4096 
337       10830 10830 10824 7572 8191 
338       15763 15763 10824 8071 4096 
339       12167 12167 8435  8180 1    
340       8181  8181  8435  7889 4096 
341       11985 11985 10634 7227 8191 
342       15418 15418 10634 6259 4096 
343       10355 10355 7222  5079 1    
344       5080  5080  7222  3802 4096 
345       7898  7898  8852  2554 8191 
346       10745 10745 8852  1458 4096 
347       5554  5554  5568  620  1    
348       621   621   5568  121  4096 
349       4217  4217  7976  12   8191 
350       8203  8203  7976  303  4096 
351       4399  4399  5762  965  1    
352       966   966   5762  1933 4096 
353       6029  6029  9179  3113 8191 
354       11304 11304 9179  4390 4096 
355       8486  8486  7547  5638 1    
356       5639  5639  7547  6734 4096 
357       10830 10830 10826 7572 8191 
358       15763 15763 10826 8071 4096 
359       12167 12167 8437  8180 1    
360       8181  8181  8437  7889 4096 
361       11985 11985 10632 7227 8191 
362       15418 15418 10632 6259 4096 
363       10355 10355 7223  5079 1    
364       5080  5080  7223  3802 4096 
365       7898  7898  8849  2554 8191 
366       10745 10745 8849  1458 4096 
367       5554  5554  5567  620  1    
368       621   621   5567  121  4096 
369       4217  4217  7974  12   8191 
370       8203  8203  7974  303  4096 
371       4399  4399  5764  965  1    
372       966   966   5764  1933 4096 
373       6029  6029  9180  3113 8191 
374       11304 11304 9180  4390 4096 
375       8486  8486  7550  5638 1    
376       5639  5639  7550  6734 4096 
377       10830 10830 10825 7572 8191 
378       15763 15763 10825 8071 4096 
379       12167 12167 8435  8180 1    
380       8181  8181  8435  7889 4096 
381       11985 11985 10631 7227 8191 
382       15418 15418 10631 6259 4096 
383       10355 10355 7224  5079 1    
384       5080  5080  7224  3802 4096 
385       7898  7898  8847  2554 8191 
386       10745 10745 8847  1458 4096 
387       5554  5554  5567  620  1    
388       621   621   5567  121  4096 
389       4217  4217  7975  12   8191 
390       8203  8203  7975  303  4096 
391       4399  4399  5761  965  1    
392       966   966   5761  1933 4096 
393       6029  6029  9180  3113 8191 
394       11304 11304 9180  4390 4096 
395       8486  8486  7549  5638 1    
396       5639  5639  7549  6734 4096 
397       10830 10830 10824 7572 8191 
398       15763 15763 10824 8071 4096 
399       12167 12167 8437  8180 1    
400       8181  8181  8437  7889 4096 
401       11985 11985 10632 7227 8191 
402       15418 15418 10632 6259 4096 
403       10355 10355 7221  5079 1    
404       5080  5080  7221  3802 4096 
405       7898  7898  8852  2554 8191 
406       10745 10745 8852  1458 4096 
407       5554  5554  5570  620  1    
408       621   621   5570  121  4096 
409       4217  4217  7973  12   8191 
410       8203  8203  7973  303  4096 
411       4399  4399  5762  965  1    
412       966   966   5762  1933 4096 
413       6029  6029  9179  3113 8191 
414       11304 11304 9179  4390 4096 
415       8486  8486  7548  5638 1    
416       5639  5639  7548  6734 4096 
417       10830 10830 10826 7572 8191 
418       15763 15763 10826 8071 4096 
419       12167 12167 8436  8180 1    
420       8181  8181  8436  7889 4096 
421       11985 11985 10633 7227 8191 
422       15418 15418 10633 6259 4096 
423       10355 10355 7223  5079 1    
424       5080  5080  7223  3802 4096 
425       7898  7898  8852  2554 8191 
426       10745 10745 8852  1458 4096 
427       5554  5554  5569  620  1    
428       621   621   5569  121  4096 
429       4217  4217  7976  12   8191 
430       8203  8203  7976  303  4096 
431       4399  4399  5761  965  1    
432       966   966   5761  1933 4096 
433       6029  6029  9182  3113 8191 
434       11304 11304 9182  4390 4096 
435       8486  8486  7551  5638 1    
436       5639  5639  7551  6734 4096 
437       10830 10830 10827 7572 8191 
438       15763 15763 10827 8071 4096 
439       12167 12167 8434  8180 1    
440       8181  8181  8434  7889 4096 
441       11985 11985 10632 7227 8191 
442       15418 15418 10632 6259 4096 
443       10355 10355 7224  5079 1    
444       5080  5080  7224  3802 4096 
445       7898  7898  8853  2554 8191 
446       10745 10745 8853  1458 4096 
447       5554  5554  5568  620  1    
448       621   621   5568  121  4096 
449       4217  4217  7973  12   8191 
450       8203  8203  7973  303  4096 
451       4399  4399  5762  965  1    
452       966   966   5762  1933 4096 
453       6029  6029  9180  3113 8191 
454       11304 11304 9180  4390 4096 
455       8486  8486  7547  5638 1    
456       5639  5639  7547  6734 4096 
457       10830 10830 10823 7572 8191 
458       15763 15763 10823 8071 4096 
459       12167 12167 8435  8180 1    
460       8181  8181  8435  7889 4096 
461       11985 11985 10632 7227 8191 
462       15418 15418 10632 6259 4096 
463       10355 10355 7225  5079 1    
464       5080  5080  7225  3802 4096 
465       7898  7898  8851  2554 8191 
466       10745 10745 8851  1458 4096 
467       5554  5554  5570  620  1    
468       621   621   5570  121  4096 
469       4217  4217  7973  12   8191 
470       8203  8203  7973  303  4096 
471       4399  4399  5763  965  1    
472       966   966   5763  1933 4096 
473       6029  6029  9182  3113 8191 
474       11304 11304 9182  4390 4096 
475       8486  8486  7545  5638 1    
476       5639  5639  7545  6734 4096 
477       10830 10830 10825 7572 8191 
478       15763 15763 10825 8071 4096 
479       12167 12167 8434  8180 1    
480       8181  8181  8434  7889 4096 
481       11985 11985 10631 7227 8191 
482       15418 15418 10631 6259 4096 
483       10355 10355 7224  5079 1    
484       5080  5080  7224  3802 4096 
485       7898  7898  8853  2554 8191 
486       10745 10745 8853  1458 4096 
487       5554  5554  5570  620  1    
488       621   621   5570  121  4096 
489       4217  4217  7974  12   8191 
490       8203  8203  7974  303  4096 
491       4399  4399  5763  965  1    
492       966   966   5763  1933 4096 
493       6029  6029  9180  3113 8191 
494       11304 11304 9180  4390 4096 
495       8486  8486  7548  5638 1    
496       5639  5639  7548  6734 4096 
497       10830 10830 10825 7572 8191 
498       15763 15763 10825 8071 4096 
499       12167 12167 8436  8180 1    
500       8181  8181  8436  7889 4096 
501       11985 11985 10632 7227 8191 
502       15418 15418 10632 6259 4096 
503       10355 10355 7223  5079 1    
504       5080  5080  7223  3802 4096 
505       7898  7898  8851  2554 8191 
506       10745 10745 8851  1458 4096 
507       5554  5554  5566  620  1    
508       621   621   5566  121  4096 
509       4217  4217  7974  12   8191 
510       8203  8203  7974  303  4096 
511       4399  4399  5761  965  1    
512       966   966   5761  1933 4096 
513       6029  6029  9181  3113 8191 
514       11304 11304 9181  4390 4096 
515       8486  8486  7548  5638 1    
516       5639  5639  7548  6734 4096 
517       10830 10830 10826 7572 8191 
518       15763 15763 10826 8071 4096 
519       12167 12167 8435  8180 1    
520       8181  8181  8435  7889 4096 
521       11985 11985 10633 7227 8191 
522       15418 15418 10633 6259 4096 
523       10355 10355 7223  5079 1    
524       5080  5080  7223  3802 4096 
525       7898  7898  8851  2554 8191 
526       10745 10745 8851  1458 4096 
527       5554  5554  5568  620  1    
528       621   621   5568  121  4096 
529       4217  4217  7973  12   8191 
530       8203  8203  7973  303  4096 
531       4399  4399  5761  965  1    
532       966   966   5761  1933 4096 
533       6029  6029  9179  3113 8191 
534       11304 11304 9179  4390 4096 
535       8486  8486  7545  5638 1    
536       5639  5639  7545  6734 4096 
537       10830 10830 10824 7572 8191 
538       15763 15763 10824 8071 4096 
539       12167 12167 8435  8180 1    
540       8181  8181  8435  7889 4096 
541       11985 11985 10631 7227 8191 
542       15418 15418 10631 6259 4096 
543       10355 10355 7225  5079 1    
544       5080  5080  7225  3802 4096 
545       7898  7898  8854  2554 8191 
546       10745 10745 8854  1458 4096 
547       5554  5554  5568  620  1    
548       621   621   5568  121  4096 
549       4217  4217  7972  12   8191 
550       8203  8203  7972  303  4096 
551       4399  4399  5762  965  1    
552       966   966   5762  1933 4096 
553       6029  6029  9179  3113 8191 
554       11304 11304 9179  4390 4096 
555       8486  8486  7547  5638 1    
556       5639  5639  7547  6734 4096 
557       10830 10830 10826 7572 8191 
558       15763 15763 10826 8071 4096 
559       12167 12167 8436  8180 1    
560       8181  8181  8436  7889 4096 
561       11985 11985 10632 7227 8191 
562       15418 15418 10632 6259 4096 
563       10355 10355 7222  5079 1    
564       5080  5080  7222  3802 4096 
565       7898  7898  8849  2554 8191 
566       10745 10745 8849  1458 4096 
567       5554  5554  5567  620  1    
568       621   621   5567  121  4096 
569       4217  4217  7971  12   8191 
570       8203  8203  7971  303  4096 
571       4399  4399  5759  965  1    
572       966   966   5759  1933 4096 
573       6029  6029  9180  3113 8191 
574       11304 11304 9180  4390 4096 
575       8486  8486  7549  5638 1    
576       5639  5639  7549  6734 4096 
577       10830 10830 10823 7572 8191 
578       15763 15763 10823 8071 4096 
579       12167 12167 8433  8180 1    
580       8181  8181  8433  7889 4096 
581       11985 11985 10634 7227 8191 
582       15418 15418 10634 6259 4096 
583       10355 10355 7221  5079 1    
584       5080  5080  7221  3802 4096 
585       7898  7898  8853  2554 8191 
586       10745 10745 8853  1458 4096 
587       5554  5554  5565  620  1    
588       621   621   5565  121  4096 
589       4217  4217  7973  12   8191 
590       8203  8203  7973  303  4096 
591       4399  4399  5761  965  1    
592       966   966   5761  1933 4096 
593       6029  6029  9179  3113 8191 
594       11304 11304 9179  4390 4096 
595       8486  8486  7545  5638 1    
596       5639  5639  7545  6734 4096 
597       10830 10830 10826 7572 8191 
598       15763 15763 10826 8071 4096 
599       12167 12167 8438  8180 1    
600       8181  8181  8438  7889 4096 
601       11985 11985 10634 7227 8191 
602       15418 15418 10634 6259 4096 
603       10355 10355 7221  5079 1    
604       5080  5080  7221  3802 4096 
605       7898  7898  8849  2554 8191 
606       10745 10745 8849  1458 4096 
607       5554  5554  5566  620  1    
608       621   621   5566  121  4096 
609       4217  4217  7974  12   8191 
610       8203  8203  7974  303  4096 
611       4399  4399  5761  965  1    
612       966   966   5761  1933 4096 
613       6029  6029  9180  3113 8191 
614       11304 11304 9180  4390 4096 
615       8486  8486  7546  5638 1    
616       5639  5639  7546  6734 4096 
617       10830 10830 10825 7572 8191 
618       15763 15763 10825 8071 4096 
619       12167 12167 8433  8180 1    
620       8181  8181  8433  7889 4096 
621       11985 11985 10631 7227 8191 
622       15418 15418 10631 6259 4096 
623       10355 10355 7221  5079 1    
624       5080  5080  7221  3802 4096 
625       7898  7898  8851  2554 8191 
626       10745 10745 8851  1458 4096 
627       5554  5554  5569  620  1    
628       621   621   5569  121  4096 
629       4217  4217  7975  12   8191 
630       8203  8203  7975  303  4096 
631       4399  4399  5759  965  1    
632       966   966   5759  1933 4096 
633       6029  6029  9180  3113 8191 
634       11304 11304 9180  4390 4096 
635       8486  8486  7546  5638 1    
636       5639  5639  7546  6734 4096 
637       10830 10830 10824 7572 8191 
638       15763 15763 10824 8071 4096 
639       12167 12167 8435  8180 1    
640       8181  8181  8435  7889 4096 
641       11985 11985 10632 7227 8191 
642       15418 15418 10632 6259 4096 
643       10355 10355 7223  5079 1    
644       5080  5080  7223  3802 4096 
645       7898  7898  8852  2554 8191 
646       10745 10745 8852  1458 4096 
647       5554  5554  5569  620  1    
648       621   621   5569  121  4096 
649       4217  4217  7972  12   8191 
650       8203  8203  7972  303  4096 
651       4399  4399  5764  965  1    
652       966   966   5764  1933 4096 
653       6029  6029  9182  3113 8191 
654       11304 11304 9182  4390 4096 
655       8486  8486  7547  5638 1    
656       5639  5639  7547  6734 4096 
657       10830 10830 10825 7572 8191 
658       15763 15763 10825 8071 4096 
659       12167 12167 8435  8180 1    
660       8181  8181  8435  7889 4096 
661       11985 11985 10629 7227 8191 
662       15418 15418 10629 6259 4096 
663       10355 10355 7221  5079 1    
664       5080  5080  7221  3802 4096 
665       7898  7898  8851  2554 8191 
666       10745 10745 8851  1458 4096 
667       5554  5554  5569  620  1    
668       621   621   5569  121  4096 
669       4217  4217  7973  12   8191 
670       8203  8203  7973  303  4096 
671       4399  4399  5763  965  1    
672       966   966   5763  1933 4096 
673       6029  6029  9183  3113 8191 
674       11304 11304 9183  4390 4096 
675       8486  8486  7547  5638 1    
676       5639  5639  7547  6734 4096 
677       10830 10830 10823 7572 8191 
678       15763 15763 10823 8071 4096 
679       12167 12167 8435  8180 1    
680       8181  8181  8435  7889 4096 
681       11985 11985 10631 7227 8191 
682       15418 15418 10631 6259 4096 
683       10355 10355 7221  5079 1    
684       5080  5080  7221  3802 4096 
685       7898  7898  8851  2554 8191 
686       10745 10745 8851  1458 4096 
687       5554  5554  5569  620  1    
688       621   621   5569  121  4096 
689       4217  4217  7971  12   8191 
690       8203  8203  7971  303  4096 
691       4399  4399  5763  965  1    
692       966   966   5763  1933 4096 
693       6029  6029  9179  3113 8191 
694       11304 11304 9179  4390 4096 
695       8486  8486  7546  5638 1    
696       5639  5639  7546  6734 4096 
697       10830 10830 10827 7572 8191 
698       15763 15763 10827 8071 4096 
699       12167 12167 8435  8180 1    
700       8181  8181  8435  7889 4096 
701       11985 11985 10630 7227 8191 
702       15418 15418 10630 6259 4096 
703       10355 10355 7224  5079 1    
704       5080  5080  7224  3802 4096 
705       7898  7898  8851  2554 8191 
706       10745 10745 8851  1458 4096 
707       5554  5554  5569  620  1    
708       621   621   5569  121  4096 
709       4217  4217  7970  12   8191 
710       8203  8203  7970  303  4096 
711       4399  4399  5760  965  1    
712       966   966   5760  1933 4096 
713       6029  6029  9181  3113 8191 
714       11304 11304 9181  4390 4096 
715       8486  8486  7546  5638 1    
716       5639  5639  7546  6734 4096 
717       10830 10830 10822 7572 8191 
718       15763 15763 10822 8071 4096 
719       12167 12167 8435  8180 1    
720       8181  8181  8435  7889 4096 
721       11985 11985 10633 7227 8191 
722       15418 15418 10633 6259 4096 
723       10355 10355 7225  5079 1    
724       5080  5080  7225  3802 4096 
725       7898  7898  8851  2554 8191 
726       10745 10745 8851  1458 4096 
727       5554  5554  5568  620  1    
728       621   621   5568  121  4096 
729       4217  4217  7973  12   8191 
730       8203  8203  7973  303  4096 
731       4399  4399  5760  965  1    
732       966   966   5760  1933 4096 
733       6029  6029  9180  3113 8191 
734       11304 11304 9180  4390 4096 
735       8486  8486  7547  5638 1    
736       5639  5639  7547  6734 4096 
737       10830 10830 10825 7572 8191 
738       15763 15763 10825 8071 4096 
739       12167 12167 8437  8180 1    
740       8181  8181  8437  7889 4096 
741       11985 11985 10632 7227 8191 
742       15418 15418 10632 6259 4096 
743       10355 10355 7224  5079 1    
744       5080  5080  7224  3802 4096 
745       7898  7898  8848  2554 8191 
746       10745 10745 8848  1458 4096 
747       5554  5554  5570  620  1    
748       621   621   5570  121  4096 
749       4217  4217  7974  12   8191 
750       8203  8203  7974  303  4096 
751       4399  4399  5763  965  1    
752       966   966   5763  1933 4096 
753       6029  6029  9179  3113 8191 
754       11304 11304 9179  4390 4096 
755       8486  8486  7548  5638 1    
756       5639  5639  7548  6734 4096 
757       10830 10830 10825 7572 8191 
758       15763 15763 10825 8071 4096 
759       12167 12167 8433  8180 1    
760       8181  8181  8433  7889 4096 
761       11985 11985 10633 7227 8191 
762       15418 15418 10633 6259 4096 
763       10355 10355 7222  5079 1    
764       5080  5080  7222  3802 4096 
765       7898  7898  8850  2554 8191 
766       10745 10745 8850  1458 4096 
767       5554  5554  5568  620  1    
768       621   621   5568  121  4096 
769       4217  4217  7973  12   8191 
770       8203  8203  7973  303  4096 
771       4399  4399  5764  965  1    
772       966   966   5764  1933 4096 
773       6029  6029  9181  3113 8191 
774       11304 11304 9181  4390 4096 
775       8486  8486  7549  5638 1    
776       5639  5639  7549  6734 4096 
777       10830 10830 10822 7572 8191 
778       15763 15763 10822 8071 4096 
779       12167 12167 8437  8180 1    
780       8181  8181  8437  7889 4096 
781       11985 11985 10631 7227 8191 
782       15418 15418 10631 6259 4096 
783       10355 10355 7223  5079 1    
784       5080  5080  7223  3802 4096 
785       7898  7898  8848  2554 8191 
786       10745 10745 8848  1458 4096 
787       5554  5554  5569  620  1    
788       621   621   5569  121  4096 
789       4217  4217  7973  12   8191 
790       8203  8203  7973  303  4096 
791       4399  4399  5760  965  1    
792       966   966   5760  1933 4096 
793       6029  6029  9179  3113 8191 
794       11304 11304 9179  4390 4096 
795       8486  8486  7547  5638 1    
796       5639  5639  7547  6734 4096 
797       10830 10830 10826 7572 8191 
798       15763 15763 10826 8071 4096 
799       12167 12167 8435  8180 1    
800       8181  8181  8435  7889 4096 
801       11985 11985 10629 7227 8191 
802       15418 15418 10629 6259 4096 
803       10355 10355 7224  5079 1    
804       5080  5080  7224  3802 4096 
805       7898  7898  8846  2554 8191 
806       10745 10745 8846  1458 4096 
807       5554  5554  5569  620  1    
808       621   621   5569  121  4096 
809       4217  4217  7968  12   8191 
810       8203  8203  7968  303  4096 
811       4399  4399  5763  965  1    
812       966   966   5763  1933 4096 
813       6029  6029  9178  3113 8191 
814       11304 11304 9178  4390 4096 
815       8486  8486  7547  5638 1    
816       5639  5639  7547  6734 4096 
817       10830 10830 10822 7572 8191 
818       15763 15763 10822 8071 4096 
819       12167 12167 8438  8180 1    
820       8181  8181  8438  7889 4096 
821       11985 11985 10631 7227 8191 
822       15418 15418 10631 6259 4096 
823       10355 10355 7224  5079 1    
824       5080  5080  7224  3802 4096 
825       7898  7898  8849  2554 8191 
826       10745 10745 8849  1458 4096 
827       5554  5554  5569  620  1    
828       621   621   5569  121  4096 
829       4217  4217  7973  12   8191 
830       8203  8203  7973  303  4096 
831       4399  4399  5764  965  1    
832       966   966   5764  1933 4096 
833       6029  6029  9180  3113 8191 
834       11304 11304 9180  4390 4096 
835       8486  8486  7549  5638 1    
836       5639  5639  7549  6734 4096 
837       10830 10830 10826 7572 8191 
838       15763 15763 10826 8071 4096 
839       12167 12167 8439  8180 1    
840       8181  8181  8439  7889 4096 
841       11985 11985 10630 7227 8191 
842       15418 15418 10630 6259 4096 
843       10355 10355 7225  5079 1    
844       5080  5080  7225  3802 4096 
845       7898  7898  8849  2554 8191 
846       10745 10745 8849  1458 4096 
847       5554  5554  5568  620  1    
848       621   621   5568  121  4096 
849       4217  4217  7972  12   8191 
850       8203  8203  7972  303  4096 
851       4399  4399  5762  965  1    
852       966   966   5762  1933 4096 
853       6029  6029  9177  3113 8191 
854       11304 11304 9177  4390 4096 
855       8486  8486  7546  5638 1    
856       5639  5639  7546  6734 4096 
857       10830 10830 10824 7572 8191 
858       15763 15763 10824 8071 4096 
859       12167 12167 8437  8180 1    
860       8181  8181  8437  7889 4096 
861       11985 11985 10629 7227 8191 
862       15418 15418 10629 6259 4096 
863       10355 10355 7226  5079 1    
864       5080  5080  7226  3802 4096 
865       7898  7898  8848  2554 8191 
866       10745 10745 8848  1458 4096 
867       5554  5554  5570  620  1    
868       621   621   5570  121  4096 
869       4217  4217  7971  12   8191 
870       8203  8203  7971  303  4096 
871       4399  4399  5763  965  1    
872       966   966   5763  1933 4096 
873       6029  6029  9179  3113 8191 
874       11304 11304 9179  4390 4096 
875       8486  8486  7547  5638 1    
876       5639  5639  7547  6734 4096 
877       10830 10830 10824 7572 8191 
878       15763 15763 10824 8071 4096 
879       12167 12167 8434  8180 1    
880       8181  8181  8434  7889 4096 
881       11985 11985 10629 7227 8191 
882       15418 15418 10629 6259 4096 
883       10355 10355 7225  5079 1    
884       5080  5080  7225  3802 4096 
885       7898  7898  8848  2554 8191 
886       10745 10745 8848  1458 4096 
887       5554  5554  5571  620  1    
888       621   621   5571  121  4096 
889       4217  4217  7972  12   8191 
890       8203  8203  7972  303  4096 
891       4399  4399  5764  965  1    
892       966   966   5764  1933 4096 
893       6029  6029  9178  3113 8191 
894       11304 11304 9178  4390 4096 
895       8486  8486  7548  5638 1    
896       5639  5639  7548  6734 4096 
897       10830 10830 10824 7572 8191 
898       15763 15763 10824 8071 4096 
899       12167 12167 8437  8180 1    
900       8181  8181  8437  7889 4096 
901       11985 11985 10631 7227 8191 
902       15418 15418 10631 6259 4096 
903       10355 10355 7223  5079 1    
904       5080  5080  7223  3802 4096 
905       7898  7898  8847  2554 8191 
906       10745 10745 8847  1458 4096 
907       5554  5554  5567  620  1    
908       621   621   5567  121  4096 
909       4217  4217  7971  12   8191 
910       8203  8203  7971  303  4096 
911       4399  4399  5764  965  1    
912       966   966   5764  1933 4096 
913       6029  6029  9180  3113 8191 
914       11304 11304 9180  4390 4096 
915       8486  8486  7551  5638 1    
916       5639  5639  7551  6734 4096 
917       10830 10830 10821 7572 8191 
918       15763 15763 10821 8071 4096 
919       12167 12167 8436  8180 1    
920       8181  8181  8436  7889 4096 
921       11985 11985 10631 7227 8191 
922       15418 15418 10631 6259 4096 
923       10355 10355 7222  5079 1    
924       5080  5080  7222  3802 4096 
925       7898  7898  8847  2554 8191 
926       10745 10745 8847  1458 4096 
927       5554  5554  5572  620  1    
928       621   621   5572  121  4096 
929       4217  4217  7970  12   8191 
930       8203  8203  7970  303  4096 
931       4399  4399  5763  965  1    
932       966   966   5763  1933 4096 
933       6029  6029  9177  3113 8191 
934       11304 11304 9177  4390 4096 
935       8486  8486  7549  5638 1    
936       5639  5639  7549  6734 4096 
937       10830 10830 10824 7572 8191 
938       15763 15763 10824 8071 4096 
939       12167 12167 8438  8180 1    
940       8181  8181  8438  7889 4096 
941       11985 11985 10632 7227 8191 
942       15418 15418 10632 6259 4096 
943       10355 10355 7222  5079 1    
944       5080  5080  7222  3802 4096 
945       7898  7898  8850  2554 8191 
946       10745 10745 8850  1458 4096 
947       5554  5554  5569  620  1    
948       621   621   5569  121  4096 
949       4217  4217  7970  12   8191 
950       8203  8203  7970  303  4096 
951       4399  4399  5766  965  1    
952       966   966   5766  1933 4096 
953       6029  6029  9178  3113 8191 
954       11304 11304 9178  4390 4096 
955       8486  8486  7548  5638 1    
956       5639  5639  7548  6734 4096 
957       10830 10830 10818 7572 8191 
958       15763 15763 10818 8071 4096 
959       12167 12167 8435  8180 1    
960       8181  8181  8435  7889 4096 
961       11985 11985 10630 7227 8191 
962       15418 15418 10630 6259 4096 
963       10355 10355 7224  5079 1    
964       5080  5080  7224  3802 4096 
965       7898  7898  8849  2554 8191 
966       10745 10745 8849  1458 4096 
967       5554  5554  5570  620  1    
968       621   621   5570  121  4096 
969       4217  4217  7970  12   8191 
970       8203  8203  7970  303  4096 
971       4399  4399  5762  965  1    
972       966   966   5762  1933 4096 
973       6029  6029  9177  3113 8191 
974       11304 11304 9177  4390 4096 
975       8486  8486  7549  5638 1    
976       5639  5639  7549  6734 4096 
977       10830 10830 10820 7572 8191 
978       15763 15763 10820 8071 4096 
979       12167 12167 8439  8180 1    
980       8181  8181  8439  7889 4096 
981       11985 11985 10629 7227 8191 
982       15418 15418 10629 6259 4096 
983       10355 10355 7224  5079 1    
984       5080  5080  7224  3802 4096 
985       7898  7898  8850  2554 8191 
986       10745 10745 8850  1458 4096 
987       5554  5554  5572  620  1    
988       621   621   5572  121  4096 
989       4217  4217  7970  12   8191 
990       8203  8203  7970  303  4096 
991       4399  4399  5764  965  1    
992       966   966   5764  1933 4096 
993       6029  6029  9179  3113 8191 
994       11304 11304 9179  4390 4096 
995       8486  8486  7546  5638 1    
996       5639  5639  7546  6734 4096 
997       10830 10830 10822 7572 8191 
998       15763 15763 10822 8071 4096 
999       12167 12167 8435  8180 1    
1000      8181  8181  8435  7889 4096 
1001      11985 11985 10629 7227 8191 
1002      15418 15418 10629 6259 4096 
1003      10355 10355 7226  5079 1    
1004      5080  5080  7226  3802 4096 
1005      7898  7898  8850  2554 8191 
1006      10745 10745 8850  1458 4096 
1007      5554  5554  5570  620  1    
1008      621   621   5570  121  4096 
1009      4217  4217  7971  12   8191 
1010      8203  8203  7971  303  4096 
1011      4399  4399  5765  965  1    
1012      966   966   5765  1933 4096 
1013      6029  6029  9178  3113 8191 
1014      11304 11304 9178  4390 4096 
1015      8486  8486  7547  5638 1    
1016      5639  5639  7547  6734 4096 
1017      10830 10830 10823 7572 8191 
1018      15763 15763 10823 8071 4096 
1019      12167 12167 8438  8180 1    
1020      8181  8181  8438  7889 4096 
1021      11985 11985 10630 7227 8191 
1022      15418 15418 10630 6259 4096 
1023      10355 10355 7225  5079 1    
1024      5080  5080  7225  3802 4096 
1025      7898  7898  8847  2554 8191 
1026      10745 10745 8847  1458 4096 
1027      5554  5554  5568  620  1    
1028      621   621   5568  121  4096 
1029      4217  4217  7969  12   8191 
1030      8203  8203  7969  303  4096 
1031      4399  4399  5765  965  1    
1032      966   966   5765  1933 4096 
1033      6029  6029  9176  3113 8191 
1034      11304 11304 9176  4390 4096 
1035      8486  8486  7548  5638 1    
1036      5639  5639  7548  6734 4096 
1037      10830 10830 10821 7572 8191 
1038      15763 15763 10821 8071 4096 
1039      12167 12167 8437  8180 1    
1040      8181  8181  8437  7889 4096 
1041      11985 11985 10627 7227 8191 
1042      15418 15418 10627 6259 4096 
1043      10355 10355 7223  5079 1    
1044      5080  5080  7223  3802 4096 
1045      7898  7898  8850  2554 8191 
1046      10745 10745 8850  1458 4096 
1047      5554  5554  5569  620  1    
1048      621   621   5569  121  4096 
1049      4217  4217  7971  12   8191 
1050      8203  8203  7971  303  4096 
1051      4399  4399  5763  965  1    
1052      966   966   5763  1933 4096 
1053      6029  6029  9178  3113 8191 
1054      11304 11304 9178  4390 4096 
1055      8486  8486  7549  5638 1    
1056      5639  5639  7549  6734 4096 
1057      10830 10830 10822 7572 8191 
1058      15763 15763 10822 8071 4096 
1059      12167 12167 8433  8180 1    
1060      8181  8181  8433  7889 4096 
1061      11985 11985 10630 7227 8191 
1062      15418 15418 10630 6259 4096 
1063      10355 10355 7223  5079 1    
1064      5080  5080  7223  3802 4096 
1065      7898  7898  8851  2554 8191 
1066      10745 10745 8851  1458 4096 
1067      5554  5554  5567  620  1    
1068      621   621   5567  121  4096 
1069      4217  4217  7971  12   8191 
1070      8203  8203  7971  303  4096 
1071      4399  4399  5763  965  1    
1072      966   966   5763  1933 4096 
1073      6029  6029  9177  3113 8191 
1074      11304 11304 9177  4390 4096 
1075      8486  8486  7545  5638 1    
1076      5639  5639  7545  6734 4096 
1077      10830 10830 10824 7572 8191 
1078      15763 15763 10824 8071 4096 
1079      12167 12167 8436  8180 1    
1080      8181  8181  8436  7889 4096 
1081      11985 11985 10631 7227 8191 
1082      15418 15418 10631 6259 4096 
1083      10355 10355 7222  5079 1    
1084      5080  5080  7222  3802 4096 
1085      7898  7898  8849  2554 8191 
1086      10745 10745 8849  1458 4096 
1087      5554  5554  5568  620  1    
1088      621   621   5568  121  4096 
1089      4217  4217  7971  12   8191 
1090      8203  8203  7971  303  4096 
1091      4399  4399  5763  965  1    
1092      966   966   5763  1933 4096 
1093      6029  6029  9178  3113 8191 
1094      11304 11304 9178  4390 4096 
1095      8486  8486  7544  5638 1    
1096      5639  5639  7544  6734 4096 
1097      10830 10830 10820 7572 8191 
1098      15763 15763 10820 8071 4096 
1099      12167 12167 8437  8180 1    
1100      8181  8181  8437  7889 4096 
1101      11985 11985 10630 7227 8191 
1102      15418 15418 10630 6259 4096 
1103      10355 10355 7226  5079 1    
1104      5080  5080  7226  3802 4096 
1105      7898  7898  8850  2554 8191 
1106      10745 10745 8850  1458 4096 
1107      5554  5554  5567  620  1    
1108      621   621   5567  121  4096 
1109      4217  4217  7969  12   8191 
1110      8203  8203  7969  303  4096 
1111      4399  4399  5762  965  1    
1112      966   966   5762  1933 4096 
1113      6029  6029  9179  3113 8191 
1114      11304 11304 9179  4390 4096 
1115      8486  8486  7545  5638 1    
1116      5639  5639  7545  6734 4096 
1117      10830 10830 10822 7572 8191 
1118      15763 15763 10822 8071 4096 
1119      12167 12167 8436  8180 1    
1120      8181  8181  8436  7889 4096 
1121      11985 11985 10630 7227 8191 
1122      15418 15418 10630 6259 4096 
1123      10355 10355 7222  5079 1    
1124      5080  5080  7222  3802 4096 
1125      7898  7898  8848  2554 8191 
1126      10745 10745 8848  1458 4096 
1127      5554  5554  5566  620  1    
1128      621   621   5566  121  4096 
1129      4217  4217  7970  12   8191 
1130      8203  8203  7970  303  4096 
1131      4399  4399  5764  965  1    
1132      966   966   5764  1933 4096 
1133      6029  6029  9179  3113 8191 
1134      11304 11304 9179  4390 4096 
1135      8486  8486  7546  5638 1    
1136      5639  5639  7546  6734 4096 
1137      10830 10830 10824 7572 8191 
1138      15763 15763 10824 8071 4096 
1139      12167 12167 8435  8180 1    
1140      8181  8181  8435  7889 4096 
1141      11985 11985 10627 7227 8191 
1142      15418 15418 10627 6259 4096 
1143      10355 10355 7223  5079 1    
1144      5080  5080  7223  3802 4096 
1145      7898  7898  8849  2554 8191 
1146      10745 10745 8849  1458 4096 
1147      5554  5554  5567  620  1    
1148      621   621   5567  121  4096 
1149      4217  4217  7969  12   8191 
1150      8203  8203  7969  303  4096 
1151      4399  4399  5765  965  1    
1152      966   966   5765  1933 4096 
1153      6029  6029  9176  3113 8191 
1154      11304 11304 9176  4390 4096 
1155      8486  8486  7544  5638 1    
1156      5639  5639  7544  6734 4096 
1157      10830 10830 10822 7572 8191 
1158      15763 15763 10822 8071 4096 
1159      12167 12167 8434  8180 1    
1160      8181  8181  8434  7889 4096 
1161      11985 11985 10630 7227 8191 
1162      15418 15418 10630 6259 4096 
1163      10355 10355 7220  5079 1    
1164      5080  5080  7220  3802 4096 
1165      7898  7898  8850  2554 8191 
1166      10745 10745 8850  1458 4096 
1167      5554  5554  5569  620  1    
1168      621   621   5569  121  4096 
1169      4217  4217  7969  12   8191 
1170      8203  8203  7969  303  4096 
1171      4399  4399  5763  965  1    
1172      966   966   5763  1933 4096 
1173      6029  6029  9178  3113 8191 
1174      11304 11304 9178  4390 4096 
1175      8486  8486  7544  5638 1    
1176      5639  5639  7544  6734 4096 
1177      10830 10830 10820 7572 8191 
1178      15763 15763 10820 8071 4096 
1179      12167 12167 8438  8180 1    
1180      8181  8181  8438  7889 4096 
1181      11985 11985 10631 7227 8191 
1182      15418 15418 10631 6259 4096 
1183      10355 10355 7222  5079 1    
1184      5080  5080  7222  3802 4096 
1185      7898  7898  8849  2554 8191 
1186      10745 10745 8849  1458 4096 
1187      5554  5554  5570  620  1    
1188      621   621   5570  121  4096 
1189      4217  4217  7971  12   8191 
1190      8203  8203  7971  303  4096 
1191      4399  4399  5762  965  1    
1192      966   966   5762  1933 4096 
1193      6029  6029  9176  3113 8191 
1194      11304 11304 9176  4390 4096 
1195      8486  8486  7546  5638 1    
1196      5639  5639  7546  6734 4096 
1197      10830 10830 10821 7572 8191 
1198      15763 15763 10821 8071 4096 
1199      12167 12167 8435  8180 1    
1200      8181  8181  8435  7889 4096 
1201      11985 11985 10628 7227 8191 
1202      15418 15418 10628 6259 4096 
1203      10355 10355 7222  5079 1    
1204      5080  5080  7222  3802 4096 
1205      7898  7898  8847  2554 8191 
1206      10745 10745 8847  1458 4096 
1207      5554  5554  5568  620  1    
1208      621   621   5568  121  4096 
1209      4217  4217  7968  12   8191 
1210      8203  8203  7968  303  4096 
1211      4399  4399  5761  965  1    
1212      966   966   5761  1933 4096 
1213      6029  6029  9177  3113 8191 
1214      11304 11304 9177  4390 4096 
1215      8486  8486  7546  5638 1    
1216      5639  5639  7546  6734 4096 
1217      10830 10830 10821 7572 8191 
1218      15763 15763 10821 8071 4096 
1219      12167 12167 8437  8180 1    
1220      8181  8181  8437  7889 4096 
1221      11985 11985 10630 7227 8191 
1222      15418 15418 10630 6259 4096 
1223      10355 10355 7225  5079 1    
1224      5080  5080  7225  3802 4096 
1225      7898  7898  8849  2554 8191 
1226      10745 10745 8849  1458 4096 
1227      5554  5554  5570  620  1    
1228      621   621   5570  121  4096 
1229      4217  4217  7971  12   8191 
1230      8203  8203  7971  303  4096 
1231      4399  4399  5763  965  1    
1232      966   966   5763  1933 4096 
1233      6029  6029  9177  3113 8191 
1234      11304 11304 9177  4390 4096 
1235      8486  8486  7546  5638 1    
1236      5639  5639  7546  6734 4096 
1237      10830 10830 10821 7572 8191 
1238      15763 15763 10821 8071 4096 
1239      12167 12167 8436  8180 1    
1240      8181  8181  8436  7889 4096 
1241      11985 11985 10629 7227 8191 
1242      15418 15418 10629 6259 4096 
1243      10355 10355 7224  5079 1    
1244      5080  5080  7224  3802 4096 
1245      7898  7898  8849  2554 8191 
1246      10745 10745 8849  1458 4096 
1247      5554  5554  5568  620  1    
1248      621   621   5568  121  4096 
1249      4217  4217  7968  12   8191 
1250      8203  8203  7968  303  4096 
1251      4399  4399  5761  965  1    
1252      966   966   5761  1933 4096 
1253      6029  6029  9179  3113 8191 
1254      11304 11304 9179  4390 4096 
1255      8486  8486  7548  5638 1    
1256      5639  5639  7548  6734 4096 
1257      10830 10830 10823 7572 8191 
1258      15763 15763 10823 8071 4096 
1259      12167 12167 8435  8180 1    
1260      8181  8181  8435  7889 4096 
1261      11985 11985 10628 7227 8191 
1262      15418 15418 10628 6259 4096 
1263      10355 10355 7223  5079 1    
1264      5080  5080  7223  3802 4096 
1265      7898  7898  8850  2554 8191 
1266      10745 10745 8850  1458 4096 
1267      5554  5554  5566  620  1    
1268      621   621   5566  121  4096 
1269      4217  4217  7970  12   8191 
1270      8203  8203  7970  303  4096 
1271      4399  4399  5762  965  1    
1272      966   966   5762  1933 4096 
1273      6029  6029  9178  3113 8191 
1274      11304 11304 9178  4390 4096 
1275      8486  8486  7546  5638 1    
1276      5639  5639  7546  6734 4096 
1277      10830 10830 10821 7572 8191 
1278      15763 15763 10821 8071 4096 
1279      12167 12167 8435  8180 1    
1280      8181  8181  8435  7889 4096 
1281      11985 11985 10628 7227 8191 
1282      15418 15418 10628 6259 4096 
1283      10355 10355 7222  5079 1    
1284      5080  5080  7222  3802 4096 
1285      7898  7898  8848  2554 8191 
1286      10745 10745 8848  1458 4096 
1287      5554  5554  5568  620  1    
1288      621   621   5568  121  4096 
1289      4217  4217  7970  12   8191 
1290      8203  8203  7970  303  4096 
1291      4399  4399  5763  965  1    
1292      966   966   5763  1933 4096 
1293      6029  6029  9176  3113 8191 
1294      11304 11304 9176  4390 4096 
1295      8486  8486  7546  5638 1    
1296      5639  5639  7546  6734 4096 
1297      10830 10830 10820 7572 8191 
1298      15763 15763 10820 8071 4096 
1299      12167 12167 8434  8180 1    
1300      8181  8181  8434  7889 4096 
1301      11985 11985 10627 7227 8191 
1302      15418 15418 10627 6259 4096 
1303      10355 10355 7224  5079 1    
1304      5080  5080  7224  3802 4096 
1305      7898  7898  8849  2554 8191 
1306      10745 10745 8849  1458 4096 
1307      5554  5554  5569  620  1    
1308      621   621   5569  121  4096 
1309      4217  4217  7968  12   8191 
1310      8203  8203  7968  303  4096 
1311      4399  4399  5762  965  1    
1312      966   966   5762  1933 4096 
1313      6029  6029  9176  3113 8191 
1314      11304 11304 9176  4390 4096 
1315      8486  8486  7543  5638 1    
1316      5639  5639  7543  6734 4096 
1317      10830 10830 10821 7572 8191 
1318      15763 15763 10821 8071 4096 
1319      12167 12167 8436  8180 1    
1320      8181  8181  8436  7889 4096 
1321      11985 11985 10629 7227 8191 
1322      15418 15418 10629 6259 4096 
1323      10355 10355 7225  5079 1    
1324      5080  5080  7225  3802 4096 
1325      7898  7898  8849  2554 8191 
1326      10745 10745 8849  1458 4096 
1327      5554  5554  5567  620  1    
1328      621   621   5567  121  4096 
1329      4217  4217  7970  12   8191 
1330      8203  8203  7970  303  4096 
1331      4399  4399  5759  965  1    
1332      966   966   5759  1933 4096 
1333      6029  6029  9176  3113 8191 
1334      11304 11304 9176  4390 4096 
1335      8486  8486  7542  5638 1    
1336      5639  5639  7542  6734 4096 
1337      10830 10830 10821 7572 8191 
1338      15763 15763 10821 8071 4096 
1339      12167 12167 8437  8180 1    
1340      8181  8181  8437  7889 4096 
1341      11985 11985 10628 7227 8191 
1342      15418 15418 10628 6259 4096 
1343      10355 10355 7221  5079 1    
1344      5080  5080  7221  3802 4096 
1345      7898  7898  8850  2554 8191 
1346      10745 10745 8850  1458 4096 
1347      5554  5554  5566  620  1    
1348      621   621   5566  121  4096 
1349      4217  4217  7965  12   8191 
1350      8203  8203  7965  303  4096 
1351      4399  4399  5760  965  1    
1352      966   966   5760  1933 4096 
1353      6029  6029  9179  3113 8191 
1354      11304 11304 9179  4390 4096 
1355      8486  8486  7544  5638 1    
1356      5639  5639  7544  6734 4096 
1357      10830 10830 10819 7572 8191 
1358      15763 15763 10819 8071 4096 
1359      12167 12167 8436  8180 1    
1360      8181  8181  8436  7889 4096 
1361      11985 11985 10630 7227 8191 
1362      15418 15418 10630 6259 4096 
1363      10355 10355 7223  5079 1    
1364      5080  5080  7223  3802 4096 
1365      7898  7898  8851  2554 8191 
1366      10745 10745 8851  1458 4096 
1367      5554  5554  5570  620  1    
1368      621   621   5570  121  4096 
1369      4217  4217  7971  12   8191 
1370      8203  8203  7971  303  4096 
1371      4399  4399  5764  965  1    
1372      966   966   5764  1933 4096 
1373      6029  6029  9176  3113 8191 
1374      11304 11304 9176  4390 4096 
1375      8486  8486  7542  5638 1    
1376      5639  5639  7542  6734 4096 
1377      10830 10830 10819 7572 8191 
1378      15763 15763 10819 8071 4096 
1379      12167 12167 8436  8180 1    
1380      8181  8181  8436  7889 4096 
1381      11985 11985 10632 7227 8191 
1382      15418 15418 10632 6259 4096 
1383      10355 10355 7225  5079 1    
1384      5080  5080  7225  3802 4096 
1385      7898  7898  8850  2554 8191 
1386      10745 10745 8850  1458 4096 
1387      5554  5554  5568  620  1    
1388      621   621   5568  121  4096 
1389      4217  4217  7968  12   8191 
1390      8203  8203  7968  303  4096 
1391      4399  4399  5759  965  1    
1392      966   966   5759  1933 4096 
1393      6029  6029  9176  3113 8191 
1394      11304 11304 9176  4390 4096 
1395      8486  8486  7542  5638 1    
1396      5639  5639  7542  6734 4096 
1397      10830 10830 10821 7572 8191 
1398      15763 15763 10821 8071 4096 
1399      12167 12167 8433  8180 1    
1400      8181  8181  8433  7889 4096 
1401      11985 11985 10631 7227 8191 
1402      15418 15418 10631 6259 4096 
1403      10355 10355 7222  5079 1    
1404      5080  5080  7222  3802 4096 
1405      7898  7898  8853  2554 8191 
1406      10745 10745 8853  1458 4096 
1407      5554  5554  5567  620  1    
1408      621   621   5567  121  4096 
1409      4217  4217  7970  12   8191 
1410      8203  8203  7970  303  4096 
1411      4399  4399  5764  965  1    
1412      966   966   5764  1933 4096 
1413      6029  6029  9176  3113 8191 
1414      11304 11304 9176  4390 4096 
1415      8486  8486  7545  5638 1    
1416      5639  5639  7545  6734 4096 
1417      10830 10830 10821 7572 8191 
1418      15763 15763 10821 8071 4096 
1419      12167 12167 8433  8180 1    
1420      8181  8181  8433  7889 4096 
1421      11985 11985 10631 7227 8191 
1422      15418 15418 10631 6259 4096 
1423      10355 10355 7222  5079 1    
1424      5080  5080  7222  3802 4096 
1425      7898  7898  8849  2554 8191 
1426      10745 10745 8849  1458 4096 
1427      5554  5554  5567  620  1    
1428      621   621   5567  121  4096 
1429      4217  4217  7971  12   8191 
1430      8203  8203  7971  303  4096 
1431      4399  4399  5761  965  1    
1432      966   966   5761  1933 4096 
1433      6029  6029  9176  3113 8191 
1434      11304 11304 9176  4390 4096 
1435      8486  8486  7539  5638 1    
1436      5639  5639  7539  6734 4096 
1437      10830 10830 10821 7572 8191 
1438      15763 15763 10821 8071 4096 
1439      12167 12167 8435  8180 1    
1440      8181  8181  8435  7889 4096 
1441      11985 11985 10629 7227 8191 
1442      15418 15418 10629 6259 4096 
1443      10355 10355 7221  5079 1    
1444      5080  5080  7221  3802 4096 
1445      7898  7898  8849  2554 8191 
1446      10745 10745 8849  1458 4096 
1447      5554  5554  5569  620  1    
1448      621   621   5569  121  4096 
1449      4217  4217  7970  12   8191 
1450      8203  8203  7970  303  4096 
1451      4399  4399  5760  965  1    
1452      966   966   5760  1933 4096 
1453      6029  6029  9176  3113 8191 
1454      11304 11304 9176  4390 4096 
1455      8486  8486  7542  5638 1    
1456      5639  5639  7542  6734 4096 
1457      10830 10830 10821 7572 8191 
1458      15763 15763 10821 8071 4096 
1459      12167 12167 8431  8180 1    
1460      8181  8181  8431  7889 4096 
1461      11985 11985 10629 7227 8191 
1462      15418 15418 10629 6259 4096 
1463      10355 10355 7221  5079 1    
1464      5080  5080  7221  3802 4096 
1465      7898  7898  8853  2554 8191 
1466      10745 10745 8853  1458 4096 
1467      5554  5554  5566  620  1    
1468      621   621   5566  121  4096 
1469      4217  4217  7971  12   8191 
1470      8203  8203  7971  303  4096 
1471      4399  4399  5760  965  1    
1472      966   966   5760  1933 4096 
1473      6029  6029  9176  3113 8191 
1474      11304 11304 9176  4390 4096 
1475      8486  8486  7541  5638 1    
1476      5639  5639  7541  6734 4096 
1477      10830 10830 10822 7572 8191 
1478      15763 15763 10822 8071 4096 
1479      12167 12167 8434  8180 1    
1480      8181  8181  8434  7889 4096 
1481      11985 11985 10627 7227 8191 
1482      15418 15418 10627 6259 4096 
1483      10355 10355 7221  5079 1    
1484      5080  5080  7221  3802 4096 
1485      7898  7898  8852  2554 8191 
1486      10745 10745 8852  1458 4096 
1487      5554  5554  5569  620  1    
1488      621   621   5569  121  4096 
1489      4217  4217  7973  12   8191 
1490      8203  8203  7973  303  4096 
1491      4399  4399  5758  965  1    
1492      966   966   5758  1933 4096 
1493      6029  6029  9177  3113 8191 
1494      11304 11304 9177  4390 4096 
1495      8486  8486  7540  5638 1    
1496      5639  5639  7540  6734 4096 
1497      10830 10830 10821 7572 8191 
1498      15763 15763 10821 8071 4096 
1499      12167 12167 8435  8180 1    
1500      8181  8181  8435  7889 4096 
1501      11985 11985 10630 7227 8191 
1502      15418 15418 10630 6259 4096 
1503      10355 10355 7222  5079 1    
1504      5080  5080  7222  3802 4096 
1505      7898  7898  8856  2554 8191 
1506      10745 10745 8856  1458 4096 
1507      5554  5554  5562  620  1    
1508      621   621   5562  121  4096 
1509      4217  4217  7968  12   8191 
1510      8203  8203  7968  303  4096 
1511      4399  4399  5761  965  1    
1512      966   966   5761  1933 4096 
1513      6029  6029  9177  3113 8191 
1514      11304 11304 9177  4390 4096 
1515      8486  8486  7539  5638 1    
1516      5639  5639  7539  6734 4096 
1517      10830 10830 10823 7572 8191 
1518      15763 15763 10823 8071 4096 
1519      12167 12167 8434  8180 1    
1520      8181  8181  8434  7889 4096 
1521      11985 11985 10630 7227 8191 
1522      15418 15418 10630 6259 4096 
1523      10355 10355 7221  5079 1    
1524      5080  5080  7221  3802 4096 
1525      7898  7898  8854  2554 8191 
1526      10745 10745 8854  1458 4096 
1527      5554  5554  5567  620  1    
1528      621   621   5567  121  4096 
1529      4217  4217  7971  12   8191 
1530      8203  8203  7971  303  4096 
1531      4399  4399  5760  965  1    
1532      966   966   5760  1933 4096 
1533      6029  6029  9177  3113 8191 
1534      11304 11304 9177  4390 4096 
1535      8486  8486  7540  5638 1    
1536      5639  5639  7540  6734 4096 
1537      10830 10830 10822 7572 8191 
1538      15763 15763 10822 8071 4096 
1539      12167 12167 8432  8180 1    
1540      8181  8181  8432  7889 4096 
1541      11985 11985 10634 7227 8191 
1542      15418 15418 10634 6259 4096 
1543      10355 10355 7219  5079 1    
1544      5080  5080  7219  3802 4096 
1545      7898  7898  8853  2554 8191 
1546      10745 10745 8853  1458 4096 
1547      5554  5554  5566  620  1    
1548      621   621   5566  121  4096 
1549      4217  4217  7971  12   8191 
1550      8203  8203  7971  303  4096 
1551      4399  4399  5759  965  1    
1552      966   966   5759  1933 4096 
1553      6029  6029  9177  3113 8191 
1554      11304 11304 9177  4390 4096 
1555      8486  8486  7539  5638 1    
1556      5639  5639  7539  6734 4096 
1557      10830 10830 10823 7572 8191 
1558      15763 15763 10823 8071 4096 
1559      12167 12167 8432  8180 1    
1560      8181  8181  8432  7889 4096 
1561      11985 11985 10632 7227 8191 
1562      15418 15418 10632 6259 4096 
1563      10355 10355 7223  5079 1    
1564      5080  5080  7223  3802 4096 
1565      7898  7898  8854  2554 8191 
1566      10745 10745 8854  1458 4096 
1567      5554  5554  5564  620  1    
1568      621   621   5564  121  4096 
1569      4217  4217  7969  12   8191 
1570      8203  8203  7969  303  4096 
1571      4399  4399  5761  965  1    
1572      966   966   5761  1933 4096 
1573      6029  6029  9180  3113 8191 
1574      11304 11304 9180  4390 4096 
1575      8486  8486  7536  5638 1    
1576      5639  5639  7536  6734 4096 
1577      10830 10830 10825 7572 8191 
1578      15763 15763 10825 8071 4096 
1579      12167 12167 8433  8180 1    
1580      8181  8181  8433  7889 4096 
1581      11985 11985 10632 7227 8191 
1582      15418 15418 10632 6259 4096 
1583      10355 10355 7221  5079 1    
1584      5080  5080  7221  3802 4096 
1585      7898  7898  8851  2554 8191 
1586      10745 10745 8851  1458 4096 
1587      5554  5554  5567  620  1    
1588      621   621   5567  121  4096 
1589      4217  4217  7970  12   8191 
1590      8203  8203  7970  303  4096 
1591      4399  4399  5758  965  1    
1592      966   966   5758  1933 4096 
1593      6029  6029  9180  3113 8191 
1594      11304 11304 9180  4390 4096 
1595      8486  8486  7541  5638 1    
1596      5639  5639  7541  6734 4096 
1597      10830 10830 10822 7572 8191 
1598      15763 15763 10822 8071 4096 
1599      12167 12167 8433  8180 1    
1600      8181  8181  8433  7889 4096 
1601      11985 11985 10635 7227 8191 
1602      15418 15418 10635 6259 4096 
1603      10355 10355 7220  5079 1    
1604      5080  5080  7220  3802 4096 
1605      7898  7898  8854  2554 8191 
1606      10745 10745 8854  1458 4096 
1607      5554  5554  5564  620  1    
1608      621   621   5564  121  4096 
1609      4217  4217  7971  12   8191 
1610      8203  8203  7971  303  4096 
1611      4399  4399  5758  965  1    
1612      966   966   5758  1933 4096 
1613      6029  6029  9177  3113 8191 
1614      11304 11304 9177  4390 4096 
1615      8486  8486  7540  5638 1    
1616      5639  5639  7540  6734 4096 
1617      10830 10830 10822 7572 8191 
1618      15763 15763 10822 8071 4096 
1619      12167 12167 8432  8180 1    
1620      8181  8181  8432  7889 4096 
1621      11985 11985 10632 7227 8191 
1622      15418 15418 10632 6259 4096 
1623      10355 10355 7219  5079 1    
1624      5080  5080  7219  3802 4096 
1625      7898  7898  8853  2554 8191 
1626      10745 10745 8853  1458 4096 
1627      5554  5554  5562  620  1    
1628      621   621   5562  121  4096 
1629      4217  4217  7967  12   8191 
1630      8203  8203  7967  303  4096 
1631      4399  4399  5758  965  1    
1632      966   966   5758  1933 4096 
1633      6029  6029  9179  3113 8191 
1634      11304 11304 9179  4390 4096 
1635      8486  8486  7539  5638 1    
1636      5639  5639  7539  6734 4096 
1637      10830 10830 10822 7572 8191 
1638      15763 15763 10822 8071 4096 
1639      12167 12167 8431  8180 1    
1640      8181  8181  8431  7889 4096 
1641      11985 11985 10630 7227 8191 
1642      15418 15418 10630 6259 4096 
1643      10355 10355 7221  5079 1    
1644      5080  5080  7221  3802 4096 
1645      7898  7898  8855  2554 8191 
1646      10745 10745 8855  1458 4096 
1647      5554  5554  5564  620  1    
1648      621   621   5564  121  4096 
1649      4217  4217  7969  12   8191 
1650      8203  8203  7969  303  4096 
1651      4399  4399  5759  965  1    
1652      966   966   5759  1933 4096 
1653      6029  6029  9178  3113 8191 
1654      11304 11304 9178  4390 4096 
1655      8486  8486  7538  5638 1    
1656      5639  5639  7538  6734 4096 
1657      10830 10830 10820 7572 8191 
1658      15763 15763 10820 8071 4096 
1659      12167 12167 8432  8180 1    
1660      8181  8181  8432  7889 4096 
1661      11985 11985 10632 7227 8191 
1662      15418 15418 10632 6259 4096 
1663      10355 10355 7218  5079 1    
1664      5080  5080  7218  3802 4096 
1665      7898  7898  8856  2554 8191 
1666      10745 10745 8856  1458 4096 
1667      5554  5554  5564  620  1    
1668      621   621   5564  121  4096 
1669      4217  4217  7972  12   8191 
1670      8203  8203  7972  303  4096 
1671      4399  4399  5758  965  1    
1672      966   966   5758  1933 4096 
1673      6029  6029  9178  3113 8191 
1674      11304 11304 9178  4390 4096 
1675      8486  8486  7537  5638 1    
1676      5639  5639  7537  6734 4096 
1677      10830 10830 10824 7572 8191 
1678      15763 15763 10824 8071 4096 
1679      12167 12167 8430  8180 1    
1680      8181  8181  8430  7889 4096 
1681      11985 11985 10633 7227 8191 
1682      15418 15418 10633 6259 4096 
1683      10355 10355 7220  5079 1    
1684      5080  5080  7220  3802 4096 
1685      7898  7898  8854  2554 8191 
1686      10745 10745 8854  1458 4096 
1687      5554  5554  5563  620  1    
1688      621   621   5563  121  4096 
1689      4217  4217  7974  12   8191 
1690      8203  8203  7974  303  4096 
1691      4399  4399  5759  965  1    
1692      966   966   5759  1933 4096 
1693      6029  6029  9178  3113 8191 
1694      11304 11304 9178  4390 4096 
1695      8486  8486  7536  5638 1    
1696      5639  5639  7536  6734 4096 
1697      10830 10830 10822 7572 8191 
1698      15763 15763 10822 8071 4096 
1699      12167 12167 8429  8180 1    
1700      8181  8181  8429  7889 4096 
1701      11985 11985 10632 7227 8191 
1702      15418 15418 10632 6259 4096 
1703      10355 10355 7221  5079 1    
1704      5080  5080  7221  3802 4096 
1705      7898  7898  8856  2554 8191 
1706      10745 10745 8856  1458 4096 
1707      5554  5554  5564  620  1    
1708      621   621   5564  121  4096 
1709      4217  4217  7969  12   8191 
1710      8203  8203  7969  303  4096 
1711      4399  4399  5760  965  1    
1712      966   966   5760  1933 4096 
1713      6029  6029  9180  3113 8191 
1714      11304 11304 9180  4390 4096 
1715      8486  8486  7538  5638 1    
1716      5639  5639  7538  6734 4096 
1717      10830 10830 10824 7572 8191 
1718      15763 15763 10824 8071 4096 
1719      12167 12167 8431  8180 1    
1720      8181  8181  8431  7889 4096 
1721      11985 11985 10632 7227 8191 
1722      15418 15418 10632 6259 4096 
1723      10355 10355 7220  5079 1    
1724      5080  5080  7220  3802 4096 
1725      7898  7898  8857  2554 8191 
1726      10745 10745 8857  1458 4096 
1727      5554  5554  5568  620  1    
1728      621   621   5568  121  4096 
1729      4217  4217  7973  12   8191 
1730      8203  8203  7973  303  4096 
1731      4399  4399  5756  965  1    
1732      966   966   5756  1933 4096 
1733      6029  6029  9178  3113 8191 
1734      11304 11304 9178  4390 4096 
1735      8486  8486  7533  5638 1    
1736      5639  5639  7533  6734 4096 
1737      10830 10830 10822 7572 8191 
1738      15763 15763 10822 8071 4096 
1739      12167 12167 8431  8180 1    
1740      8181  8181  8431  7889 4096 
1741      11985 11985 10633 7227 8191 
1742      15418 15418 10633 6259 4096 
1743      10355 10355 7221  5079 1    
1744      5080  5080  7221  3802 4096 
1745      7898  7898  8858  2554 8191 
1746      10745 10745 8858  1458 4096 
1747      5554  5554  5564  620  1    
1748      621   621   5564  121  4096 
1749      4217  4217  7971  12   8191 
1750      8203  8203  7971  303  4096 
1751      4399  4399  5757  965  1    
1752      966   966   5757  1933 4096 
1753      6029  6029  9177  3113 8191 
1754      11304 11304 9177  4390 4096 
1755      8486  8486  7534  5638 1    
1756      5639  5639  7534  6734 4096 
1757      10830 10830 10822 7572 8191 
1758      15763 15763 10822 8071 4096 
1759      12167 12167 8432  8180 1    
1760      8181  8181  8432  7889 4096 
1761      11985 11985 10632 7227 8191 
1762      15418 15418 10632 6259 4096 
1763      10355 10355 7219  5079 1    
1764      5080  5080  7219  3802 4096 
1765      7898  7898  8857  2554 8191 
1766      10745 10745 8857  1458 4096 
1767      5554  5554  5563  620  1    
1768      621   621   5563  121  4096 
1769      4217  4217  7971  12   8191 
1770      8203  8203  7971  303  4096 
1771      4399  4399  5756  965  1    
1772      966   966   5756  1933 4096 
1773      6029  6029  9179  3113 8191 
1774      11304 11304 9179  4390 4096 
1775      8486  8486  7536  5638 1    
1776      5639  5639  7536  6734 4096 
1777      10830 10830 10824 7572 8191 
1778      15763 15763 10824 8071 4096 
1779      12167 12167 8430  8180 1    
1780      8181  8181  8430  7889 4096 
1781      11985 11985 10634 7227 8191 
1782      15418 15418 10634 6259 4096 
1783      10355 10355 7220  5079 1    
1784      5080  5080  7220  3802 4096 
1785      7898  7898  8857  2554 8191 
1786      10745 10745 8857  1458 4096 
1787      5554  5554  5564  620  1    
1788      621   621   5564  121  4096 
1789      4217  4217  7971  12   8191 
1790      8203  8203  7971  303  4096 
1791      2540  2540  11291 9581 2048 
