Signal Legend:

Key        Signal Name

0        = ADC_DB
1        = DAC_DA
2        = DAC_DB
3        = DE2_ADDA_TOP:U1|lpm_add:lpm|dataa
4        = DE2_ADDA_TOP:U1|lpm_add:lpm|datab

Data Table:

Signals-> 0    1     2     3    4    

sample

-256      7501 12650 12650 3180 4096 
-255      8169 7276  7276  1992 1    
-254      7217 1993  1993  1010 4096 
-253      8173 5106  5106  329  8191 
-252      6414 8520  8520  18   4096 
-251      8171 4114  4114  105  1    
-250      7200 106   106   583  4096 
-249      8174 4679  4679  1405 8191 
-248      7441 9596  9596  2491 4096 
-247      8170 6587  6587  3733 1    
-246      8839 3734  3734  5012 4096 
-245      8171 9108  9108  6200 8191 
-244      9128 14391 14391 7182 4096 
-243      8173 11278 11278 7863 1    
-242      9932 7864  7864  8174 4096 
-241      8169 12270 12270 8087 8191 
-240      9165 16278 16278 7609 4096 
-239      8171 11705 11705 6787 1    
-238      8927 6788  6788  5701 4096 
-237      8171 9797  9797  4459 8191 
-236      7506 12650 12650 3180 4096 
-235      8172 7276  7276  1992 1    
-234      7215 1993  1993  1010 4096 
-233      8174 5106  5106  329  8191 
-232      6418 8520  8520  18   4096 
-231      8169 4114  4114  105  1    
-230      7186 106   106   583  4096 
-229      8173 4679  4679  1405 8191 
-228      7436 9596  9596  2491 4096 
-227      8170 6587  6587  3733 1    
-226      8839 3734  3734  5012 4096 
-225      8171 9108  9108  6200 8191 
-224      9127 14391 14391 7182 4096 
-223      8176 11278 11278 7863 1    
-222      9925 7864  7864  8174 4096 
-221      8170 12270 12270 8087 8191 
-220      9170 16278 16278 7609 4096 
-219      8175 11705 11705 6787 1    
-218      8923 6788  6788  5701 4096 
-217      8171 9797  9797  4459 8191 
-216      7503 12650 12650 3180 4096 
-215      8171 7276  7276  1992 1    
-214      7209 1993  1993  1010 4096 
-213      8175 5106  5106  329  8191 
-212      6413 8520  8520  18   4096 
-211      8171 4114  4114  105  1    
-210      7191 106   106   583  4096 
-209      8173 4679  4679  1405 8191 
-208      7437 9596  9596  2491 4096 
-207      8171 6587  6587  3733 1    
-206      8835 3734  3734  5012 4096 
-205      8172 9108  9108  6200 8191 
-204      9128 14391 14391 7182 4096 
-203      8171 11278 11278 7863 1    
-202      9933 7864  7864  8174 4096 
-201      8170 12270 12270 8087 8191 
-200      9167 16278 16278 7609 4096 
-199      8172 11705 11705 6787 1    
-198      8928 6788  6788  5701 4096 
-197      8172 9797  9797  4459 8191 
-196      7505 12650 12650 3180 4096 
-195      8170 7276  7276  1992 1    
-194      7209 1993  1993  1010 4096 
-193      8173 5106  5106  329  8191 
-192      6414 8520  8520  18   4096 
-191      8169 4114  4114  105  1    
-190      7192 106   106   583  4096 
-189      8171 4679  4679  1405 8191 
-188      7437 9596  9596  2491 4096 
-187      8171 6587  6587  3733 1    
-186      8837 3734  3734  5012 4096 
-185      8172 9108  9108  6200 8191 
-184      9121 14391 14391 7182 4096 
-183      8172 11278 11278 7863 1    
-182      9939 7864  7864  8174 4096 
-181      8171 12270 12270 8087 8191 
-180      9172 16278 16278 7609 4096 
-179      8173 11705 11705 6787 1    
-178      8927 6788  6788  5701 4096 
-177      8171 9797  9797  4459 8191 
-176      7504 12650 12650 3180 4096 
-175      8174 7276  7276  1992 1    
-174      7209 1993  1993  1010 4096 
-173      8172 5106  5106  329  8191 
-172      6415 8520  8520  18   4096 
-171      8169 4114  4114  105  1    
-170      7198 106   106   583  4096 
-169      8174 4679  4679  1405 8191 
-168      7438 9596  9596  2491 4096 
-167      8169 6587  6587  3733 1    
-166      8836 3734  3734  5012 4096 
-165      8171 9108  9108  6200 8191 
-164      9126 14391 14391 7182 4096 
-163      8174 11278 11278 7863 1    
-162      9929 7864  7864  8174 4096 
-161      8169 12270 12270 8087 8191 
-160      9163 16278 16278 7609 4096 
-159      8174 11705 11705 6787 1    
-158      8928 6788  6788  5701 4096 
-157      8169 9797  9797  4459 8191 
-156      7504 12650 12650 3180 4096 
-155      8173 7276  7276  1992 1    
-154      7212 1993  1993  1010 4096 
-153      8173 5106  5106  329  8191 
-152      6416 8520  8520  18   4096 
-151      8169 4114  4114  105  1    
-150      7194 106   106   583  4096 
-149      8174 4679  4679  1405 8191 
-148      7437 9596  9596  2491 4096 
-147      8169 6587  6587  3733 1    
-146      8843 3734  3734  5012 4096 
-145      8173 9108  9108  6200 8191 
-144      9125 14391 14391 7182 4096 
-143      8172 11278 11278 7863 1    
-142      9939 7864  7864  8174 4096 
-141      8169 12270 12270 8087 8191 
-140      9173 16278 16278 7609 4096 
-139      8175 11705 11705 6787 1    
-138      8927 6788  6788  5701 4096 
-137      8171 9797  9797  4459 8191 
-136      7503 12650 12650 3180 4096 
-135      8173 7276  7276  1992 1    
-134      7208 1993  1993  1010 4096 
-133      8172 5106  5106  329  8191 
-132      6411 8520  8520  18   4096 
-131      8170 4114  4114  105  1    
-130      7195 106   106   583  4096 
-129      8172 4679  4679  1405 8191 
-128      7437 9596  9596  2491 4096 
-127      8170 6587  6587  3733 1    
-126      8836 3734  3734  5012 4096 
-125      8172 9108  9108  6200 8191 
-124      9124 14391 14391 7182 4096 
-123      8175 11278 11278 7863 1    
-122      9930 7864  7864  8174 4096 
-121      8169 12270 12270 8087 8191 
-120      9166 16278 16278 7609 4096 
-119      8171 11705 11705 6787 1    
-118      8930 6788  6788  5701 4096 
-117      8174 9797  9797  4459 8191 
-116      7503 12650 12650 3180 4096 
-115      8173 7276  7276  1992 1    
-114      7209 1993  1993  1010 4096 
-113      8173 5106  5106  329  8191 
-112      6413 8520  8520  18   4096 
-111      8171 4114  4114  105  1    
-110      7197 106   106   583  4096 
-109      8175 4679  4679  1405 8191 
-108      7443 9596  9596  2491 4096 
-107      8169 6587  6587  3733 1    
-106      8839 3734  3734  5012 4096 
-105      8171 9108  9108  6200 8191 
-104      9128 14391 14391 7182 4096 
-103      8175 11278 11278 7863 1    
-102      9938 7864  7864  8174 4096 
-101      8173 12270 12270 8087 8191 
-100      9169 16278 16278 7609 4096 
-99       8173 11705 11705 6787 1    
-98       8929 6788  6788  5701 4096 
-97       8169 9797  9797  4459 8191 
-96       7501 12650 12650 3180 4096 
-95       8173 7276  7276  1992 1    
-94       7211 1993  1993  1010 4096 
-93       8172 5106  5106  329  8191 
-92       6417 8520  8520  18   4096 
-91       8170 4114  4114  105  1    
-90       7193 106   106   583  4096 
-89       8176 4679  4679  1405 8191 
-88       7440 9596  9596  2491 4096 
-87       8169 6587  6587  3733 1    
-86       8833 3734  3734  5012 4096 
-85       8172 9108  9108  6200 8191 
-84       9124 14391 14391 7182 4096 
-83       8173 11278 11278 7863 1    
-82       9937 7864  7864  8174 4096 
-81       8170 12270 12270 8087 8191 
-80       9166 16278 16278 7609 4096 
-79       8173 11705 11705 6787 1    
-78       8927 6788  6788  5701 4096 
-77       8172 9797  9797  4459 8191 
-76       7504 12650 12650 3180 4096 
-75       8172 7276  7276  1992 1    
-74       7212 1993  1993  1010 4096 
-73       8172 5106  5106  329  8191 
-72       6417 8520  8520  18   4096 
-71       8169 4114  4114  105  1    
-70       7195 106   106   583  4096 
-69       8173 4679  4679  1405 8191 
-68       7439 9596  9596  2491 4096 
-67       8171 6587  6587  3733 1    
-66       8835 3734  3734  5012 4096 
-65       8172 9108  9108  6200 8191 
-64       9128 14391 14391 7182 4096 
-63       8172 11278 11278 7863 1    
-62       9932 7864  7864  8174 4096 
-61       8169 12270 12270 8087 8191 
-60       9167 16278 16278 7609 4096 
-59       8172 11705 11705 6787 1    
-58       8927 6788  6788  5701 4096 
-57       8170 9797  9797  4459 8191 
-56       7506 12650 12650 3180 4096 
-55       8170 7276  7276  1992 1    
-54       7210 1993  1993  1010 4096 
-53       8173 5106  5106  329  8191 
-52       6415 8520  8520  18   4096 
-51       8171 4114  4114  105  1    
-50       7192 106   106   583  4096 
-49       8173 4679  4679  1405 8191 
-48       7436 9596  9596  2491 4096 
-47       8171 6587  6587  3733 1    
-46       8841 3734  3734  5012 4096 
-45       8172 9108  9108  6200 8191 
-44       9127 14391 14391 7182 4096 
-43       8172 11278 11278 7863 1    
-42       9934 7864  7864  8174 4096 
-41       8170 12270 12270 8087 8191 
-40       9167 16278 16278 7609 4096 
-39       8173 11705 11705 6787 1    
-38       8926 6788  6788  5701 4096 
-37       8170 9797  9797  4459 8191 
-36       7506 12650 12650 3180 4096 
-35       8172 7276  7276  1992 1    
-34       7214 1993  1993  1010 4096 
-33       8172 5106  5106  329  8191 
-32       6416 8520  8520  18   4096 
-31       8169 4114  4114  105  1    
-30       7198 106   106   583  4096 
-29       8174 4679  4679  1405 8191 
-28       7439 9596  9596  2491 4096 
-27       8171 6587  6587  3733 1    
-26       8838 3734  3734  5012 4096 
-25       8171 9108  9108  6200 8191 
-24       9124 14391 14391 7182 4096 
-23       8171 11278 11278 7863 1    
-22       9934 7864  7864  8174 4096 
-21       8171 12270 12270 8087 8191 
-20       9173 16278 16278 7609 4096 
-19       8174 11705 11705 6787 1    
-18       8925 6788  6788  5701 4096 
-17       8172 9797  9797  4459 8191 
-16       7504 12650 12650 3180 4096 
-15       8173 7276  7276  1992 1    
-14       7208 1993  1993  1010 4096 
-13       8171 5106  5106  329  8191 
-12       6414 8520  8520  18   4096 
-11       8171 4114  4114  105  1    
-10       7193 106   106   583  4096 
-9        8172 4679  4679  1405 8191 
-8        7440 9596  9596  2491 4096 
-7        8169 6587  6587  3733 1    
-6        8839 3734  3734  5012 4096 
-5        8172 9108  9108  6200 8191 
-4        9129 14391 14391 7182 4096 
-3        8172 11278 11278 7863 1    
-2        9932 7864  7864  8174 4096 
-1        8170 12270 12270 8087 8191 
0         9168 16278 16278 7609 4096 
1         8175 11705 11705 6787 1    
2         8928 6788  6788  5701 4096 
3         8168 9797  9797  4459 8191 
4         7506 12650 12650 3180 4096 
5         8170 7276  7276  1992 1    
6         7211 1993  1993  1010 4096 
7         8174 5106  5106  329  8191 
8         6417 8520  8520  18   4096 
9         8170 4114  4114  105  1    
10        7188 106   106   583  4096 
11        8172 4679  4679  1405 8191 
12        7437 9596  9596  2491 4096 
13        8169 6587  6587  3733 1    
14        8839 3734  3734  5012 4096 
15        8173 9108  9108  6200 8191 
16        9128 14391 14391 7182 4096 
17        8171 11278 11278 7863 1    
18        9938 7864  7864  8174 4096 
19        8170 12270 12270 8087 8191 
20        9170 16278 16278 7609 4096 
21        8174 11705 11705 6787 1    
22        8927 6788  6788  5701 4096 
23        8172 9797  9797  4459 8191 
24        7506 12650 12650 3180 4096 
25        8172 7276  7276  1992 1    
26        7210 1993  1993  1010 4096 
27        8173 5106  5106  329  8191 
28        6413 8520  8520  18   4096 
29        8172 4114  4114  105  1    
30        7195 106   106   583  4096 
31        8174 4679  4679  1405 8191 
32        7436 9596  9596  2491 4096 
33        8169 6587  6587  3733 1    
34        8832 3734  3734  5012 4096 
35        8174 9108  9108  6200 8191 
36        9128 14391 14391 7182 4096 
37        8172 11278 11278 7863 1    
38        9930 7864  7864  8174 4096 
39        8170 12270 12270 8087 8191 
40        9170 16278 16278 7609 4096 
41        8173 11705 11705 6787 1    
42        8926 6788  6788  5701 4096 
43        8172 9797  9797  4459 8191 
44        7500 12650 12650 3180 4096 
45        8172 7276  7276  1992 1    
46        7208 1993  1993  1010 4096 
47        8171 5106  5106  329  8191 
48        6413 8520  8520  18   4096 
49        8170 4114  4114  105  1    
50        7195 106   106   583  4096 
51        8176 4679  4679  1405 8191 
52        7438 9596  9596  2491 4096 
53        8170 6587  6587  3733 1    
54        8839 3734  3734  5012 4096 
55        8171 9108  9108  6200 8191 
56        9128 14391 14391 7182 4096 
57        8174 11278 11278 7863 1    
58        9932 7864  7864  8174 4096 
59        8171 12270 12270 8087 8191 
60        9161 16278 16278 7609 4096 
61        8171 11705 11705 6787 1    
62        8927 6788  6788  5701 4096 
63        8171 9797  9797  4459 8191 
64        7506 12650 12650 3180 4096 
65        8169 7276  7276  1992 1    
66        7209 1993  1993  1010 4096 
67        8172 5106  5106  329  8191 
68        6413 8520  8520  18   4096 
69        8169 4114  4114  105  1    
70        7192 106   106   583  4096 
71        8171 4679  4679  1405 8191 
72        7438 9596  9596  2491 4096 
73        8171 6587  6587  3733 1    
74        8837 3734  3734  5012 4096 
75        8172 9108  9108  6200 8191 
76        9123 14391 14391 7182 4096 
77        8173 11278 11278 7863 1    
78        9930 7864  7864  8174 4096 
79        8168 12270 12270 8087 8191 
80        9167 16278 16278 7609 4096 
81        8173 11705 11705 6787 1    
82        8926 6788  6788  5701 4096 
83        8172 9797  9797  4459 8191 
84        7504 12650 12650 3180 4096 
85        8170 7276  7276  1992 1    
86        7214 1993  1993  1010 4096 
87        8172 5106  5106  329  8191 
88        6416 8520  8520  18   4096 
89        8169 4114  4114  105  1    
90        7197 106   106   583  4096 
91        8170 4679  4679  1405 8191 
92        7439 9596  9596  2491 4096 
93        8170 6587  6587  3733 1    
94        8841 3734  3734  5012 4096 
95        8173 9108  9108  6200 8191 
96        9128 14391 14391 7182 4096 
97        8173 11278 11278 7863 1    
98        9932 7864  7864  8174 4096 
99        8168 12270 12270 8087 8191 
100       9167 16278 16278 7609 4096 
101       8173 11705 11705 6787 1    
102       8924 6788  6788  5701 4096 
103       8171 9797  9797  4459 8191 
104       7504 12650 12650 3180 4096 
105       8173 7276  7276  1992 1    
106       7207 1993  1993  1010 4096 
107       8174 5106  5106  329  8191 
108       6417 8520  8520  18   4096 
109       8169 4114  4114  105  1    
110       7201 106   106   583  4096 
111       8173 4679  4679  1405 8191 
112       7441 9596  9596  2491 4096 
113       8171 6587  6587  3733 1    
114       8841 3734  3734  5012 4096 
115       8173 9108  9108  6200 8191 
116       9126 14391 14391 7182 4096 
117       8171 11278 11278 7863 1    
118       9932 7864  7864  8174 4096 
119       8169 12270 12270 8087 8191 
120       9170 16278 16278 7609 4096 
121       8173 11705 11705 6787 1    
122       8922 6788  6788  5701 4096 
123       8169 9797  9797  4459 8191 
124       7503 12650 12650 3180 4096 
125       8170 7276  7276  1992 1    
126       7213 1993  1993  1010 4096 
127       8174 5106  5106  329  8191 
128       6417 8520  8520  18   4096 
129       8169 4114  4114  105  1    
130       7198 106   106   583  4096 
131       8176 4679  4679  1405 8191 
132       7441 9596  9596  2491 4096 
133       8171 6587  6587  3733 1    
134       8840 3734  3734  5012 4096 
135       8174 9108  9108  6200 8191 
136       9131 14391 14391 7182 4096 
137       8173 11278 11278 7863 1    
138       9932 7864  7864  8174 4096 
139       8169 12270 12270 8087 8191 
140       9170 16278 16278 7609 4096 
141       8172 11705 11705 6787 1    
142       8927 6788  6788  5701 4096 
143       8168 9797  9797  4459 8191 
144       7501 12650 12650 3180 4096 
145       8171 7276  7276  1992 1    
146       7205 1993  1993  1010 4096 
147       8175 5106  5106  329  8191 
148       6415 8520  8520  18   4096 
149       8171 4114  4114  105  1    
150       7200 106   106   583  4096 
151       8174 4679  4679  1405 8191 
152       7440 9596  9596  2491 4096 
153       8171 6587  6587  3733 1    
154       8839 3734  3734  5012 4096 
155       8171 9108  9108  6200 8191 
156       9127 14391 14391 7182 4096 
157       8172 11278 11278 7863 1    
158       9927 7864  7864  8174 4096 
159       8170 12270 12270 8087 8191 
160       9165 16278 16278 7609 4096 
161       8176 11705 11705 6787 1    
162       8927 6788  6788  5701 4096 
163       8171 9797  9797  4459 8191 
164       7504 12650 12650 3180 4096 
165       8172 7276  7276  1992 1    
166       7216 1993  1993  1010 4096 
167       8173 5106  5106  329  8191 
168       6418 8520  8520  18   4096 
169       8171 4114  4114  105  1    
170       7191 106   106   583  4096 
171       8173 4679  4679  1405 8191 
172       7437 9596  9596  2491 4096 
173       8171 6587  6587  3733 1    
174       8839 3734  3734  5012 4096 
175       8172 9108  9108  6200 8191 
176       9121 14391 14391 7182 4096 
177       8174 11278 11278 7863 1    
178       9933 7864  7864  8174 4096 
179       8169 12270 12270 8087 8191 
180       9161 16278 16278 7609 4096 
181       8173 11705 11705 6787 1    
182       8925 6788  6788  5701 4096 
183       8173 9797  9797  4459 8191 
184       7507 12650 12650 3180 4096 
185       8172 7276  7276  1992 1    
186       7207 1993  1993  1010 4096 
187       8172 5106  5106  329  8191 
188       6413 8520  8520  18   4096 
189       8170 4114  4114  105  1    
190       7192 106   106   583  4096 
191       8173 4679  4679  1405 8191 
192       7439 9596  9596  2491 4096 
193       8169 6587  6587  3733 1    
194       8840 3734  3734  5012 4096 
195       8172 9108  9108  6200 8191 
196       9124 14391 14391 7182 4096 
197       8173 11278 11278 7863 1    
198       9933 7864  7864  8174 4096 
199       8171 12270 12270 8087 8191 
200       9176 16278 16278 7609 4096 
201       8174 11705 11705 6787 1    
202       8925 6788  6788  5701 4096 
203       8171 9797  9797  4459 8191 
204       7503 12650 12650 3180 4096 
205       8170 7276  7276  1992 1    
206       7215 1993  1993  1010 4096 
207       8174 5106  5106  329  8191 
208       6417 8520  8520  18   4096 
209       8171 4114  4114  105  1    
210       7198 106   106   583  4096 
211       8174 4679  4679  1405 8191 
212       7441 9596  9596  2491 4096 
213       8172 6587  6587  3733 1    
214       8837 3734  3734  5012 4096 
215       8172 9108  9108  6200 8191 
216       9124 14391 14391 7182 4096 
217       8174 11278 11278 7863 1    
218       9934 7864  7864  8174 4096 
219       8171 12270 12270 8087 8191 
220       9167 16278 16278 7609 4096 
221       8174 11705 11705 6787 1    
222       8927 6788  6788  5701 4096 
223       8171 9797  9797  4459 8191 
224       7505 12650 12650 3180 4096 
225       8171 7276  7276  1992 1    
226       7210 1993  1993  1010 4096 
227       8173 5106  5106  329  8191 
228       6415 8520  8520  18   4096 
229       8170 4114  4114  105  1    
230       7192 106   106   583  4096 
231       8172 4679  4679  1405 8191 
232       7438 9596  9596  2491 4096 
233       8169 6587  6587  3733 1    
234       8839 3734  3734  5012 4096 
235       8173 9108  9108  6200 8191 
236       9126 14391 14391 7182 4096 
237       8172 11278 11278 7863 1    
238       9932 7864  7864  8174 4096 
239       8171 12270 12270 8087 8191 
240       9167 16278 16278 7609 4096 
241       8172 11705 11705 6787 1    
242       8925 6788  6788  5701 4096 
243       8174 9797  9797  4459 8191 
244       7502 12650 12650 3180 4096 
245       8173 7276  7276  1992 1    
246       7217 1993  1993  1010 4096 
247       8172 5106  5106  329  8191 
248       6419 8520  8520  18   4096 
249       8171 4114  4114  105  1    
250       7194 106   106   583  4096 
251       8172 4679  4679  1405 8191 
252       7436 9596  9596  2491 4096 
253       8169 6587  6587  3733 1    
254       8837 3734  3734  5012 4096 
255       8171 9108  9108  6200 8191 
256       9126 14391 14391 7182 4096 
257       8173 11278 11278 7863 1    
258       9933 7864  7864  8174 4096 
259       8170 12270 12270 8087 8191 
260       9167 16278 16278 7609 4096 
261       8172 11705 11705 6787 1    
262       8925 6788  6788  5701 4096 
263       8170 9797  9797  4459 8191 
264       7507 12650 12650 3180 4096 
265       8173 7276  7276  1992 1    
266       7213 1993  1993  1010 4096 
267       8174 5106  5106  329  8191 
268       6415 8520  8520  18   4096 
269       8169 4114  4114  105  1    
270       7190 106   106   583  4096 
271       8174 4679  4679  1405 8191 
272       7440 9596  9596  2491 4096 
273       8169 6587  6587  3733 1    
274       8838 3734  3734  5012 4096 
275       8172 9108  9108  6200 8191 
276       9126 14391 14391 7182 4096 
277       8171 11278 11278 7863 1    
278       9935 7864  7864  8174 4096 
279       8171 12270 12270 8087 8191 
280       9173 16278 16278 7609 4096 
281       8173 11705 11705 6787 1    
282       8928 6788  6788  5701 4096 
283       8168 9797  9797  4459 8191 
284       7500 12650 12650 3180 4096 
285       8172 7276  7276  1992 1    
286       7212 1993  1993  1010 4096 
287       8171 5106  5106  329  8191 
288       6413 8520  8520  18   4096 
289       8169 4114  4114  105  1    
290       7194 106   106   583  4096 
291       8174 4679  4679  1405 8191 
292       7439 9596  9596  2491 4096 
293       8170 6587  6587  3733 1    
294       8840 3734  3734  5012 4096 
295       8172 9108  9108  6200 8191 
296       9124 14391 14391 7182 4096 
297       8172 11278 11278 7863 1    
298       9939 7864  7864  8174 4096 
299       8169 12270 12270 8087 8191 
300       9170 16278 16278 7609 4096 
301       8175 11705 11705 6787 1    
302       8928 6788  6788  5701 4096 
303       8171 9797  9797  4459 8191 
304       7504 12650 12650 3180 4096 
305       8171 7276  7276  1992 1    
306       7211 1993  1993  1010 4096 
307       8173 5106  5106  329  8191 
308       6417 8520  8520  18   4096 
309       8173 4114  4114  105  1    
310       7203 106   106   583  4096 
311       8171 4679  4679  1405 8191 
312       7437 9596  9596  2491 4096 
313       8170 6587  6587  3733 1    
314       8835 3734  3734  5012 4096 
315       8172 9108  9108  6200 8191 
316       9128 14391 14391 7182 4096 
317       8175 11278 11278 7863 1    
318       9935 7864  7864  8174 4096 
319       8168 12270 12270 8087 8191 
320       9171 16278 16278 7609 4096 
321       8173 11705 11705 6787 1    
322       8924 6788  6788  5701 4096 
323       8171 9797  9797  4459 8191 
324       7508 12650 12650 3180 4096 
325       8173 7276  7276  1992 1    
326       7215 1993  1993  1010 4096 
327       8174 5106  5106  329  8191 
328       6413 8520  8520  18   4096 
329       8170 4114  4114  105  1    
330       7192 106   106   583  4096 
331       8173 4679  4679  1405 8191 
332       7440 9596  9596  2491 4096 
333       8172 6587  6587  3733 1    
334       8833 3734  3734  5012 4096 
335       8172 9108  9108  6200 8191 
336       9128 14391 14391 7182 4096 
337       8173 11278 11278 7863 1    
338       9933 7864  7864  8174 4096 
339       8169 12270 12270 8087 8191 
340       9169 16278 16278 7609 4096 
341       8173 11705 11705 6787 1    
342       8924 6788  6788  5701 4096 
343       8169 9797  9797  4459 8191 
344       7503 12650 12650 3180 4096 
345       8169 7276  7276  1992 1    
346       7212 1993  1993  1010 4096 
347       8175 5106  5106  329  8191 
348       6414 8520  8520  18   4096 
349       8171 4114  4114  105  1    
350       7195 106   106   583  4096 
351       8174 4679  4679  1405 8191 
352       7437 9596  9596  2491 4096 
353       8171 6587  6587  3733 1    
354       8840 3734  3734  5012 4096 
355       8173 9108  9108  6200 8191 
356       9126 14391 14391 7182 4096 
357       8174 11278 11278 7863 1    
358       9933 7864  7864  8174 4096 
359       8169 12270 12270 8087 8191 
360       9168 16278 16278 7609 4096 
361       8171 11705 11705 6787 1    
362       8927 6788  6788  5701 4096 
363       8170 9797  9797  4459 8191 
364       7504 12650 12650 3180 4096 
365       8176 7276  7276  1992 1    
366       7212 1993  1993  1010 4096 
367       8172 5106  5106  329  8191 
368       6415 8520  8520  18   4096 
369       8170 4114  4114  105  1    
370       7200 106   106   583  4096 
371       8172 4679  4679  1405 8191 
372       7439 9596  9596  2491 4096 
373       8168 6587  6587  3733 1    
374       8840 3734  3734  5012 4096 
375       8172 9108  9108  6200 8191 
376       9129 14391 14391 7182 4096 
377       8173 11278 11278 7863 1    
378       9932 7864  7864  8174 4096 
379       8169 12270 12270 8087 8191 
380       9161 16278 16278 7609 4096 
381       8173 11705 11705 6787 1    
382       8925 6788  6788  5701 4096 
383       8171 9797  9797  4459 8191 
384       7507 12650 12650 3180 4096 
385       8174 7276  7276  1992 1    
386       7217 1993  1993  1010 4096 
387       8173 5106  5106  329  8191 
388       6415 8520  8520  18   4096 
389       8169 4114  4114  105  1    
390       7200 106   106   583  4096 
391       8171 4679  4679  1405 8191 
392       7438 9596  9596  2491 4096 
393       8171 6587  6587  3733 1    
394       8840 3734  3734  5012 4096 
395       8172 9108  9108  6200 8191 
396       9124 14391 14391 7182 4096 
397       8175 11278 11278 7863 1    
398       9931 7864  7864  8174 4096 
399       8170 12270 12270 8087 8191 
400       9171 16278 16278 7609 4096 
401       8174 11705 11705 6787 1    
402       8928 6788  6788  5701 4096 
403       8173 9797  9797  4459 8191 
404       7505 12650 12650 3180 4096 
405       8172 7276  7276  1992 1    
406       7217 1993  1993  1010 4096 
407       8172 5106  5106  329  8191 
408       6416 8520  8520  18   4096 
409       8171 4114  4114  105  1    
410       7201 106   106   583  4096 
411       8173 4679  4679  1405 8191 
412       7439 9596  9596  2491 4096 
413       8171 6587  6587  3733 1    
414       8841 3734  3734  5012 4096 
415       8172 9108  9108  6200 8191 
416       9125 14391 14391 7182 4096 
417       8172 11278 11278 7863 1    
418       9937 7864  7864  8174 4096 
419       8171 12270 12270 8087 8191 
420       9172 16278 16278 7609 4096 
421       8172 11705 11705 6787 1    
422       8925 6788  6788  5701 4096 
423       8171 9797  9797  4459 8191 
424       7504 12650 12650 3180 4096 
425       8172 7276  7276  1992 1    
426       7213 1993  1993  1010 4096 
427       8172 5106  5106  329  8191 
428       6416 8520  8520  18   4096 
429       8170 4114  4114  105  1    
430       7198 106   106   583  4096 
431       8176 4679  4679  1405 8191 
432       7438 9596  9596  2491 4096 
433       8170 6587  6587  3733 1    
434       8840 3734  3734  5012 4096 
435       8173 9108  9108  6200 8191 
436       9123 14391 14391 7182 4096 
437       8173 11278 11278 7863 1    
438       9929 7864  7864  8174 4096 
439       8169 12270 12270 8087 8191 
440       9165 16278 16278 7609 4096 
441       8175 11705 11705 6787 1    
442       8924 6788  6788  5701 4096 
443       8169 9797  9797  4459 8191 
444       7503 12650 12650 3180 4096 
445       8172 7276  7276  1992 1    
446       7206 1993  1993  1010 4096 
447       8173 5106  5106  329  8191 
448       6413 8520  8520  18   4096 
449       8169 4114  4114  105  1    
450       7200 106   106   583  4096 
451       8173 4679  4679  1405 8191 
452       7439 9596  9596  2491 4096 
453       8168 6587  6587  3733 1    
454       8842 3734  3734  5012 4096 
455       8171 9108  9108  6200 8191 
456       9126 14391 14391 7182 4096 
457       8173 11278 11278 7863 1    
458       9934 7864  7864  8174 4096 
459       8168 12270 12270 8087 8191 
460       9168 16278 16278 7609 4096 
461       8172 11705 11705 6787 1    
462       8926 6788  6788  5701 4096 
463       8170 9797  9797  4459 8191 
464       7501 12650 12650 3180 4096 
465       8172 7276  7276  1992 1    
466       7215 1993  1993  1010 4096 
467       8175 5106  5106  329  8191 
468       6416 8520  8520  18   4096 
469       8170 4114  4114  105  1    
470       7201 106   106   583  4096 
471       8174 4679  4679  1405 8191 
472       7440 9596  9596  2491 4096 
473       8170 6587  6587  3733 1    
474       8837 3734  3734  5012 4096 
475       8172 9108  9108  6200 8191 
476       9126 14391 14391 7182 4096 
477       8174 11278 11278 7863 1    
478       9932 7864  7864  8174 4096 
479       8170 12270 12270 8087 8191 
480       9162 16278 16278 7609 4096 
481       8172 11705 11705 6787 1    
482       8925 6788  6788  5701 4096 
483       8170 9797  9797  4459 8191 
484       7503 12650 12650 3180 4096 
485       8171 7276  7276  1992 1    
486       7212 1993  1993  1010 4096 
487       8173 5106  5106  329  8191 
488       6417 8520  8520  18   4096 
489       8170 4114  4114  105  1    
490       7197 106   106   583  4096 
491       8174 4679  4679  1405 8191 
492       7439 9596  9596  2491 4096 
493       8170 6587  6587  3733 1    
494       8841 3734  3734  5012 4096 
495       8172 9108  9108  6200 8191 
496       9123 14391 14391 7182 4096 
497       8174 11278 11278 7863 1    
498       9930 7864  7864  8174 4096 
499       8169 12270 12270 8087 8191 
500       9167 16278 16278 7609 4096 
501       8173 11705 11705 6787 1    
502       8928 6788  6788  5701 4096 
503       8170 9797  9797  4459 8191 
504       7507 12650 12650 3180 4096 
505       8172 7276  7276  1992 1    
506       7208 1993  1993  1010 4096 
507       8173 5106  5106  329  8191 
508       6412 8520  8520  18   4096 
509       8170 4114  4114  105  1    
510       7200 106   106   583  4096 
511       8172 4679  4679  1405 8191 
512       7439 9596  9596  2491 4096 
513       8171 6587  6587  3733 1    
514       8840 3734  3734  5012 4096 
515       8172 9108  9108  6200 8191 
516       9124 14391 14391 7182 4096 
517       8173 11278 11278 7863 1    
518       9938 7864  7864  8174 4096 
519       8171 12270 12270 8087 8191 
520       9173 16278 16278 7609 4096 
521       8173 11705 11705 6787 1    
522       8927 6788  6788  5701 4096 
523       8169 9797  9797  4459 8191 
524       7500 12650 12650 3180 4096 
525       8171 7276  7276  1992 1    
526       7215 1993  1993  1010 4096 
527       8174 5106  5106  329  8191 
528       6417 8520  8520  18   4096 
529       8170 4114  4114  105  1    
530       7206 106   106   583  4096 
531       8174 4679  4679  1405 8191 
532       7440 9596  9596  2491 4096 
533       8171 6587  6587  3733 1    
534       8834 3734  3734  5012 4096 
535       8169 9108  9108  6200 8191 
536       9126 14391 14391 7182 4096 
537       8175 11278 11278 7863 1    
538       9929 7864  7864  8174 4096 
539       8171 12270 12270 8087 8191 
540       9166 16278 16278 7609 4096 
541       8173 11705 11705 6787 1    
542       8925 6788  6788  5701 4096 
543       8170 9797  9797  4459 8191 
544       7504 12650 12650 3180 4096 
545       8172 7276  7276  1992 1    
546       7213 1993  1993  1010 4096 
547       8171 5106  5106  329  8191 
548       6417 8520  8520  18   4096 
549       8173 4114  4114  105  1    
550       7197 106   106   583  4096 
551       8177 4679  4679  1405 8191 
552       7443 9596  9596  2491 4096 
553       8170 6587  6587  3733 1    
554       8841 3734  3734  5012 4096 
555       8172 9108  9108  6200 8191 
556       9125 14391 14391 7182 4096 
557       8174 11278 11278 7863 1    
558       9931 7864  7864  8174 4096 
559       8170 12270 12270 8087 8191 
560       9167 16278 16278 7609 4096 
561       8174 11705 11705 6787 1    
562       8925 6788  6788  5701 4096 
563       8173 9797  9797  4459 8191 
564       7505 12650 12650 3180 4096 
565       8173 7276  7276  1992 1    
566       7211 1993  1993  1010 4096 
567       8171 5106  5106  329  8191 
568       6416 8520  8520  18   4096 
569       8171 4114  4114  105  1    
570       7200 106   106   583  4096 
571       8172 4679  4679  1405 8191 
572       7439 9596  9596  2491 4096 
573       8169 6587  6587  3733 1    
574       8841 3734  3734  5012 4096 
575       8172 9108  9108  6200 8191 
576       9125 14391 14391 7182 4096 
577       8174 11278 11278 7863 1    
578       9935 7864  7864  8174 4096 
579       8168 12270 12270 8087 8191 
580       9170 16278 16278 7609 4096 
581       8174 11705 11705 6787 1    
582       8925 6788  6788  5701 4096 
583       8170 9797  9797  4459 8191 
584       7506 12650 12650 3180 4096 
585       8172 7276  7276  1992 1    
586       7216 1993  1993  1010 4096 
587       8172 5106  5106  329  8191 
588       6417 8520  8520  18   4096 
589       8170 4114  4114  105  1    
590       7197 106   106   583  4096 
591       8172 4679  4679  1405 8191 
592       7441 9596  9596  2491 4096 
593       8171 6587  6587  3733 1    
594       8836 3734  3734  5012 4096 
595       8173 9108  9108  6200 8191 
596       9128 14391 14391 7182 4096 
597       8172 11278 11278 7863 1    
598       9932 7864  7864  8174 4096 
599       8170 12270 12270 8087 8191 
600       9170 16278 16278 7609 4096 
601       8173 11705 11705 6787 1    
602       8927 6788  6788  5701 4096 
603       8170 9797  9797  4459 8191 
604       7505 12650 12650 3180 4096 
605       8170 7276  7276  1992 1    
606       7210 1993  1993  1010 4096 
607       8170 5106  5106  329  8191 
608       6417 8520  8520  18   4096 
609       8173 4114  4114  105  1    
610       7199 106   106   583  4096 
611       8173 4679  4679  1405 8191 
612       7437 9596  9596  2491 4096 
613       8171 6587  6587  3733 1    
614       8837 3734  3734  5012 4096 
615       8171 9108  9108  6200 8191 
616       9129 14391 14391 7182 4096 
617       8173 11278 11278 7863 1    
618       9931 7864  7864  8174 4096 
619       8167 12270 12270 8087 8191 
620       9169 16278 16278 7609 4096 
621       8175 11705 11705 6787 1    
622       8928 6788  6788  5701 4096 
623       8170 9797  9797  4459 8191 
624       7505 12650 12650 3180 4096 
625       8174 7276  7276  1992 1    
626       7208 1993  1993  1010 4096 
627       8172 5106  5106  329  8191 
628       6415 8520  8520  18   4096 
629       8171 4114  4114  105  1    
630       7194 106   106   583  4096 
631       8174 4679  4679  1405 8191 
632       7437 9596  9596  2491 4096 
633       8172 6587  6587  3733 1    
634       8837 3734  3734  5012 4096 
635       8173 9108  9108  6200 8191 
636       9127 14391 14391 7182 4096 
637       8174 11278 11278 7863 1    
638       9941 7864  7864  8174 4096 
639       8169 12270 12270 8087 8191 
640       9170 16278 16278 7609 4096 
641       8173 11705 11705 6787 1    
642       8927 6788  6788  5701 4096 
643       8170 9797  9797  4459 8191 
644       7504 12650 12650 3180 4096 
645       8170 7276  7276  1992 1    
646       7215 1993  1993  1010 4096 
647       8172 5106  5106  329  8191 
648       6413 8520  8520  18   4096 
649       8171 4114  4114  105  1    
650       7195 106   106   583  4096 
651       8174 4679  4679  1405 8191 
652       7438 9596  9596  2491 4096 
653       8169 6587  6587  3733 1    
654       8834 3734  3734  5012 4096 
655       8174 9108  9108  6200 8191 
656       9129 14391 14391 7182 4096 
657       8174 11278 11278 7863 1    
658       9927 7864  7864  8174 4096 
659       8170 12270 12270 8087 8191 
660       9169 16278 16278 7609 4096 
661       8173 11705 11705 6787 1    
662       8923 6788  6788  5701 4096 
663       8172 9797  9797  4459 8191 
664       7502 12650 12650 3180 4096 
665       8173 7276  7276  1992 1    
666       7209 1993  1993  1010 4096 
667       8173 5106  5106  329  8191 
668       6415 8520  8520  18   4096 
669       8172 4114  4114  105  1    
670       7198 106   106   583  4096 
671       8173 4679  4679  1405 8191 
672       7439 9596  9596  2491 4096 
673       8171 6587  6587  3733 1    
674       8835 3734  3734  5012 4096 
675       8172 9108  9108  6200 8191 
676       9125 14391 14391 7182 4096 
677       8171 11278 11278 7863 1    
678       9928 7864  7864  8174 4096 
679       8170 12270 12270 8087 8191 
680       9167 16278 16278 7609 4096 
681       8173 11705 11705 6787 1    
682       8931 6788  6788  5701 4096 
683       8171 9797  9797  4459 8191 
684       7501 12650 12650 3180 4096 
685       8172 7276  7276  1992 1    
686       7210 1993  1993  1010 4096 
687       8172 5106  5106  329  8191 
688       6414 8520  8520  18   4096 
689       8169 4114  4114  105  1    
690       7195 106   106   583  4096 
691       8174 4679  4679  1405 8191 
692       7440 9596  9596  2491 4096 
693       8170 6587  6587  3733 1    
694       8844 3734  3734  5012 4096 
695       8172 9108  9108  6200 8191 
696       9125 14391 14391 7182 4096 
697       8173 11278 11278 7863 1    
698       9937 7864  7864  8174 4096 
699       8170 12270 12270 8087 8191 
700       9165 16278 16278 7609 4096 
701       8175 11705 11705 6787 1    
702       8927 6788  6788  5701 4096 
703       8172 9797  9797  4459 8191 
704       7504 12650 12650 3180 4096 
705       8171 7276  7276  1992 1    
706       7209 1993  1993  1010 4096 
707       8173 5106  5106  329  8191 
708       6414 8520  8520  18   4096 
709       8170 4114  4114  105  1    
710       7201 106   106   583  4096 
711       8175 4679  4679  1405 8191 
712       7437 9596  9596  2491 4096 
713       8171 6587  6587  3733 1    
714       8837 3734  3734  5012 4096 
715       8172 9108  9108  6200 8191 
716       9126 14391 14391 7182 4096 
717       8173 11278 11278 7863 1    
718       9930 7864  7864  8174 4096 
719       8170 12270 12270 8087 8191 
720       9169 16278 16278 7609 4096 
721       8173 11705 11705 6787 1    
722       8928 6788  6788  5701 4096 
723       8169 9797  9797  4459 8191 
724       7503 12650 12650 3180 4096 
725       8172 7276  7276  1992 1    
726       7213 1993  1993  1010 4096 
727       8172 5106  5106  329  8191 
728       6416 8520  8520  18   4096 
729       8169 4114  4114  105  1    
730       7196 106   106   583  4096 
731       8172 4679  4679  1405 8191 
732       7441 9596  9596  2491 4096 
733       8174 6587  6587  3733 1    
734       8840 3734  3734  5012 4096 
735       8174 9108  9108  6200 8191 
736       9127 14391 14391 7182 4096 
737       8172 11278 11278 7863 1    
738       9937 7864  7864  8174 4096 
739       8170 12270 12270 8087 8191 
740       9173 16278 16278 7609 4096 
741       8172 11705 11705 6787 1    
742       8927 6788  6788  5701 4096 
743       8170 9797  9797  4459 8191 
744       7507 12650 12650 3180 4096 
745       8173 7276  7276  1992 1    
746       7211 1993  1993  1010 4096 
747       8172 5106  5106  329  8191 
748       6418 8520  8520  18   4096 
749       8170 4114  4114  105  1    
750       7199 106   106   583  4096 
751       8173 4679  4679  1405 8191 
752       7438 9596  9596  2491 4096 
753       8170 6587  6587  3733 1    
754       8838 3734  3734  5012 4096 
755       8171 9108  9108  6200 8191 
756       9128 14391 14391 7182 4096 
757       8172 11278 11278 7863 1    
758       9930 7864  7864  8174 4096 
759       8169 12270 12270 8087 8191 
760       9167 16278 16278 7609 4096 
761       8173 11705 11705 6787 1    
762       8928 6788  6788  5701 4096 
763       8169 9797  9797  4459 8191 
764       7503 12650 12650 3180 4096 
765       8171 7276  7276  1992 1    
766       7205 1993  1993  1010 4096 
767       8173 5106  5106  329  8191 
768       6411 8520  8520  18   4096 
769       8169 4114  4114  105  1    
770       7194 106   106   583  4096 
771       8172 4679  4679  1405 8191 
772       7435 9596  9596  2491 4096 
773       8169 6587  6587  3733 1    
774       8836 3734  3734  5012 4096 
775       8173 9108  9108  6200 8191 
776       9125 14391 14391 7182 4096 
777       8173 11278 11278 7863 1    
778       9938 7864  7864  8174 4096 
779       8170 12270 12270 8087 8191 
780       9173 16278 16278 7609 4096 
781       8172 11705 11705 6787 1    
782       8929 6788  6788  5701 4096 
783       8171 9797  9797  4459 8191 
784       7503 12650 12650 3180 4096 
785       8170 7276  7276  1992 1    
786       7213 1993  1993  1010 4096 
787       8171 5106  5106  329  8191 
788       6414 8520  8520  18   4096 
789       8169 4114  4114  105  1    
790       7196 106   106   583  4096 
791       8171 4679  4679  1405 8191 
792       7439 9596  9596  2491 4096 
793       8170 6587  6587  3733 1    
794       8839 3734  3734  5012 4096 
795       8172 9108  9108  6200 8191 
796       9124 14391 14391 7182 4096 
797       8171 11278 11278 7863 1    
798       9939 7864  7864  8174 4096 
799       8169 12270 12270 8087 8191 
800       9169 16278 16278 7609 4096 
801       8173 11705 11705 6787 1    
802       8927 6788  6788  5701 4096 
803       8173 9797  9797  4459 8191 
804       7506 12650 12650 3180 4096 
805       8172 7276  7276  1992 1    
806       7208 1993  1993  1010 4096 
807       8172 5106  5106  329  8191 
808       6412 8520  8520  18   4096 
809       8168 4114  4114  105  1    
810       7193 106   106   583  4096 
811       8174 4679  4679  1405 8191 
812       7439 9596  9596  2491 4096 
813       8169 6587  6587  3733 1    
814       8833 3734  3734  5012 4096 
815       8171 9108  9108  6200 8191 
816       9129 14391 14391 7182 4096 
817       8175 11278 11278 7863 1    
818       9929 7864  7864  8174 4096 
819       8170 12270 12270 8087 8191 
820       9172 16278 16278 7609 4096 
821       8175 11705 11705 6787 1    
822       8929 6788  6788  5701 4096 
823       8169 9797  9797  4459 8191 
824       7504 12650 12650 3180 4096 
825       8171 7276  7276  1992 1    
826       7211 1993  1993  1010 4096 
827       8172 5106  5106  329  8191 
828       6416 8520  8520  18   4096 
829       8170 4114  4114  105  1    
830       7197 106   106   583  4096 
831       8174 4679  4679  1405 8191 
832       7440 9596  9596  2491 4096 
833       8168 6587  6587  3733 1    
834       8840 3734  3734  5012 4096 
835       8174 9108  9108  6200 8191 
836       9129 14391 14391 7182 4096 
837       8172 11278 11278 7863 1    
838       9936 7864  7864  8174 4096 
839       8169 12270 12270 8087 8191 
840       9169 16278 16278 7609 4096 
841       8173 11705 11705 6787 1    
842       8923 6788  6788  5701 4096 
843       8171 9797  9797  4459 8191 
844       7500 12650 12650 3180 4096 
845       8173 7276  7276  1992 1    
846       7208 1993  1993  1010 4096 
847       8171 5106  5106  329  8191 
848       6414 8520  8520  18   4096 
849       8172 4114  4114  105  1    
850       7198 106   106   583  4096 
851       8172 4679  4679  1405 8191 
852       7437 9596  9596  2491 4096 
853       8171 6587  6587  3733 1    
854       8838 3734  3734  5012 4096 
855       8172 9108  9108  6200 8191 
856       9127 14391 14391 7182 4096 
857       8174 11278 11278 7863 1    
858       9932 7864  7864  8174 4096 
859       8170 12270 12270 8087 8191 
860       9161 16278 16278 7609 4096 
861       8174 11705 11705 6787 1    
862       8930 6788  6788  5701 4096 
863       8170 9797  9797  4459 8191 
864       7503 12650 12650 3180 4096 
865       8171 7276  7276  1992 1    
866       7209 1993  1993  1010 4096 
867       8173 5106  5106  329  8191 
868       6415 8520  8520  18   4096 
869       8171 4114  4114  105  1    
870       7196 106   106   583  4096 
871       8173 4679  4679  1405 8191 
872       7438 9596  9596  2491 4096 
873       8169 6587  6587  3733 1    
874       8842 3734  3734  5012 4096 
875       8172 9108  9108  6200 8191 
876       9125 14391 14391 7182 4096 
877       8172 11278 11278 7863 1    
878       9939 7864  7864  8174 4096 
879       8170 12270 12270 8087 8191 
880       9171 16278 16278 7609 4096 
881       8173 11705 11705 6787 1    
882       8931 6788  6788  5701 4096 
883       8171 9797  9797  4459 8191 
884       7504 12650 12650 3180 4096 
885       8172 7276  7276  1992 1    
886       7213 1993  1993  1010 4096 
887       8174 5106  5106  329  8191 
888       6418 8520  8520  18   4096 
889       8169 4114  4114  105  1    
890       7197 106   106   583  4096 
891       8174 4679  4679  1405 8191 
892       7439 9596  9596  2491 4096 
893       8171 6587  6587  3733 1    
894       8834 3734  3734  5012 4096 
895       8172 9108  9108  6200 8191 
896       9125 14391 14391 7182 4096 
897       8173 11278 11278 7863 1    
898       9935 7864  7864  8174 4096 
899       8171 12270 12270 8087 8191 
900       9168 16278 16278 7609 4096 
901       8173 11705 11705 6787 1    
902       8927 6788  6788  5701 4096 
903       8171 9797  9797  4459 8191 
904       7507 12650 12650 3180 4096 
905       8172 7276  7276  1992 1    
906       7210 1993  1993  1010 4096 
907       8173 5106  5106  329  8191 
908       6415 8520  8520  18   4096 
909       8170 4114  4114  105  1    
910       7199 106   106   583  4096 
911       8174 4679  4679  1405 8191 
912       7441 9596  9596  2491 4096 
913       8169 6587  6587  3733 1    
914       8837 3734  3734  5012 4096 
915       8172 9108  9108  6200 8191 
916       9124 14391 14391 7182 4096 
917       8174 11278 11278 7863 1    
918       9931 7864  7864  8174 4096 
919       8169 12270 12270 8087 8191 
920       9170 16278 16278 7609 4096 
921       8174 11705 11705 6787 1    
922       8928 6788  6788  5701 4096 
923       8170 9797  9797  4459 8191 
924       7506 12650 12650 3180 4096 
925       8171 7276  7276  1992 1    
926       7209 1993  1993  1010 4096 
927       8173 5106  5106  329  8191 
928       6413 8520  8520  18   4096 
929       8169 4114  4114  105  1    
930       7195 106   106   583  4096 
931       8172 4679  4679  1405 8191 
932       7438 9596  9596  2491 4096 
933       8171 6587  6587  3733 1    
934       8840 3734  3734  5012 4096 
935       8171 9108  9108  6200 8191 
936       9123 14391 14391 7182 4096 
937       8172 11278 11278 7863 1    
938       9938 7864  7864  8174 4096 
939       8168 12270 12270 8087 8191 
940       9172 16278 16278 7609 4096 
941       8173 11705 11705 6787 1    
942       8929 6788  6788  5701 4096 
943       8171 9797  9797  4459 8191 
944       7501 12650 12650 3180 4096 
945       8172 7276  7276  1992 1    
946       7207 1993  1993  1010 4096 
947       8173 5106  5106  329  8191 
948       6414 8520  8520  18   4096 
949       8171 4114  4114  105  1    
950       7201 106   106   583  4096 
951       8174 4679  4679  1405 8191 
952       7443 9596  9596  2491 4096 
953       8169 6587  6587  3733 1    
954       8835 3734  3734  5012 4096 
955       8172 9108  9108  6200 8191 
956       9126 14391 14391 7182 4096 
957       8171 11278 11278 7863 1    
958       9937 7864  7864  8174 4096 
959       8168 12270 12270 8087 8191 
960       9166 16278 16278 7609 4096 
961       8175 11705 11705 6787 1    
962       8924 6788  6788  5701 4096 
963       8170 9797  9797  4459 8191 
964       7504 12650 12650 3180 4096 
965       8171 7276  7276  1992 1    
966       7212 1993  1993  1010 4096 
967       8171 5106  5106  329  8191 
968       6416 8520  8520  18   4096 
969       8172 4114  4114  105  1    
970       7192 106   106   583  4096 
971       8172 4679  4679  1405 8191 
972       7440 9596  9596  2491 4096 
973       8170 6587  6587  3733 1    
974       8836 3734  3734  5012 4096 
975       8171 9108  9108  6200 8191 
976       9123 14391 14391 7182 4096 
977       8174 11278 11278 7863 1    
978       9934 7864  7864  8174 4096 
979       8170 12270 12270 8087 8191 
980       9169 16278 16278 7609 4096 
981       8174 11705 11705 6787 1    
982       8927 6788  6788  5701 4096 
983       8170 9797  9797  4459 8191 
984       7503 12650 12650 3180 4096 
985       8173 7276  7276  1992 1    
986       7210 1993  1993  1010 4096 
987       8174 5106  5106  329  8191 
988       6415 8520  8520  18   4096 
989       8171 4114  4114  105  1    
990       7192 106   106   583  4096 
991       8174 4679  4679  1405 8191 
992       7440 9596  9596  2491 4096 
993       8171 6587  6587  3733 1    
994       8839 3734  3734  5012 4096 
995       8174 9108  9108  6200 8191 
996       9128 14391 14391 7182 4096 
997       8175 11278 11278 7863 1    
998       9930 7864  7864  8174 4096 
999       8170 12270 12270 8087 8191 
1000      9165 16278 16278 7609 4096 
1001      8174 11705 11705 6787 1    
1002      8927 6788  6788  5701 4096 
1003      8171 9797  9797  4459 8191 
1004      7502 12650 12650 3180 4096 
1005      8171 7276  7276  1992 1    
1006      7213 1993  1993  1010 4096 
1007      8173 5106  5106  329  8191 
1008      6419 8520  8520  18   4096 
1009      8171 4114  4114  105  1    
1010      7193 106   106   583  4096 
1011      8171 4679  4679  1405 8191 
1012      7439 9596  9596  2491 4096 
1013      8171 6587  6587  3733 1    
1014      8841 3734  3734  5012 4096 
1015      8172 9108  9108  6200 8191 
1016      9124 14391 14391 7182 4096 
1017      8172 11278 11278 7863 1    
1018      9929 7864  7864  8174 4096 
1019      8171 12270 12270 8087 8191 
1020      9167 16278 16278 7609 4096 
1021      8174 11705 11705 6787 1    
1022      8928 6788  6788  5701 4096 
1023      8169 9797  9797  4459 8191 
1024      7504 12650 12650 3180 4096 
1025      8173 7276  7276  1992 1    
1026      7209 1993  1993  1010 4096 
1027      8172 5106  5106  329  8191 
1028      6413 8520  8520  18   4096 
1029      8172 4114  4114  105  1    
1030      7199 106   106   583  4096 
1031      8173 4679  4679  1405 8191 
1032      7437 9596  9596  2491 4096 
1033      8169 6587  6587  3733 1    
1034      8843 3734  3734  5012 4096 
1035      8173 9108  9108  6200 8191 
1036      9124 14391 14391 7182 4096 
1037      8174 11278 11278 7863 1    
1038      9941 7864  7864  8174 4096 
1039      8172 12270 12270 8087 8191 
1040      9171 16278 16278 7609 4096 
1041      8172 11705 11705 6787 1    
1042      8925 6788  6788  5701 4096 
1043      8170 9797  9797  4459 8191 
1044      7502 12650 12650 3180 4096 
1045      8171 7276  7276  1992 1    
1046      7207 1993  1993  1010 4096 
1047      8173 5106  5106  329  8191 
1048      6412 8520  8520  18   4096 
1049      8170 4114  4114  105  1    
1050      7200 106   106   583  4096 
1051      8176 4679  4679  1405 8191 
1052      7437 9596  9596  2491 4096 
1053      8171 6587  6587  3733 1    
1054      8836 3734  3734  5012 4096 
1055      8170 9108  9108  6200 8191 
1056      9128 14391 14391 7182 4096 
1057      8174 11278 11278 7863 1    
1058      9932 7864  7864  8174 4096 
1059      8170 12270 12270 8087 8191 
1060      9165 16278 16278 7609 4096 
1061      8174 11705 11705 6787 1    
1062      8926 6788  6788  5701 4096 
1063      8170 9797  9797  4459 8191 
1064      7499 12650 12650 3180 4096 
1065      8172 7276  7276  1992 1    
1066      7216 1993  1993  1010 4096 
1067      8172 5106  5106  329  8191 
1068      6419 8520  8520  18   4096 
1069      8172 4114  4114  105  1    
1070      7198 106   106   583  4096 
1071      8174 4679  4679  1405 8191 
1072      7439 9596  9596  2491 4096 
1073      8169 6587  6587  3733 1    
1074      8835 3734  3734  5012 4096 
1075      8172 9108  9108  6200 8191 
1076      9125 14391 14391 7182 4096 
1077      8172 11278 11278 7863 1    
1078      9933 7864  7864  8174 4096 
1079      8170 12270 12270 8087 8191 
1080      9169 16278 16278 7609 4096 
1081      8172 11705 11705 6787 1    
1082      8929 6788  6788  5701 4096 
1083      8172 9797  9797  4459 8191 
1084      7512 12650 12650 3180 4096 
1085      8170 7276  7276  1992 1    
1086      7207 1993  1993  1010 4096 
1087      8173 5106  5106  329  8191 
1088      6415 8520  8520  18   4096 
1089      8169 4114  4114  105  1    
1090      7193 106   106   583  4096 
1091      8171 4679  4679  1405 8191 
1092      7437 9596  9596  2491 4096 
1093      8169 6587  6587  3733 1    
1094      8841 3734  3734  5012 4096 
1095      8172 9108  9108  6200 8191 
1096      9124 14391 14391 7182 4096 
1097      8174 11278 11278 7863 1    
1098      9936 7864  7864  8174 4096 
1099      8169 12270 12270 8087 8191 
1100      9168 16278 16278 7609 4096 
1101      8174 11705 11705 6787 1    
1102      8925 6788  6788  5701 4096 
1103      8169 9797  9797  4459 8191 
1104      7503 12650 12650 3180 4096 
1105      8169 7276  7276  1992 1    
1106      7212 1993  1993  1010 4096 
1107      8173 5106  5106  329  8191 
1108      6414 8520  8520  18   4096 
1109      8170 4114  4114  105  1    
1110      7200 106   106   583  4096 
1111      8173 4679  4679  1405 8191 
1112      7440 9596  9596  2491 4096 
1113      8172 6587  6587  3733 1    
1114      8836 3734  3734  5012 4096 
1115      8171 9108  9108  6200 8191 
1116      9128 14391 14391 7182 4096 
1117      8174 11278 11278 7863 1    
1118      9930 7864  7864  8174 4096 
1119      8170 12270 12270 8087 8191 
1120      9168 16278 16278 7609 4096 
1121      8173 11705 11705 6787 1    
1122      8930 6788  6788  5701 4096 
1123      8172 9797  9797  4459 8191 
1124      7500 12650 12650 3180 4096 
1125      8169 7276  7276  1992 1    
1126      7214 1993  1993  1010 4096 
1127      8175 5106  5106  329  8191 
1128      6414 8520  8520  18   4096 
1129      8172 4114  4114  105  1    
1130      7195 106   106   583  4096 
1131      8173 4679  4679  1405 8191 
1132      7437 9596  9596  2491 4096 
1133      8171 6587  6587  3733 1    
1134      8839 3734  3734  5012 4096 
1135      8170 9108  9108  6200 8191 
1136      9128 14391 14391 7182 4096 
1137      8173 11278 11278 7863 1    
1138      9933 7864  7864  8174 4096 
1139      8169 12270 12270 8087 8191 
1140      9168 16278 16278 7609 4096 
1141      8171 11705 11705 6787 1    
1142      8926 6788  6788  5701 4096 
1143      8170 9797  9797  4459 8191 
1144      7501 12650 12650 3180 4096 
1145      8173 7276  7276  1992 1    
1146      7205 1993  1993  1010 4096 
1147      8171 5106  5106  329  8191 
1148      6415 8520  8520  18   4096 
1149      8173 4114  4114  105  1    
1150      7190 106   106   583  4096 
1151      8174 4679  4679  1405 8191 
1152      7437 9596  9596  2491 4096 
1153      8169 6587  6587  3733 1    
1154      8839 3734  3734  5012 4096 
1155      8173 9108  9108  6200 8191 
1156      9127 14391 14391 7182 4096 
1157      8174 11278 11278 7863 1    
1158      9934 7864  7864  8174 4096 
1159      8168 12270 12270 8087 8191 
1160      9162 16278 16278 7609 4096 
1161      8173 11705 11705 6787 1    
1162      8924 6788  6788  5701 4096 
1163      8171 9797  9797  4459 8191 
1164      7507 12650 12650 3180 4096 
1165      8173 7276  7276  1992 1    
1166      7210 1993  1993  1010 4096 
1167      8171 5106  5106  329  8191 
1168      6413 8520  8520  18   4096 
1169      8170 4114  4114  105  1    
1170      7192 106   106   583  4096 
1171      8173 4679  4679  1405 8191 
1172      7439 9596  9596  2491 4096 
1173      8172 6587  6587  3733 1    
1174      8840 3734  3734  5012 4096 
1175      8171 9108  9108  6200 8191 
1176      9127 14391 14391 7182 4096 
1177      8174 11278 11278 7863 1    
1178      9931 7864  7864  8174 4096 
1179      8170 12270 12270 8087 8191 
1180      9170 16278 16278 7609 4096 
1181      8174 11705 11705 6787 1    
1182      8927 6788  6788  5701 4096 
1183      8171 9797  9797  4459 8191 
1184      7505 12650 12650 3180 4096 
1185      8173 7276  7276  1992 1    
1186      7213 1993  1993  1010 4096 
1187      8175 5106  5106  329  8191 
1188      6415 8520  8520  18   4096 
1189      8170 4114  4114  105  1    
1190      7200 106   106   583  4096 
1191      8174 4679  4679  1405 8191 
1192      7442 9596  9596  2491 4096 
1193      8171 6587  6587  3733 1    
1194      8841 3734  3734  5012 4096 
1195      8171 9108  9108  6200 8191 
1196      9126 14391 14391 7182 4096 
1197      8172 11278 11278 7863 1    
1198      9928 7864  7864  8174 4096 
1199      8168 12270 12270 8087 8191 
1200      9169 16278 16278 7609 4096 
1201      8174 11705 11705 6787 1    
1202      8925 6788  6788  5701 4096 
1203      8171 9797  9797  4459 8191 
1204      7501 12650 12650 3180 4096 
1205      8174 7276  7276  1992 1    
1206      7215 1993  1993  1010 4096 
1207      8173 5106  5106  329  8191 
1208      6417 8520  8520  18   4096 
1209      8173 4114  4114  105  1    
1210      7199 106   106   583  4096 
1211      8174 4679  4679  1405 8191 
1212      7437 9596  9596  2491 4096 
1213      8170 6587  6587  3733 1    
1214      8842 3734  3734  5012 4096 
1215      8173 9108  9108  6200 8191 
1216      9128 14391 14391 7182 4096 
1217      8173 11278 11278 7863 1    
1218      9929 7864  7864  8174 4096 
1219      8172 12270 12270 8087 8191 
1220      9165 16278 16278 7609 4096 
1221      8173 11705 11705 6787 1    
1222      8923 6788  6788  5701 4096 
1223      8169 9797  9797  4459 8191 
1224      7507 12650 12650 3180 4096 
1225      8173 7276  7276  1992 1    
1226      7210 1993  1993  1010 4096 
1227      8171 5106  5106  329  8191 
1228      6413 8520  8520  18   4096 
1229      8172 4114  4114  105  1    
1230      7198 106   106   583  4096 
1231      8173 4679  4679  1405 8191 
1232      7439 9596  9596  2491 4096 
1233      8172 6587  6587  3733 1    
1234      8839 3734  3734  5012 4096 
1235      8171 9108  9108  6200 8191 
1236      9126 14391 14391 7182 4096 
1237      8174 11278 11278 7863 1    
1238      9934 7864  7864  8174 4096 
1239      8169 12270 12270 8087 8191 
1240      9172 16278 16278 7609 4096 
1241      8174 11705 11705 6787 1    
1242      8926 6788  6788  5701 4096 
1243      8170 9797  9797  4459 8191 
1244      7500 12650 12650 3180 4096 
1245      8173 7276  7276  1992 1    
1246      7211 1993  1993  1010 4096 
1247      8173 5106  5106  329  8191 
1248      6413 8520  8520  18   4096 
1249      8173 4114  4114  105  1    
1250      7196 106   106   583  4096 
1251      8174 4679  4679  1405 8191 
1252      7439 9596  9596  2491 4096 
1253      8172 6587  6587  3733 1    
1254      8838 3734  3734  5012 4096 
1255      8171 9108  9108  6200 8191 
1256      9126 14391 14391 7182 4096 
1257      8174 11278 11278 7863 1    
1258      9932 7864  7864  8174 4096 
1259      8170 12270 12270 8087 8191 
1260      9165 16278 16278 7609 4096 
1261      8172 11705 11705 6787 1    
1262      8926 6788  6788  5701 4096 
1263      8170 9797  9797  4459 8191 
1264      7503 12650 12650 3180 4096 
1265      8172 7276  7276  1992 1    
1266      7212 1993  1993  1010 4096 
1267      8174 5106  5106  329  8191 
1268      6413 8520  8520  18   4096 
1269      8171 4114  4114  105  1    
1270      7197 106   106   583  4096 
1271      8174 4679  4679  1405 8191 
1272      7439 9596  9596  2491 4096 
1273      8172 6587  6587  3733 1    
1274      8838 3734  3734  5012 4096 
1275      8172 9108  9108  6200 8191 
1276      9124 14391 14391 7182 4096 
1277      8174 11278 11278 7863 1    
1278      9935 7864  7864  8174 4096 
1279      8169 12270 12270 8087 8191 
1280      9168 16278 16278 7609 4096 
1281      8173 11705 11705 6787 1    
1282      8930 6788  6788  5701 4096 
1283      8172 9797  9797  4459 8191 
1284      7503 12650 12650 3180 4096 
1285      8173 7276  7276  1992 1    
1286      7207 1993  1993  1010 4096 
1287      8173 5106  5106  329  8191 
1288      6414 8520  8520  18   4096 
1289      8170 4114  4114  105  1    
1290      7195 106   106   583  4096 
1291      8172 4679  4679  1405 8191 
1292      7437 9596  9596  2491 4096 
1293      8170 6587  6587  3733 1    
1294      8837 3734  3734  5012 4096 
1295      8171 9108  9108  6200 8191 
1296      9125 14391 14391 7182 4096 
1297      8172 11278 11278 7863 1    
1298      9935 7864  7864  8174 4096 
1299      8169 12270 12270 8087 8191 
1300      9170 16278 16278 7609 4096 
1301      8174 11705 11705 6787 1    
1302      8927 6788  6788  5701 4096 
1303      8172 9797  9797  4459 8191 
1304      7503 12650 12650 3180 4096 
1305      8172 7276  7276  1992 1    
1306      7209 1993  1993  1010 4096 
1307      8173 5106  5106  329  8191 
1308      6414 8520  8520  18   4096 
1309      8172 4114  4114  105  1    
1310      7192 106   106   583  4096 
1311      8174 4679  4679  1405 8191 
1312      7437 9596  9596  2491 4096 
1313      8171 6587  6587  3733 1    
1314      8834 3734  3734  5012 4096 
1315      8172 9108  9108  6200 8191 
1316      9124 14391 14391 7182 4096 
1317      8176 11278 11278 7863 1    
1318      9935 7864  7864  8174 4096 
1319      8171 12270 12270 8087 8191 
1320      9165 16278 16278 7609 4096 
1321      8174 11705 11705 6787 1    
1322      8928 6788  6788  5701 4096 
1323      8170 9797  9797  4459 8191 
1324      7501 12650 12650 3180 4096 
1325      8170 7276  7276  1992 1    
1326      7209 1993  1993  1010 4096 
1327      8172 5106  5106  329  8191 
1328      6415 8520  8520  18   4096 
1329      8171 4114  4114  105  1    
1330      7194 106   106   583  4096 
1331      8174 4679  4679  1405 8191 
1332      7438 9596  9596  2491 4096 
1333      8170 6587  6587  3733 1    
1334      8838 3734  3734  5012 4096 
1335      8172 9108  9108  6200 8191 
1336      9122 14391 14391 7182 4096 
1337      8175 11278 11278 7863 1    
1338      9943 7864  7864  8174 4096 
1339      8168 12270 12270 8087 8191 
1340      9171 16278 16278 7609 4096 
1341      8172 11705 11705 6787 1    
1342      8926 6788  6788  5701 4096 
1343      8172 9797  9797  4459 8191 
1344      7507 12650 12650 3180 4096 
1345      8171 7276  7276  1992 1    
1346      7213 1993  1993  1010 4096 
1347      8173 5106  5106  329  8191 
1348      6414 8520  8520  18   4096 
1349      8168 4114  4114  105  1    
1350      7196 106   106   583  4096 
1351      8175 4679  4679  1405 8191 
1352      7439 9596  9596  2491 4096 
1353      8169 6587  6587  3733 1    
1354      8831 3734  3734  5012 4096 
1355      8171 9108  9108  6200 8191 
1356      9127 14391 14391 7182 4096 
1357      8173 11278 11278 7863 1    
1358      9931 7864  7864  8174 4096 
1359      8168 12270 12270 8087 8191 
1360      9167 16278 16278 7609 4096 
1361      8173 11705 11705 6787 1    
1362      8927 6788  6788  5701 4096 
1363      8169 9797  9797  4459 8191 
1364      7501 12650 12650 3180 4096 
1365      8171 7276  7276  1992 1    
1366      7211 1993  1993  1010 4096 
1367      8171 5106  5106  329  8191 
1368      6414 8520  8520  18   4096 
1369      8166 4114  4114  105  1    
1370      7192 106   106   583  4096 
1371      8173 4679  4679  1405 8191 
1372      7439 9596  9596  2491 4096 
1373      8170 6587  6587  3733 1    
1374      8842 3734  3734  5012 4096 
1375      8173 9108  9108  6200 8191 
1376      9124 14391 14391 7182 4096 
1377      8171 11278 11278 7863 1    
1378      9931 7864  7864  8174 4096 
1379      8170 12270 12270 8087 8191 
1380      9166 16278 16278 7609 4096 
1381      8174 11705 11705 6787 1    
1382      8927 6788  6788  5701 4096 
1383      8169 9797  9797  4459 8191 
1384      7500 12650 12650 3180 4096 
1385      8170 7276  7276  1992 1    
1386      7212 1993  1993  1010 4096 
1387      8174 5106  5106  329  8191 
1388      6413 8520  8520  18   4096 
1389      8170 4114  4114  105  1    
1390      7195 106   106   583  4096 
1391      8174 4679  4679  1405 8191 
1392      7443 9596  9596  2491 4096 
1393      8169 6587  6587  3733 1    
1394      8838 3734  3734  5012 4096 
1395      8172 9108  9108  6200 8191 
1396      9123 14391 14391 7182 4096 
1397      8172 11278 11278 7863 1    
1398      9932 7864  7864  8174 4096 
1399      8169 12270 12270 8087 8191 
1400      9165 16278 16278 7609 4096 
1401      8174 11705 11705 6787 1    
1402      8927 6788  6788  5701 4096 
1403      8172 9797  9797  4459 8191 
1404      7505 12650 12650 3180 4096 
1405      8171 7276  7276  1992 1    
1406      7211 1993  1993  1010 4096 
1407      8173 5106  5106  329  8191 
1408      6417 8520  8520  18   4096 
1409      8169 4114  4114  105  1    
1410      7197 106   106   583  4096 
1411      8175 4679  4679  1405 8191 
1412      7440 9596  9596  2491 4096 
1413      8172 6587  6587  3733 1    
1414      8840 3734  3734  5012 4096 
1415      8174 9108  9108  6200 8191 
1416      9127 14391 14391 7182 4096 
1417      8172 11278 11278 7863 1    
1418      9930 7864  7864  8174 4096 
1419      8168 12270 12270 8087 8191 
1420      9169 16278 16278 7609 4096 
1421      8172 11705 11705 6787 1    
1422      8926 6788  6788  5701 4096 
1423      8169 9797  9797  4459 8191 
1424      7502 12650 12650 3180 4096 
1425      8172 7276  7276  1992 1    
1426      7210 1993  1993  1010 4096 
1427      8171 5106  5106  329  8191 
1428      6413 8520  8520  18   4096 
1429      8170 4114  4114  105  1    
1430      7196 106   106   583  4096 
1431      8173 4679  4679  1405 8191 
1432      7439 9596  9596  2491 4096 
1433      8171 6587  6587  3733 1    
1434      8840 3734  3734  5012 4096 
1435      8173 9108  9108  6200 8191 
1436      9127 14391 14391 7182 4096 
1437      8173 11278 11278 7863 1    
1438      9929 7864  7864  8174 4096 
1439      8169 12270 12270 8087 8191 
1440      9167 16278 16278 7609 4096 
1441      8171 11705 11705 6787 1    
1442      8926 6788  6788  5701 4096 
1443      8171 9797  9797  4459 8191 
1444      7505 12650 12650 3180 4096 
1445      8173 7276  7276  1992 1    
1446      7214 1993  1993  1010 4096 
1447      8173 5106  5106  329  8191 
1448      6412 8520  8520  18   4096 
1449      8172 4114  4114  105  1    
1450      7203 106   106   583  4096 
1451      8172 4679  4679  1405 8191 
1452      7440 9596  9596  2491 4096 
1453      8170 6587  6587  3733 1    
1454      8843 3734  3734  5012 4096 
1455      8172 9108  9108  6200 8191 
1456      9126 14391 14391 7182 4096 
1457      8174 11278 11278 7863 1    
1458      9931 7864  7864  8174 4096 
1459      8171 12270 12270 8087 8191 
1460      9171 16278 16278 7609 4096 
1461      8174 11705 11705 6787 1    
1462      8924 6788  6788  5701 4096 
1463      8171 9797  9797  4459 8191 
1464      7500 12650 12650 3180 4096 
1465      8172 7276  7276  1992 1    
1466      7210 1993  1993  1010 4096 
1467      8171 5106  5106  329  8191 
1468      6415 8520  8520  18   4096 
1469      8169 4114  4114  105  1    
1470      7194 106   106   583  4096 
1471      8173 4679  4679  1405 8191 
1472      7438 9596  9596  2491 4096 
1473      8171 6587  6587  3733 1    
1474      8843 3734  3734  5012 4096 
1475      8173 9108  9108  6200 8191 
1476      9126 14391 14391 7182 4096 
1477      8174 11278 11278 7863 1    
1478      9933 7864  7864  8174 4096 
1479      8169 12270 12270 8087 8191 
1480      9163 16278 16278 7609 4096 
1481      8175 11705 11705 6787 1    
1482      8928 6788  6788  5701 4096 
1483      8170 9797  9797  4459 8191 
1484      7504 12650 12650 3180 4096 
1485      8172 7276  7276  1992 1    
1486      7211 1993  1993  1010 4096 
1487      8172 5106  5106  329  8191 
1488      6414 8520  8520  18   4096 
1489      8171 4114  4114  105  1    
1490      7197 106   106   583  4096 
1491      8175 4679  4679  1405 8191 
1492      7438 9596  9596  2491 4096 
1493      8169 6587  6587  3733 1    
1494      8839 3734  3734  5012 4096 
1495      8174 9108  9108  6200 8191 
1496      9125 14391 14391 7182 4096 
1497      8171 11278 11278 7863 1    
1498      9940 7864  7864  8174 4096 
1499      8172 12270 12270 8087 8191 
1500      9169 16278 16278 7609 4096 
1501      8173 11705 11705 6787 1    
1502      8925 6788  6788  5701 4096 
1503      8173 9797  9797  4459 8191 
1504      7504 12650 12650 3180 4096 
1505      8170 7276  7276  1992 1    
1506      7211 1993  1993  1010 4096 
1507      8173 5106  5106  329  8191 
1508      6416 8520  8520  18   4096 
1509      8169 4114  4114  105  1    
1510      7191 106   106   583  4096 
1511      8171 4679  4679  1405 8191 
1512      7440 9596  9596  2491 4096 
1513      8170 6587  6587  3733 1    
1514      8839 3734  3734  5012 4096 
1515      8171 9108  9108  6200 8191 
1516      9128 14391 14391 7182 4096 
1517      8170 11278 11278 7863 1    
1518      9931 7864  7864  8174 4096 
1519      8167 12270 12270 8087 8191 
1520      9162 16278 16278 7609 4096 
1521      8174 11705 11705 6787 1    
1522      8923 6788  6788  5701 4096 
1523      8169 9797  9797  4459 8191 
1524      7504 12650 12650 3180 4096 
1525      8172 7276  7276  1992 1    
1526      7204 1993  1993  1010 4096 
1527      8172 5106  5106  329  8191 
1528      6414 8520  8520  18   4096 
1529      8170 4114  4114  105  1    
1530      7192 106   106   583  4096 
1531      8172 4679  4679  1405 8191 
1532      7437 9596  9596  2491 4096 
1533      8171 6587  6587  3733 1    
1534      8838 3734  3734  5012 4096 
1535      8172 9108  9108  6200 8191 
1536      9122 14391 14391 7182 4096 
1537      8171 11278 11278 7863 1    
1538      9931 7864  7864  8174 4096 
1539      8169 12270 12270 8087 8191 
1540      9166 16278 16278 7609 4096 
1541      8172 11705 11705 6787 1    
1542      8928 6788  6788  5701 4096 
1543      8171 9797  9797  4459 8191 
1544      7505 12650 12650 3180 4096 
1545      8172 7276  7276  1992 1    
1546      7214 1993  1993  1010 4096 
1547      8174 5106  5106  329  8191 
1548      6416 8520  8520  18   4096 
1549      8167 4114  4114  105  1    
1550      7192 106   106   583  4096 
1551      8172 4679  4679  1405 8191 
1552      7439 9596  9596  2491 4096 
1553      8170 6587  6587  3733 1    
1554      8839 3734  3734  5012 4096 
1555      8171 9108  9108  6200 8191 
1556      9122 14391 14391 7182 4096 
1557      8173 11278 11278 7863 1    
1558      9940 7864  7864  8174 4096 
1559      8170 12270 12270 8087 8191 
1560      9172 16278 16278 7609 4096 
1561      8172 11705 11705 6787 1    
1562      8927 6788  6788  5701 4096 
1563      8170 9797  9797  4459 8191 
1564      7505 12650 12650 3180 4096 
1565      8174 7276  7276  1992 1    
1566      7212 1993  1993  1010 4096 
1567      8172 5106  5106  329  8191 
1568      6419 8520  8520  18   4096 
1569      8172 4114  4114  105  1    
1570      7192 106   106   583  4096 
1571      8171 4679  4679  1405 8191 
1572      7440 9596  9596  2491 4096 
1573      8172 6587  6587  3733 1    
1574      8833 3734  3734  5012 4096 
1575      8173 9108  9108  6200 8191 
1576      9126 14391 14391 7182 4096 
1577      8173 11278 11278 7863 1    
1578      9928 7864  7864  8174 4096 
1579      8170 12270 12270 8087 8191 
1580      9169 16278 16278 7609 4096 
1581      8174 11705 11705 6787 1    
1582      8928 6788  6788  5701 4096 
1583      8172 9797  9797  4459 8191 
1584      7510 12650 12650 3180 4096 
1585      8172 7276  7276  1992 1    
1586      7211 1993  1993  1010 4096 
1587      8175 5106  5106  329  8191 
1588      6418 8520  8520  18   4096 
1589      8171 4114  4114  105  1    
1590      7196 106   106   583  4096 
1591      8173 4679  4679  1405 8191 
1592      7440 9596  9596  2491 4096 
1593      8170 6587  6587  3733 1    
1594      8846 3734  3734  5012 4096 
1595      8172 9108  9108  6200 8191 
1596      9128 14391 14391 7182 4096 
1597      8174 11278 11278 7863 1    
1598      9936 7864  7864  8174 4096 
1599      8168 12270 12270 8087 8191 
1600      9172 16278 16278 7609 4096 
1601      8173 11705 11705 6787 1    
1602      8925 6788  6788  5701 4096 
1603      8172 9797  9797  4459 8191 
1604      7504 12650 12650 3180 4096 
1605      8173 7276  7276  1992 1    
1606      7212 1993  1993  1010 4096 
1607      8172 5106  5106  329  8191 
1608      6414 8520  8520  18   4096 
1609      8169 4114  4114  105  1    
1610      7193 106   106   583  4096 
1611      8174 4679  4679  1405 8191 
1612      7436 9596  9596  2491 4096 
1613      8170 6587  6587  3733 1    
1614      8838 3734  3734  5012 4096 
1615      8172 9108  9108  6200 8191 
1616      9128 14391 14391 7182 4096 
1617      8173 11278 11278 7863 1    
1618      9933 7864  7864  8174 4096 
1619      8171 12270 12270 8087 8191 
1620      9171 16278 16278 7609 4096 
1621      8173 11705 11705 6787 1    
1622      8929 6788  6788  5701 4096 
1623      8171 9797  9797  4459 8191 
1624      7506 12650 12650 3180 4096 
1625      8170 7276  7276  1992 1    
1626      7209 1993  1993  1010 4096 
1627      8173 5106  5106  329  8191 
1628      6415 8520  8520  18   4096 
1629      8171 4114  4114  105  1    
1630      7193 106   106   583  4096 
1631      8175 4679  4679  1405 8191 
1632      7440 9596  9596  2491 4096 
1633      8171 6587  6587  3733 1    
1634      8838 3734  3734  5012 4096 
1635      8172 9108  9108  6200 8191 
1636      9128 14391 14391 7182 4096 
1637      8175 11278 11278 7863 1    
1638      9939 7864  7864  8174 4096 
1639      8169 12270 12270 8087 8191 
1640      9171 16278 16278 7609 4096 
1641      8173 11705 11705 6787 1    
1642      8928 6788  6788  5701 4096 
1643      8169 9797  9797  4459 8191 
1644      7504 12650 12650 3180 4096 
1645      8171 7276  7276  1992 1    
1646      7212 1993  1993  1010 4096 
1647      8173 5106  5106  329  8191 
1648      6417 8520  8520  18   4096 
1649      8168 4114  4114  105  1    
1650      7192 106   106   583  4096 
1651      8172 4679  4679  1405 8191 
1652      7439 9596  9596  2491 4096 
1653      8170 6587  6587  3733 1    
1654      8838 3734  3734  5012 4096 
1655      8172 9108  9108  6200 8191 
1656      9127 14391 14391 7182 4096 
1657      8173 11278 11278 7863 1    
1658      9938 7864  7864  8174 4096 
1659      8169 12270 12270 8087 8191 
1660      9169 16278 16278 7609 4096 
1661      8173 11705 11705 6787 1    
1662      8926 6788  6788  5701 4096 
1663      8171 9797  9797  4459 8191 
1664      7504 12650 12650 3180 4096 
1665      8172 7276  7276  1992 1    
1666      7213 1993  1993  1010 4096 
1667      8172 5106  5106  329  8191 
1668      6413 8520  8520  18   4096 
1669      8168 4114  4114  105  1    
1670      7194 106   106   583  4096 
1671      8174 4679  4679  1405 8191 
1672      7441 9596  9596  2491 4096 
1673      8169 6587  6587  3733 1    
1674      8835 3734  3734  5012 4096 
1675      8171 9108  9108  6200 8191 
1676      9125 14391 14391 7182 4096 
1677      8173 11278 11278 7863 1    
1678      9930 7864  7864  8174 4096 
1679      8168 12270 12270 8087 8191 
1680      9166 16278 16278 7609 4096 
1681      8172 11705 11705 6787 1    
1682      8926 6788  6788  5701 4096 
1683      8169 9797  9797  4459 8191 
1684      7503 12650 12650 3180 4096 
1685      8173 7276  7276  1992 1    
1686      7213 1993  1993  1010 4096 
1687      8172 5106  5106  329  8191 
1688      6415 8520  8520  18   4096 
1689      8170 4114  4114  105  1    
1690      7198 106   106   583  4096 
1691      8174 4679  4679  1405 8191 
1692      7439 9596  9596  2491 4096 
1693      8172 6587  6587  3733 1    
1694      8841 3734  3734  5012 4096 
1695      8172 9108  9108  6200 8191 
1696      9125 14391 14391 7182 4096 
1697      8172 11278 11278 7863 1    
1698      9928 7864  7864  8174 4096 
1699      8170 12270 12270 8087 8191 
1700      9170 16278 16278 7609 4096 
1701      8172 11705 11705 6787 1    
1702      8929 6788  6788  5701 4096 
1703      8170 9797  9797  4459 8191 
1704      7502 12650 12650 3180 4096 
1705      8172 7276  7276  1992 1    
1706      7210 1993  1993  1010 4096 
1707      8172 5106  5106  329  8191 
1708      6412 8520  8520  18   4096 
1709      8170 4114  4114  105  1    
1710      7200 106   106   583  4096 
1711      8175 4679  4679  1405 8191 
1712      7439 9596  9596  2491 4096 
1713      8170 6587  6587  3733 1    
1714      8844 3734  3734  5012 4096 
1715      8171 9108  9108  6200 8191 
1716      9127 14391 14391 7182 4096 
1717      8172 11278 11278 7863 1    
1718      9935 7864  7864  8174 4096 
1719      8169 12270 12270 8087 8191 
1720      9169 16278 16278 7609 4096 
1721      8171 11705 11705 6787 1    
1722      8926 6788  6788  5701 4096 
1723      8169 9797  9797  4459 8191 
1724      7500 12650 12650 3180 4096 
1725      8172 7276  7276  1992 1    
1726      7213 1993  1993  1010 4096 
1727      8172 5106  5106  329  8191 
1728      6415 8520  8520  18   4096 
1729      8168 4114  4114  105  1    
1730      7199 106   106   583  4096 
1731      8174 4679  4679  1405 8191 
1732      7440 9596  9596  2491 4096 
1733      8172 6587  6587  3733 1    
1734      8833 3734  3734  5012 4096 
1735      8170 9108  9108  6200 8191 
1736      9127 14391 14391 7182 4096 
1737      8172 11278 11278 7863 1    
1738      9929 7864  7864  8174 4096 
1739      8168 12270 12270 8087 8191 
1740      9159 16278 16278 7609 4096 
1741      8173 11705 11705 6787 1    
1742      8927 6788  6788  5701 4096 
1743      8169 9797  9797  4459 8191 
1744      7503 12650 12650 3180 4096 
1745      8172 7276  7276  1992 1    
1746      7208 1993  1993  1010 4096 
1747      8175 5106  5106  329  8191 
1748      6414 8520  8520  18   4096 
1749      8169 4114  4114  105  1    
1750      7197 106   106   583  4096 
1751      8173 4679  4679  1405 8191 
1752      7439 9596  9596  2491 4096 
1753      8171 6587  6587  3733 1    
1754      8839 3734  3734  5012 4096 
1755      8173 9108  9108  6200 8191 
1756      9127 14391 14391 7182 4096 
1757      8172 11278 11278 7863 1    
1758      9932 7864  7864  8174 4096 
1759      8168 12270 12270 8087 8191 
1760      9164 16278 16278 7609 4096 
1761      8172 11705 11705 6787 1    
1762      8929 6788  6788  5701 4096 
1763      8171 9797  9797  4459 8191 
1764      7506 12650 12650 3180 4096 
1765      8172 7276  7276  1992 1    
1766      7209 1993  1993  1010 4096 
1767      8172 5106  5106  329  8191 
1768      6412 8520  8520  18   4096 
1769      8170 4114  4114  105  1    
1770      7193 106   106   583  4096 
1771      8171 4679  4679  1405 8191 
1772      7439 9596  9596  2491 4096 
1773      8169 6587  6587  3733 1    
1774      8841 3734  3734  5012 4096 
1775      8172 9108  9108  6200 8191 
1776      9122 14391 14391 7182 4096 
1777      8172 11278 11278 7863 1    
1778      9938 7864  7864  8174 4096 
1779      8170 12270 12270 8087 8191 
1780      9172 16278 16278 7609 4096 
1781      8174 11705 11705 6787 1    
1782      8926 6788  6788  5701 4096 
1783      8170 9797  9797  4459 8191 
1784      7501 12650 12650 3180 4096 
1785      8172 7276  7276  1992 1    
1786      7212 1993  1993  1010 4096 
1787      8172 5106  5106  329  8191 
1788      6416 8520  8520  18   4096 
1789      8171 4114  4114  105  1    
1790      7200 106   106   583  4096 
1791      8174 4679  4679  1405 8191 
