Signal Legend:

Key        Signal Name

0        = a2dba
1        = a2dbb
2        = comb
3        = sin1
4        = sin2

Data Table:

Signals-> 0    1    2     3     4    

sample

-256      9361 8172 12160 7558  1    
-255      8171 9323 7559  6714  4096 
-254      9323 8171 10810 5613  8191 
-253      8171 7828 13804 4364  4096 
-252      7828 8171 8460  3087  1    
-251      8170 7534 3088  1911  4096 
-250      7534 8170 6007  948   8191 
-249      8174 6461 9139  293   4096 
-248      6461 8174 4389  10    1    
-247      8172 7014 11    128   4096 
-246      7014 8172 4224  634   8191 
-245      8175 7055 8825  1478  4096 
-244      7055 8175 5574  2579  1    
-243      8176 8476 2580  3828  4096 
-242      8476 8176 7924  5105  8191 
-241      8175 8821 13296 6281  4096 
-240      8821 8175 10377 7244  1    
-239      8170 9870 7245  7899  4096 
-238      9870 8170 11995 8182  8191 
-237      8175 9351 16373 8064  4096 
-236      9351 8175 12160 7558  1    
-235      8172 9316 7559  6714  4096 
-234      9316 8172 10810 5613  8191 
-233      8173 7818 13804 4364  4096 
-232      7818 8173 8460  3087  1    
-231      8175 7538 3088  1911  4096 
-230      7538 8175 6007  948   8191 
-229      8173 6471 9139  293   4096 
-228      6471 8173 4389  10    1    
-227      8174 7025 11    128   4096 
-226      7025 8174 4224  634   8191 
-225      8175 7061 8825  1478  4096 
-224      7061 8175 5574  2579  1    
-223      8175 8497 2580  3828  4096 
-222      8497 8175 7924  5105  8191 
-221      8174 8824 13296 6281  4096 
-220      8824 8174 10377 7244  1    
-219      8172 9877 7245  7899  4096 
-218      9877 8172 11995 8182  8191 
-217      8174 9365 16373 8064  4096 
-216      9365 8174 12160 7558  1    
-215      8172 9313 7559  6714  4096 
-214      9313 8172 10810 5613  8191 
-213      8174 7823 13804 4364  4096 
-212      7823 8174 8460  3087  1    
-211      8173 7539 3088  1911  4096 
-210      7539 8173 6007  948   8191 
-209      8175 6479 9139  293   4096 
-208      6479 8175 4389  10    1    
-207      8174 7012 11    128   4096 
-206      7012 8174 4224  634   8191 
-205      8172 7055 8825  1478  4096 
-204      7055 8172 5574  2579  1    
-203      8173 8485 2580  3828  4096 
-202      8485 8173 7924  5105  8191 
-201      8173 8821 13296 6281  4096 
-200      8821 8173 10377 7244  1    
-199      8172 9870 7245  7899  4096 
-198      9870 8172 11995 8182  8191 
-197      8172 9364 16373 8064  4096 
-196      9364 8172 12160 7558  1    
-195      8173 9316 7559  6714  4096 
-194      9316 8173 10810 5613  8191 
-193      8172 7817 13804 4364  4096 
-192      7817 8172 8460  3087  1    
-191      8173 7543 3088  1911  4096 
-190      7543 8173 6007  948   8191 
-189      8172 6464 9139  293   4096 
-188      6464 8172 4389  10    1    
-187      8174 7018 11    128   4096 
-186      7018 8174 4224  634   8191 
-185      8172 7051 8825  1478  4096 
-184      7051 8172 5574  2579  1    
-183      8173 8492 2580  3828  4096 
-182      8492 8173 7924  5105  8191 
-181      8173 8820 13296 6281  4096 
-180      8820 8173 10377 7244  1    
-179      8173 9864 7245  7899  4096 
-178      9864 8173 11995 8182  8191 
-177      8174 9357 16373 8064  4096 
-176      9357 8174 12160 7558  1    
-175      8171 9314 7559  6714  4096 
-174      9314 8171 10810 5613  8191 
-173      8174 7820 13804 4364  4096 
-172      7820 8174 8460  3087  1    
-171      8172 7533 3088  1911  4096 
-170      7533 8172 6007  948   8191 
-169      8173 6461 9139  293   4096 
-168      6461 8173 4389  10    1    
-167      8173 7011 11    128   4096 
-166      7011 8173 4224  634   8191 
-165      8174 7052 8825  1478  4096 
-164      7052 8174 5574  2579  1    
-163      8172 8482 2580  3828  4096 
-162      8482 8172 7924  5105  8191 
-161      8174 8821 13296 6281  4096 
-160      8821 8174 10377 7244  1    
-159      8170 9866 7245  7899  4096 
-158      9866 8170 11995 8182  8191 
-157      8174 9360 16373 8064  4096 
-156      9360 8174 12160 7558  1    
-155      8173 9319 7559  6714  4096 
-154      9319 8173 10810 5613  8191 
-153      8175 7813 13804 4364  4096 
-152      7813 8175 8460  3087  1    
-151      8174 7539 3088  1911  4096 
-150      7539 8174 6007  948   8191 
-149      8173 6467 9139  293   4096 
-148      6467 8173 4389  10    1    
-147      8174 7015 11    128   4096 
-146      7015 8174 4224  634   8191 
-145      8174 7057 8825  1478  4096 
-144      7057 8174 5574  2579  1    
-143      8174 8489 2580  3828  4096 
-142      8489 8174 7924  5105  8191 
-141      8174 8823 13296 6281  4096 
-140      8823 8174 10377 7244  1    
-139      8172 9859 7245  7899  4096 
-138      9859 8172 11995 8182  8191 
-137      8173 9353 16373 8064  4096 
-136      9353 8173 12160 7558  1    
-135      8173 9317 7559  6714  4096 
-134      9317 8173 10810 5613  8191 
-133      8175 7825 13804 4364  4096 
-132      7825 8175 8460  3087  1    
-131      8171 7537 3088  1911  4096 
-130      7537 8171 6007  948   8191 
-129      8173 6472 9139  293   4096 
-128      6472 8173 4389  10    1    
-127      8172 7006 11    128   4096 
-126      7006 8172 4224  634   8191 
-125      8173 7054 8825  1478  4096 
-124      7054 8173 5574  2579  1    
-123      8174 8486 2580  3828  4096 
-122      8486 8174 7924  5105  8191 
-121      8173 8825 13296 6281  4096 
-120      8825 8173 10377 7244  1    
-119      8172 9871 7245  7899  4096 
-118      9871 8172 11995 8182  8191 
-117      8175 9362 16373 8064  4096 
-116      9362 8175 12160 7558  1    
-115      8173 9316 7559  6714  4096 
-114      9316 8173 10810 5613  8191 
-113      8174 7818 13804 4364  4096 
-112      7818 8174 8460  3087  1    
-111      8173 7536 3088  1911  4096 
-110      7536 8173 6007  948   8191 
-109      8173 6468 9139  293   4096 
-108      6468 8173 4389  10    1    
-107      8171 7017 11    128   4096 
-106      7017 8171 4224  634   8191 
-105      8173 7053 8825  1478  4096 
-104      7053 8173 5574  2579  1    
-103      8172 8495 2580  3828  4096 
-102      8495 8172 7924  5105  8191 
-101      8175 8825 13296 6281  4096 
-100      8825 8175 10377 7244  1    
-99       8169 9865 7245  7899  4096 
-98       9865 8169 11995 8182  8191 
-97       8172 9359 16373 8064  4096 
-96       9359 8172 12160 7558  1    
-95       8170 9315 7559  6714  4096 
-94       9315 8170 10810 5613  8191 
-93       8173 7828 13804 4364  4096 
-92       7828 8173 8460  3087  1    
-91       8172 7537 3088  1911  4096 
-90       7537 8172 6007  948   8191 
-89       8169 6463 9139  293   4096 
-88       6463 8169 4389  10    1    
-87       8173 7024 11    128   4096 
-86       7024 8173 4224  634   8191 
-85       8174 7054 8825  1478  4096 
-84       7054 8174 5574  2579  1    
-83       8173 8497 2580  3828  4096 
-82       8497 8173 7924  5105  8191 
-81       8172 8818 13296 6281  4096 
-80       8818 8172 10377 7244  1    
-79       8172 9873 7245  7899  4096 
-78       9873 8172 11995 8182  8191 
-77       8173 9361 16373 8064  4096 
-76       9361 8173 12160 7558  1    
-75       8173 9318 7559  6714  4096 
-74       9318 8173 10810 5613  8191 
-73       8173 7815 13804 4364  4096 
-72       7815 8173 8460  3087  1    
-71       8172 7539 3088  1911  4096 
-70       7539 8172 6007  948   8191 
-69       8171 6471 9139  293   4096 
-68       6471 8171 4389  10    1    
-67       8174 7014 11    128   4096 
-66       7014 8174 4224  634   8191 
-65       8175 7054 8825  1478  4096 
-64       7054 8175 5574  2579  1    
-63       8174 8480 2580  3828  4096 
-62       8480 8174 7924  5105  8191 
-61       8174 8827 13296 6281  4096 
-60       8827 8174 10377 7244  1    
-59       8172 9865 7245  7899  4096 
-58       9865 8172 11995 8182  8191 
-57       8172 9360 16373 8064  4096 
-56       9360 8172 12160 7558  1    
-55       8173 9321 7559  6714  4096 
-54       9321 8173 10810 5613  8191 
-53       8173 7826 13804 4364  4096 
-52       7826 8173 8460  3087  1    
-51       8173 7541 3088  1911  4096 
-50       7541 8173 6007  948   8191 
-49       8173 6467 9139  293   4096 
-48       6467 8173 4389  10    1    
-47       8174 7019 11    128   4096 
-46       7019 8174 4224  634   8191 
-45       8172 7056 8825  1478  4096 
-44       7056 8172 5574  2579  1    
-43       8173 8494 2580  3828  4096 
-42       8494 8173 7924  5105  8191 
-41       8172 8823 13296 6281  4096 
-40       8823 8172 10377 7244  1    
-39       8173 9862 7245  7899  4096 
-38       9862 8173 11995 8182  8191 
-37       8171 9355 16373 8064  4096 
-36       9355 8171 12160 7558  1    
-35       8173 9312 7559  6714  4096 
-34       9312 8173 10810 5613  8191 
-33       8172 7818 13804 4364  4096 
-32       7818 8172 8460  3087  1    
-31       8172 7534 3088  1911  4096 
-30       7534 8172 6007  948   8191 
-29       8172 6467 9139  293   4096 
-28       6467 8172 4389  10    1    
-27       8174 7003 11    128   4096 
-26       7003 8174 4224  634   8191 
-25       8173 7049 8825  1478  4096 
-24       7049 8173 5574  2579  1    
-23       8173 8479 2580  3828  4096 
-22       8479 8173 7924  5105  8191 
-21       8175 8823 13296 6281  4096 
-20       8823 8175 10377 7244  1    
-19       8173 9872 7245  7899  4096 
-18       9872 8173 11995 8182  8191 
-17       8173 9360 16373 8064  4096 
-16       9360 8173 12160 7558  1    
-15       8173 9317 7559  6714  4096 
-14       9317 8173 10810 5613  8191 
-13       8173 7819 13804 4364  4096 
-12       7819 8173 8460  3087  1    
-11       8174 7532 3088  1911  4096 
-10       7532 8174 6007  948   8191 
-9        8174 6470 9139  293   4096 
-8        6470 8174 4389  10    1    
-7        8174 7013 11    128   4096 
-6        7013 8174 4224  634   8191 
-5        8173 7051 8825  1478  4096 
-4        7051 8173 5574  2579  1    
-3        8171 8491 2580  3828  4096 
-2        8491 8171 7924  5105  8191 
-1        8175 8829 13296 6281  4096 
0         8829 8175 10377 7244  1    
1         8171 9863 7245  7899  4096 
2         9863 8171 11995 8182  8191 
3         8173 9353 16373 8064  4096 
4         9353 8173 12160 7558  1    
5         8174 9318 7559  6714  4096 
6         9318 8174 10810 5613  8191 
7         8173 7816 13804 4364  4096 
8         7816 8173 8460  3087  1    
9         8173 7535 3088  1911  4096 
10        7535 8173 6007  948   8191 
11        8172 6469 9139  293   4096 
12        6469 8172 4389  10    1    
13        8174 7019 11    128   4096 
14        7019 8174 4224  634   8191 
15        8174 7052 8825  1478  4096 
16        7052 8174 5574  2579  1    
17        8175 8490 2580  3828  4096 
18        8490 8175 7924  5105  8191 
19        8173 8817 13296 6281  4096 
20        8817 8173 10377 7244  1    
21        8174 9867 7245  7899  4096 
22        9867 8174 11995 8182  8191 
23        8173 9356 16373 8064  4096 
24        9356 8173 12160 7558  1    
25        8171 9316 7559  6714  4096 
26        9316 8171 10810 5613  8191 
27        8173 7810 13804 4364  4096 
28        7810 8173 8460  3087  1    
29        8172 7533 3088  1911  4096 
30        7533 8172 6007  948   8191 
31        8173 6465 9139  293   4096 
32        6465 8173 4389  10    1    
33        8175 7004 11    128   4096 
34        7004 8175 4224  634   8191 
35        8174 7052 8825  1478  4096 
36        7052 8174 5574  2579  1    
37        8174 8481 2580  3828  4096 
38        8481 8174 7924  5105  8191 
39        8173 8819 13296 6281  4096 
40        8819 8173 10377 7244  1    
41        8172 9865 7245  7899  4096 
42        9865 8172 11995 8182  8191 
43        8175 9367 16373 8064  4096 
44        9367 8175 12160 7558  1    
45        8170 9319 7559  6714  4096 
46        9319 8170 10810 5613  8191 
47        8175 7823 13804 4364  4096 
48        7823 8175 8460  3087  1    
49        8171 7531 3088  1911  4096 
50        7531 8171 6007  948   8191 
51        8173 6464 9139  293   4096 
52        6464 8173 4389  10    1    
53        8171 7011 11    128   4096 
54        7011 8171 4224  634   8191 
55        8172 7059 8825  1478  4096 
56        7059 8172 5574  2579  1    
57        8171 8491 2580  3828  4096 
58        8491 8171 7924  5105  8191 
59        8174 8827 13296 6281  4096 
60        8827 8174 10377 7244  1    
61        8172 9877 7245  7899  4096 
62        9877 8172 11995 8182  8191 
63        8172 9361 16373 8064  4096 
64        9361 8172 12160 7558  1    
65        8173 9325 7559  6714  4096 
66        9325 8173 10810 5613  8191 
67        8174 7824 13804 4364  4096 
68        7824 8174 8460  3087  1    
69        8171 7529 3088  1911  4096 
70        7529 8171 6007  948   8191 
71        8173 6463 9139  293   4096 
72        6463 8173 4389  10    1    
73        8172 7007 11    128   4096 
74        7007 8172 4224  634   8191 
75        8174 7048 8825  1478  4096 
76        7048 8174 5574  2579  1    
77        8175 8488 2580  3828  4096 
78        8488 8175 7924  5105  8191 
79        8173 8823 13296 6281  4096 
80        8823 8173 10377 7244  1    
81        8173 9866 7245  7899  4096 
82        9866 8173 11995 8182  8191 
83        8173 9352 16373 8064  4096 
84        9352 8173 12160 7558  1    
85        8172 9311 7559  6714  4096 
86        9311 8172 10810 5613  8191 
87        8173 7811 13804 4364  4096 
88        7811 8173 8460  3087  1    
89        8172 7540 3088  1911  4096 
90        7540 8172 6007  948   8191 
91        8173 6474 9139  293   4096 
92        6474 8173 4389  10    1    
93        8175 7005 11    128   4096 
94        7005 8175 4224  634   8191 
95        8173 7054 8825  1478  4096 
96        7054 8173 5574  2579  1    
97        8173 8487 2580  3828  4096 
98        8487 8173 7924  5105  8191 
99        8174 8823 13296 6281  4096 
100       8823 8174 10377 7244  1    
101       8173 9874 7245  7899  4096 
102       9874 8173 11995 8182  8191 
103       8175 9358 16373 8064  4096 
104       9358 8175 12160 7558  1    
105       8172 9321 7559  6714  4096 
106       9321 8172 10810 5613  8191 
107       8174 7823 13804 4364  4096 
108       7823 8174 8460  3087  1    
109       8172 7532 3088  1911  4096 
110       7532 8172 6007  948   8191 
111       8173 6462 9139  293   4096 
112       6462 8173 4389  10    1    
113       8173 7015 11    128   4096 
114       7015 8173 4224  634   8191 
115       8173 7050 8825  1478  4096 
116       7050 8173 5574  2579  1    
117       8173 8481 2580  3828  4096 
118       8481 8173 7924  5105  8191 
119       8172 8828 13296 6281  4096 
120       8828 8172 10377 7244  1    
121       8172 9879 7245  7899  4096 
122       9879 8172 11995 8182  8191 
123       8173 9359 16373 8064  4096 
124       9359 8173 12160 7558  1    
125       8172 9326 7559  6714  4096 
126       9326 8172 10810 5613  8191 
127       8173 7816 13804 4364  4096 
128       7816 8173 8460  3087  1    
129       8172 7540 3088  1911  4096 
130       7540 8172 6007  948   8191 
131       8174 6469 9139  293   4096 
132       6469 8174 4389  10    1    
133       8175 7010 11    128   4096 
134       7010 8175 4224  634   8191 
135       8173 7049 8825  1478  4096 
136       7049 8173 5574  2579  1    
137       8175 8491 2580  3828  4096 
138       8491 8175 7924  5105  8191 
139       8172 8821 13296 6281  4096 
140       8821 8172 10377 7244  1    
141       8173 9882 7245  7899  4096 
142       9882 8173 11995 8182  8191 
143       8172 9358 16373 8064  4096 
144       9358 8172 12160 7558  1    
145       8172 9316 7559  6714  4096 
146       9316 8172 10810 5613  8191 
147       8172 7823 13804 4364  4096 
148       7823 8172 8460  3087  1    
149       8172 7532 3088  1911  4096 
150       7532 8172 6007  948   8191 
151       8173 6471 9139  293   4096 
152       6471 8173 4389  10    1    
153       8171 7010 11    128   4096 
154       7010 8171 4224  634   8191 
155       8174 7047 8825  1478  4096 
156       7047 8174 5574  2579  1    
157       8174 8483 2580  3828  4096 
158       8483 8174 7924  5105  8191 
159       8173 8816 13296 6281  4096 
160       8816 8173 10377 7244  1    
161       8172 9874 7245  7899  4096 
162       9874 8172 11995 8182  8191 
163       8174 9359 16373 8064  4096 
164       9359 8174 12160 7558  1    
165       8173 9322 7559  6714  4096 
166       9322 8173 10810 5613  8191 
167       8175 7820 13804 4364  4096 
168       7820 8175 8460  3087  1    
169       8171 7538 3088  1911  4096 
170       7538 8171 6007  948   8191 
171       8173 6467 9139  293   4096 
172       6467 8173 4389  10    1    
173       8174 7014 11    128   4096 
174       7014 8174 4224  634   8191 
175       8176 7054 8825  1478  4096 
176       7054 8176 5574  2579  1    
177       8174 8480 2580  3828  4096 
178       8480 8174 7924  5105  8191 
179       8171 8827 13296 6281  4096 
180       8827 8171 10377 7244  1    
181       8172 9874 7245  7899  4096 
182       9874 8172 11995 8182  8191 
183       8174 9364 16373 8064  4096 
184       9364 8174 12160 7558  1    
185       8170 9318 7559  6714  4096 
186       9318 8170 10810 5613  8191 
187       8172 7825 13804 4364  4096 
188       7825 8172 8460  3087  1    
189       8168 7537 3088  1911  4096 
190       7537 8168 6007  948   8191 
191       8172 6459 9139  293   4096 
192       6459 8172 4389  10    1    
193       8172 7009 11    128   4096 
194       7009 8172 4224  634   8191 
195       8173 7052 8825  1478  4096 
196       7052 8173 5574  2579  1    
197       8173 8494 2580  3828  4096 
198       8494 8173 7924  5105  8191 
199       8173 8827 13296 6281  4096 
200       8827 8173 10377 7244  1    
201       8172 9872 7245  7899  4096 
202       9872 8172 11995 8182  8191 
203       8174 9358 16373 8064  4096 
204       9358 8174 12160 7558  1    
205       8173 9320 7559  6714  4096 
206       9320 8173 10810 5613  8191 
207       8175 7817 13804 4364  4096 
208       7817 8175 8460  3087  1    
209       8172 7536 3088  1911  4096 
210       7536 8172 6007  948   8191 
211       8171 6472 9139  293   4096 
212       6472 8171 4389  10    1    
213       8173 7016 11    128   4096 
214       7016 8173 4224  634   8191 
215       8173 7051 8825  1478  4096 
216       7051 8173 5574  2579  1    
217       8174 8489 2580  3828  4096 
218       8489 8174 7924  5105  8191 
219       8173 8828 13296 6281  4096 
220       8828 8173 10377 7244  1    
221       8172 9869 7245  7899  4096 
222       9869 8172 11995 8182  8191 
223       8173 9367 16373 8064  4096 
224       9367 8173 12160 7558  1    
225       8173 9320 7559  6714  4096 
226       9320 8173 10810 5613  8191 
227       8174 7825 13804 4364  4096 
228       7825 8174 8460  3087  1    
229       8172 7537 3088  1911  4096 
230       7537 8172 6007  948   8191 
231       8175 6469 9139  293   4096 
232       6469 8175 4389  10    1    
233       8175 7016 11    128   4096 
234       7016 8175 4224  634   8191 
235       8174 7053 8825  1478  4096 
236       7053 8174 5574  2579  1    
237       8174 8497 2580  3828  4096 
238       8497 8174 7924  5105  8191 
239       8176 8822 13296 6281  4096 
240       8822 8176 10377 7244  1    
241       8173 9871 7245  7899  4096 
242       9871 8173 11995 8182  8191 
243       8173 9369 16373 8064  4096 
244       9369 8173 12160 7558  1    
245       8170 9317 7559  6714  4096 
246       9317 8170 10810 5613  8191 
247       8174 7828 13804 4364  4096 
248       7828 8174 8460  3087  1    
249       8172 7535 3088  1911  4096 
250       7535 8172 6007  948   8191 
251       8172 6469 9139  293   4096 
252       6469 8172 4389  10    1    
253       8174 7013 11    128   4096 
254       7013 8174 4224  634   8191 
255       8174 7051 8825  1478  4096 
256       7051 8174 5574  2579  1    
257       8175 8487 2580  3828  4096 
258       8487 8175 7924  5105  8191 
259       8173 8814 13296 6281  4096 
260       8814 8173 10377 7244  1    
261       8169 9870 7245  7899  4096 
262       9870 8169 11995 8182  8191 
263       8175 9360 16373 8064  4096 
264       9360 8175 12160 7558  1    
265       8172 9319 7559  6714  4096 
266       9319 8172 10810 5613  8191 
267       8172 7820 13804 4364  4096 
268       7820 8172 8460  3087  1    
269       8171 7532 3088  1911  4096 
270       7532 8171 6007  948   8191 
271       8172 6469 9139  293   4096 
272       6469 8172 4389  10    1    
273       8173 7011 11    128   4096 
274       7011 8173 4224  634   8191 
275       8173 7051 8825  1478  4096 
276       7051 8173 5574  2579  1    
277       8174 8486 2580  3828  4096 
278       8486 8174 7924  5105  8191 
279       8175 8829 13296 6281  4096 
280       8829 8175 10377 7244  1    
281       8175 9868 7245  7899  4096 
282       9868 8175 11995 8182  8191 
283       8172 9347 16373 8064  4096 
284       9347 8172 12160 7558  1    
285       8175 9315 7559  6714  4096 
286       9315 8175 10810 5613  8191 
287       8171 7815 13804 4364  4096 
288       7815 8171 8460  3087  1    
289       8173 7535 3088  1911  4096 
290       7535 8173 6007  948   8191 
291       8174 6467 9139  293   4096 
292       6467 8174 4389  10    1    
293       8173 7016 11    128   4096 
294       7016 8173 4224  634   8191 
295       8174 7054 8825  1478  4096 
296       7054 8174 5574  2579  1    
297       8173 8489 2580  3828  4096 
298       8489 8173 7924  5105  8191 
299       8173 8817 13296 6281  4096 
300       8817 8173 10377 7244  1    
301       8172 9863 7245  7899  4096 
302       9863 8172 11995 8182  8191 
303       8174 9357 16373 8064  4096 
304       9357 8174 12160 7558  1    
305       8173 9319 7559  6714  4096 
306       9319 8173 10810 5613  8191 
307       8172 7818 13804 4364  4096 
308       7818 8172 8460  3087  1    
309       8172 7533 3088  1911  4096 
310       7533 8172 6007  948   8191 
311       8173 6465 9139  293   4096 
312       6465 8173 4389  10    1    
313       8173 7013 11    128   4096 
314       7013 8173 4224  634   8191 
315       8175 7051 8825  1478  4096 
316       7051 8175 5574  2579  1    
317       8174 8489 2580  3828  4096 
318       8489 8174 7924  5105  8191 
319       8174 8823 13296 6281  4096 
320       8823 8174 10377 7244  1    
321       8172 9872 7245  7899  4096 
322       9872 8172 11995 8182  8191 
323       8172 9347 16373 8064  4096 
324       9347 8172 12160 7558  1    
325       8171 9319 7559  6714  4096 
326       9319 8171 10810 5613  8191 
327       8174 7821 13804 4364  4096 
328       7821 8174 8460  3087  1    
329       8172 7534 3088  1911  4096 
330       7534 8172 6007  948   8191 
331       8173 6466 9139  293   4096 
332       6466 8173 4389  10    1    
333       8175 7017 11    128   4096 
334       7017 8175 4224  634   8191 
335       8174 7057 8825  1478  4096 
336       7057 8174 5574  2579  1    
337       8172 8494 2580  3828  4096 
338       8494 8172 7924  5105  8191 
339       8172 8827 13296 6281  4096 
340       8827 8172 10377 7244  1    
341       8173 9864 7245  7899  4096 
342       9864 8173 11995 8182  8191 
343       8172 9353 16373 8064  4096 
344       9353 8172 12160 7558  1    
345       8173 9320 7559  6714  4096 
346       9320 8173 10810 5613  8191 
347       8173 7824 13804 4364  4096 
348       7824 8173 8460  3087  1    
349       8171 7528 3088  1911  4096 
350       7528 8171 6007  948   8191 
351       8173 6467 9139  293   4096 
352       6467 8173 4389  10    1    
353       8171 7011 11    128   4096 
354       7011 8171 4224  634   8191 
355       8174 7048 8825  1478  4096 
356       7048 8174 5574  2579  1    
357       8173 8486 2580  3828  4096 
358       8486 8173 7924  5105  8191 
359       8173 8820 13296 6281  4096 
360       8820 8173 10377 7244  1    
361       8175 9864 7245  7899  4096 
362       9864 8175 11995 8182  8191 
363       8174 9363 16373 8064  4096 
364       9363 8174 12160 7558  1    
365       8172 9313 7559  6714  4096 
366       9313 8172 10810 5613  8191 
367       8172 7822 13804 4364  4096 
368       7822 8172 8460  3087  1    
369       8172 7535 3088  1911  4096 
370       7535 8172 6007  948   8191 
371       8172 6468 9139  293   4096 
372       6468 8172 4389  10    1    
373       8174 7000 11    128   4096 
374       7000 8174 4224  634   8191 
375       8173 7053 8825  1478  4096 
376       7053 8173 5574  2579  1    
377       8175 8471 2580  3828  4096 
378       8471 8175 7924  5105  8191 
379       8176 8824 13296 6281  4096 
380       8824 8176 10377 7244  1    
381       8173 9868 7245  7899  4096 
382       9868 8173 11995 8182  8191 
383       8173 9357 16373 8064  4096 
384       9357 8173 12160 7558  1    
385       8174 9321 7559  6714  4096 
386       9321 8174 10810 5613  8191 
387       8173 7821 13804 4364  4096 
388       7821 8173 8460  3087  1    
389       8171 7534 3088  1911  4096 
390       7534 8171 6007  948   8191 
391       8173 6469 9139  293   4096 
392       6469 8173 4389  10    1    
393       8176 7014 11    128   4096 
394       7014 8176 4224  634   8191 
395       8173 7045 8825  1478  4096 
396       7045 8173 5574  2579  1    
397       8173 8482 2580  3828  4096 
398       8482 8173 7924  5105  8191 
399       8171 8819 13296 6281  4096 
400       8819 8171 10377 7244  1    
401       8173 9871 7245  7899  4096 
402       9871 8173 11995 8182  8191 
403       8173 9357 16373 8064  4096 
404       9357 8173 12160 7558  1    
405       8173 9319 7559  6714  4096 
406       9319 8173 10810 5613  8191 
407       8172 7817 13804 4364  4096 
408       7817 8172 8460  3087  1    
409       8172 7544 3088  1911  4096 
410       7544 8172 6007  948   8191 
411       8172 6475 9139  293   4096 
412       6475 8172 4389  10    1    
413       8172 7014 11    128   4096 
414       7014 8172 4224  634   8191 
415       8173 7056 8825  1478  4096 
416       7056 8173 5574  2579  1    
417       8174 8493 2580  3828  4096 
418       8493 8174 7924  5105  8191 
419       8176 8815 13296 6281  4096 
420       8815 8176 10377 7244  1    
421       8172 9873 7245  7899  4096 
422       9873 8172 11995 8182  8191 
423       8174 9348 16373 8064  4096 
424       9348 8174 12160 7558  1    
425       8171 9319 7559  6714  4096 
426       9319 8171 10810 5613  8191 
427       8174 7816 13804 4364  4096 
428       7816 8174 8460  3087  1    
429       8173 7538 3088  1911  4096 
430       7538 8173 6007  948   8191 
431       8172 6476 9139  293   4096 
432       6476 8172 4389  10    1    
433       8173 7004 11    128   4096 
434       7004 8173 4224  634   8191 
435       8174 7050 8825  1478  4096 
436       7050 8174 5574  2579  1    
437       8171 8482 2580  3828  4096 
438       8482 8171 7924  5105  8191 
439       8175 8823 13296 6281  4096 
440       8823 8175 10377 7244  1    
441       8173 9863 7245  7899  4096 
442       9863 8173 11995 8182  8191 
443       8172 9352 16373 8064  4096 
444       9352 8172 12160 7558  1    
445       8173 9313 7559  6714  4096 
446       9313 8173 10810 5613  8191 
447       8174 7813 13804 4364  4096 
448       7813 8174 8460  3087  1    
449       8173 7538 3088  1911  4096 
450       7538 8173 6007  948   8191 
451       8173 6467 9139  293   4096 
452       6467 8173 4389  10    1    
453       8172 7015 11    128   4096 
454       7015 8172 4224  634   8191 
455       8175 7055 8825  1478  4096 
456       7055 8175 5574  2579  1    
457       8173 8491 2580  3828  4096 
458       8491 8173 7924  5105  8191 
459       8174 8815 13296 6281  4096 
460       8815 8174 10377 7244  1    
461       8173 9864 7245  7899  4096 
462       9864 8173 11995 8182  8191 
463       8174 9361 16373 8064  4096 
464       9361 8174 12160 7558  1    
465       8174 9316 7559  6714  4096 
466       9316 8174 10810 5613  8191 
467       8172 7827 13804 4364  4096 
468       7827 8172 8460  3087  1    
469       8171 7537 3088  1911  4096 
470       7537 8171 6007  948   8191 
471       8173 6472 9139  293   4096 
472       6472 8173 4389  10    1    
473       8172 7025 11    128   4096 
474       7025 8172 4224  634   8191 
475       8175 7054 8825  1478  4096 
476       7054 8175 5574  2579  1    
477       8174 8491 2580  3828  4096 
478       8491 8174 7924  5105  8191 
479       8174 8827 13296 6281  4096 
480       8827 8174 10377 7244  1    
481       8172 9862 7245  7899  4096 
482       9862 8172 11995 8182  8191 
483       8174 9358 16373 8064  4096 
484       9358 8174 12160 7558  1    
485       8172 9313 7559  6714  4096 
486       9313 8172 10810 5613  8191 
487       8175 7819 13804 4364  4096 
488       7819 8175 8460  3087  1    
489       8172 7534 3088  1911  4096 
490       7534 8172 6007  948   8191 
491       8174 6477 9139  293   4096 
492       6477 8174 4389  10    1    
493       8172 7020 11    128   4096 
494       7020 8172 4224  634   8191 
495       8175 7051 8825  1478  4096 
496       7051 8175 5574  2579  1    
497       8173 8489 2580  3828  4096 
498       8489 8173 7924  5105  8191 
499       8174 8819 13296 6281  4096 
500       8819 8174 10377 7244  1    
501       8172 9871 7245  7899  4096 
502       9871 8172 11995 8182  8191 
503       8173 9371 16373 8064  4096 
504       9371 8173 12160 7558  1    
505       8174 9326 7559  6714  4096 
506       9326 8174 10810 5613  8191 
507       8174 7817 13804 4364  4096 
508       7817 8174 8460  3087  1    
509       8173 7544 3088  1911  4096 
510       7544 8173 6007  948   8191 
511       8173 6474 9139  293   4096 
512       6474 8173 4389  10    1    
513       8174 7025 11    128   4096 
514       7025 8174 4224  634   8191 
515       8174 7057 8825  1478  4096 
516       7057 8174 5574  2579  1    
517       8174 8490 2580  3828  4096 
518       8490 8174 7924  5105  8191 
519       8174 8820 13296 6281  4096 
520       8820 8174 10377 7244  1    
521       8170 9876 7245  7899  4096 
522       9876 8170 11995 8182  8191 
523       8173 9352 16373 8064  4096 
524       9352 8173 12160 7558  1    
525       8172 9311 7559  6714  4096 
526       9311 8172 10810 5613  8191 
527       8172 7821 13804 4364  4096 
528       7821 8172 8460  3087  1    
529       8173 7533 3088  1911  4096 
530       7533 8173 6007  948   8191 
531       8173 6474 9139  293   4096 
532       6474 8173 4389  10    1    
533       8173 7013 11    128   4096 
534       7013 8173 4224  634   8191 
535       8172 7053 8825  1478  4096 
536       7053 8172 5574  2579  1    
537       8173 8483 2580  3828  4096 
538       8483 8173 7924  5105  8191 
539       8174 8826 13296 6281  4096 
540       8826 8174 10377 7244  1    
541       8172 9874 7245  7899  4096 
542       9874 8172 11995 8182  8191 
543       8175 9347 16373 8064  4096 
544       9347 8175 12160 7558  1    
545       8172 9316 7559  6714  4096 
546       9316 8172 10810 5613  8191 
547       8173 7813 13804 4364  4096 
548       7813 8173 8460  3087  1    
549       8170 7535 3088  1911  4096 
550       7535 8170 6007  948   8191 
551       8172 6460 9139  293   4096 
552       6460 8172 4389  10    1    
553       8175 7010 11    128   4096 
554       7010 8175 4224  634   8191 
555       8174 7053 8825  1478  4096 
556       7053 8174 5574  2579  1    
557       8172 8484 2580  3828  4096 
558       8484 8172 7924  5105  8191 
559       8174 8829 13296 6281  4096 
560       8829 8174 10377 7244  1    
561       8174 9874 7245  7899  4096 
562       9874 8174 11995 8182  8191 
563       8172 9367 16373 8064  4096 
564       9367 8172 12160 7558  1    
565       8172 9322 7559  6714  4096 
566       9322 8172 10810 5613  8191 
567       8173 7814 13804 4364  4096 
568       7814 8173 8460  3087  1    
569       8173 7533 3088  1911  4096 
570       7533 8173 6007  948   8191 
571       8172 6470 9139  293   4096 
572       6470 8172 4389  10    1    
573       8173 7024 11    128   4096 
574       7024 8173 4224  634   8191 
575       8174 7054 8825  1478  4096 
576       7054 8174 5574  2579  1    
577       8173 8489 2580  3828  4096 
578       8489 8173 7924  5105  8191 
579       8174 8821 13296 6281  4096 
580       8821 8174 10377 7244  1    
581       8173 9874 7245  7899  4096 
582       9874 8173 11995 8182  8191 
583       8174 9364 16373 8064  4096 
584       9364 8174 12160 7558  1    
585       8170 9317 7559  6714  4096 
586       9317 8170 10810 5613  8191 
587       8174 7808 13804 4364  4096 
588       7808 8174 8460  3087  1    
589       8173 7534 3088  1911  4096 
590       7534 8173 6007  948   8191 
591       8173 6469 9139  293   4096 
592       6469 8173 4389  10    1    
593       8174 7018 11    128   4096 
594       7018 8174 4224  634   8191 
595       8174 7053 8825  1478  4096 
596       7053 8174 5574  2579  1    
597       8173 8482 2580  3828  4096 
598       8482 8173 7924  5105  8191 
599       8176 8825 13296 6281  4096 
600       8825 8176 10377 7244  1    
601       8171 9868 7245  7899  4096 
602       9868 8171 11995 8182  8191 
603       8172 9363 16373 8064  4096 
604       9363 8172 12160 7558  1    
605       8172 9312 7559  6714  4096 
606       9312 8172 10810 5613  8191 
607       8173 7814 13804 4364  4096 
608       7814 8173 8460  3087  1    
609       8172 7538 3088  1911  4096 
610       7538 8172 6007  948   8191 
611       8175 6466 9139  293   4096 
612       6466 8175 4389  10    1    
613       8174 7012 11    128   4096 
614       7012 8174 4224  634   8191 
615       8175 7051 8825  1478  4096 
616       7051 8175 5574  2579  1    
617       8172 8481 2580  3828  4096 
618       8481 8172 7924  5105  8191 
619       8176 8821 13296 6281  4096 
620       8821 8176 10377 7244  1    
621       8171 9870 7245  7899  4096 
622       9870 8171 11995 8182  8191 
623       8172 9372 16373 8064  4096 
624       9372 8172 12160 7558  1    
625       8174 9320 7559  6714  4096 
626       9320 8174 10810 5613  8191 
627       8174 7831 13804 4364  4096 
628       7831 8174 8460  3087  1    
629       8172 7537 3088  1911  4096 
630       7537 8172 6007  948   8191 
631       8173 6476 9139  293   4096 
632       6476 8173 4389  10    1    
633       8173 7021 11    128   4096 
634       7021 8173 4224  634   8191 
635       8172 7053 8825  1478  4096 
636       7053 8172 5574  2579  1    
637       8175 8485 2580  3828  4096 
638       8485 8175 7924  5105  8191 
639       8177 8814 13296 6281  4096 
640       8814 8177 10377 7244  1    
641       8173 9867 7245  7899  4096 
642       9867 8173 11995 8182  8191 
643       8174 9363 16373 8064  4096 
644       9363 8174 12160 7558  1    
645       8172 9321 7559  6714  4096 
646       9321 8172 10810 5613  8191 
647       8172 7818 13804 4364  4096 
648       7818 8172 8460  3087  1    
649       8170 7539 3088  1911  4096 
650       7539 8170 6007  948   8191 
651       8175 6457 9139  293   4096 
652       6457 8175 4389  10    1    
653       8173 7005 11    128   4096 
654       7005 8173 4224  634   8191 
655       8175 7050 8825  1478  4096 
656       7050 8175 5574  2579  1    
657       8175 8484 2580  3828  4096 
658       8484 8175 7924  5105  8191 
659       8173 8817 13296 6281  4096 
660       8817 8173 10377 7244  1    
661       8172 9871 7245  7899  4096 
662       9871 8172 11995 8182  8191 
663       8174 9355 16373 8064  4096 
664       9355 8174 12160 7558  1    
665       8173 9318 7559  6714  4096 
666       9318 8173 10810 5613  8191 
667       8173 7817 13804 4364  4096 
668       7817 8173 8460  3087  1    
669       8173 7537 3088  1911  4096 
670       7537 8173 6007  948   8191 
671       8173 6473 9139  293   4096 
672       6473 8173 4389  10    1    
673       8175 7008 11    128   4096 
674       7008 8175 4224  634   8191 
675       8173 7053 8825  1478  4096 
676       7053 8173 5574  2579  1    
677       8175 8492 2580  3828  4096 
678       8492 8175 7924  5105  8191 
679       8174 8821 13296 6281  4096 
680       8821 8174 10377 7244  1    
681       8170 9867 7245  7899  4096 
682       9867 8170 11995 8182  8191 
683       8174 9358 16373 8064  4096 
684       9358 8174 12160 7558  1    
685       8172 9318 7559  6714  4096 
686       9318 8172 10810 5613  8191 
687       8173 7814 13804 4364  4096 
688       7814 8173 8460  3087  1    
689       8173 7536 3088  1911  4096 
690       7536 8173 6007  948   8191 
691       8171 6469 9139  293   4096 
692       6469 8171 4389  10    1    
693       8173 7015 11    128   4096 
694       7015 8173 4224  634   8191 
695       8175 7055 8825  1478  4096 
696       7055 8175 5574  2579  1    
697       8174 8493 2580  3828  4096 
698       8493 8174 7924  5105  8191 
699       8173 8818 13296 6281  4096 
700       8818 8173 10377 7244  1    
701       8174 9875 7245  7899  4096 
702       9875 8174 11995 8182  8191 
703       8174 9362 16373 8064  4096 
704       9362 8174 12160 7558  1    
705       8174 9318 7559  6714  4096 
706       9318 8174 10810 5613  8191 
707       8173 7825 13804 4364  4096 
708       7825 8173 8460  3087  1    
709       8172 7539 3088  1911  4096 
710       7539 8172 6007  948   8191 
711       8172 6463 9139  293   4096 
712       6463 8172 4389  10    1    
713       8173 7022 11    128   4096 
714       7022 8173 4224  634   8191 
715       8173 7060 8825  1478  4096 
716       7060 8173 5574  2579  1    
717       8175 8480 2580  3828  4096 
718       8480 8175 7924  5105  8191 
719       8174 8823 13296 6281  4096 
720       8823 8174 10377 7244  1    
721       8173 9868 7245  7899  4096 
722       9868 8173 11995 8182  8191 
723       8173 9356 16373 8064  4096 
724       9356 8173 12160 7558  1    
725       8173 9318 7559  6714  4096 
726       9318 8173 10810 5613  8191 
727       8172 7816 13804 4364  4096 
728       7816 8172 8460  3087  1    
729       8172 7537 3088  1911  4096 
730       7537 8172 6007  948   8191 
731       8171 6467 9139  293   4096 
732       6467 8171 4389  10    1    
733       8174 7003 11    128   4096 
734       7003 8174 4224  634   8191 
735       8174 7057 8825  1478  4096 
736       7057 8174 5574  2579  1    
737       8175 8487 2580  3828  4096 
738       8487 8175 7924  5105  8191 
739       8174 8818 13296 6281  4096 
740       8818 8174 10377 7244  1    
741       8174 9869 7245  7899  4096 
742       9869 8174 11995 8182  8191 
743       8173 9354 16373 8064  4096 
744       9354 8173 12160 7558  1    
745       8171 9315 7559  6714  4096 
746       9315 8171 10810 5613  8191 
747       8174 7823 13804 4364  4096 
748       7823 8174 8460  3087  1    
749       8172 7539 3088  1911  4096 
750       7539 8172 6007  948   8191 
751       8173 6475 9139  293   4096 
752       6475 8173 4389  10    1    
753       8172 7005 11    128   4096 
754       7005 8172 4224  634   8191 
755       8173 7049 8825  1478  4096 
756       7049 8173 5574  2579  1    
757       8173 8484 2580  3828  4096 
758       8484 8173 7924  5105  8191 
759       8174 8822 13296 6281  4096 
760       8822 8174 10377 7244  1    
761       8171 9867 7245  7899  4096 
762       9867 8171 11995 8182  8191 
763       8172 9352 16373 8064  4096 
764       9352 8172 12160 7558  1    
765       8171 9321 7559  6714  4096 
766       9321 8171 10810 5613  8191 
767       8173 7823 13804 4364  4096 
768       7823 8173 8460  3087  1    
769       8173 7542 3088  1911  4096 
770       7542 8173 6007  948   8191 
771       8173 6472 9139  293   4096 
772       6472 8173 4389  10    1    
773       8176 7016 11    128   4096 
774       7016 8176 4224  634   8191 
775       8174 7052 8825  1478  4096 
776       7052 8174 5574  2579  1    
777       8173 8489 2580  3828  4096 
778       8489 8173 7924  5105  8191 
779       8172 8813 13296 6281  4096 
780       8813 8172 10377 7244  1    
781       8171 9864 7245  7899  4096 
782       9864 8171 11995 8182  8191 
783       8176 9352 16373 8064  4096 
784       9352 8176 12160 7558  1    
785       8174 9319 7559  6714  4096 
786       9319 8174 10810 5613  8191 
787       8174 7820 13804 4364  4096 
788       7820 8174 8460  3087  1    
789       8170 7541 3088  1911  4096 
790       7541 8170 6007  948   8191 
791       8174 6473 9139  293   4096 
792       6473 8174 4389  10    1    
793       8174 7017 11    128   4096 
794       7017 8174 4224  634   8191 
795       8172 7048 8825  1478  4096 
796       7048 8172 5574  2579  1    
797       8173 8485 2580  3828  4096 
798       8485 8173 7924  5105  8191 
799       8173 8819 13296 6281  4096 
800       8819 8173 10377 7244  1    
801       8172 9863 7245  7899  4096 
802       9863 8172 11995 8182  8191 
803       8172 9351 16373 8064  4096 
804       9351 8172 12160 7558  1    
805       8173 9315 7559  6714  4096 
806       9315 8173 10810 5613  8191 
807       8173 7827 13804 4364  4096 
808       7827 8173 8460  3087  1    
809       8172 7533 3088  1911  4096 
810       7533 8172 6007  948   8191 
811       8171 6466 9139  293   4096 
812       6466 8171 4389  10    1    
813       8174 7004 11    128   4096 
814       7004 8174 4224  634   8191 
815       8175 7051 8825  1478  4096 
816       7051 8175 5574  2579  1    
817       8173 8488 2580  3828  4096 
818       8488 8173 7924  5105  8191 
819       8173 8820 13296 6281  4096 
820       8820 8173 10377 7244  1    
821       8170 9867 7245  7899  4096 
822       9867 8170 11995 8182  8191 
823       8173 9360 16373 8064  4096 
824       9360 8173 12160 7558  1    
825       8173 9321 7559  6714  4096 
826       9321 8173 10810 5613  8191 
827       8174 7818 13804 4364  4096 
828       7818 8174 8460  3087  1    
829       8174 7532 3088  1911  4096 
830       7532 8174 6007  948   8191 
831       8172 6472 9139  293   4096 
832       6472 8172 4389  10    1    
833       8171 7020 11    128   4096 
834       7020 8171 4224  634   8191 
835       8172 7057 8825  1478  4096 
836       7057 8172 5574  2579  1    
837       8173 8491 2580  3828  4096 
838       8491 8173 7924  5105  8191 
839       8174 8824 13296 6281  4096 
840       8824 8174 10377 7244  1    
841       8172 9865 7245  7899  4096 
842       9865 8172 11995 8182  8191 
843       8172 9353 16373 8064  4096 
844       9353 8172 12160 7558  1    
845       8170 9316 7559  6714  4096 
846       9316 8170 10810 5613  8191 
847       8173 7807 13804 4364  4096 
848       7807 8173 8460  3087  1    
849       8175 7535 3088  1911  4096 
850       7535 8175 6007  948   8191 
851       8173 6462 9139  293   4096 
852       6462 8173 4389  10    1    
853       8171 7005 11    128   4096 
854       7005 8171 4224  634   8191 
855       8173 7055 8825  1478  4096 
856       7055 8173 5574  2579  1    
857       8173 8488 2580  3828  4096 
858       8488 8173 7924  5105  8191 
859       8173 8818 13296 6281  4096 
860       8818 8173 10377 7244  1    
861       8171 9869 7245  7899  4096 
862       9869 8171 11995 8182  8191 
863       8172 9357 16373 8064  4096 
864       9357 8172 12160 7558  1    
865       8172 9323 7559  6714  4096 
866       9323 8172 10810 5613  8191 
867       8175 7808 13804 4364  4096 
868       7808 8175 8460  3087  1    
869       8173 7537 3088  1911  4096 
870       7537 8173 6007  948   8191 
871       8172 6464 9139  293   4096 
872       6464 8172 4389  10    1    
873       8174 7021 11    128   4096 
874       7021 8174 4224  634   8191 
875       8174 7058 8825  1478  4096 
876       7058 8174 5574  2579  1    
877       8175 8482 2580  3828  4096 
878       8482 8175 7924  5105  8191 
879       8175 8814 13296 6281  4096 
880       8814 8175 10377 7244  1    
881       8173 9873 7245  7899  4096 
882       9873 8173 11995 8182  8191 
883       8175 9367 16373 8064  4096 
884       9367 8175 12160 7558  1    
885       8171 9314 7559  6714  4096 
886       9314 8171 10810 5613  8191 
887       8173 7817 13804 4364  4096 
888       7817 8173 8460  3087  1    
889       8173 7531 3088  1911  4096 
890       7531 8173 6007  948   8191 
891       8174 6470 9139  293   4096 
892       6470 8174 4389  10    1    
893       8172 7005 11    128   4096 
894       7005 8172 4224  634   8191 
895       8172 7053 8825  1478  4096 
896       7053 8172 5574  2579  1    
897       8174 8491 2580  3828  4096 
898       8491 8174 7924  5105  8191 
899       8176 8827 13296 6281  4096 
900       8827 8176 10377 7244  1    
901       8171 9870 7245  7899  4096 
902       9870 8171 11995 8182  8191 
903       8173 9362 16373 8064  4096 
904       9362 8173 12160 7558  1    
905       8174 9320 7559  6714  4096 
906       9320 8174 10810 5613  8191 
907       8173 7817 13804 4364  4096 
908       7817 8173 8460  3087  1    
909       8172 7543 3088  1911  4096 
910       7543 8172 6007  948   8191 
911       8172 6465 9139  293   4096 
912       6465 8172 4389  10    1    
913       8173 7017 11    128   4096 
914       7017 8173 4224  634   8191 
915       8172 7049 8825  1478  4096 
916       7049 8172 5574  2579  1    
917       8172 8486 2580  3828  4096 
918       8486 8172 7924  5105  8191 
919       8176 8822 13296 6281  4096 
920       8822 8176 10377 7244  1    
921       8172 9865 7245  7899  4096 
922       9865 8172 11995 8182  8191 
923       8174 9362 16373 8064  4096 
924       9362 8174 12160 7558  1    
925       8172 9321 7559  6714  4096 
926       9321 8172 10810 5613  8191 
927       8174 7827 13804 4364  4096 
928       7827 8174 8460  3087  1    
929       8172 7534 3088  1911  4096 
930       7534 8172 6007  948   8191 
931       8173 6463 9139  293   4096 
932       6463 8173 4389  10    1    
933       8174 7014 11    128   4096 
934       7014 8174 4224  634   8191 
935       8173 7052 8825  1478  4096 
936       7052 8173 5574  2579  1    
937       8176 8488 2580  3828  4096 
938       8488 8176 7924  5105  8191 
939       8174 8823 13296 6281  4096 
940       8823 8174 10377 7244  1    
941       8172 9873 7245  7899  4096 
942       9873 8172 11995 8182  8191 
943       8173 9365 16373 8064  4096 
944       9365 8173 12160 7558  1    
945       8173 9318 7559  6714  4096 
946       9318 8173 10810 5613  8191 
947       8173 7808 13804 4364  4096 
948       7808 8173 8460  3087  1    
949       8174 7541 3088  1911  4096 
950       7541 8174 6007  948   8191 
951       8171 6469 9139  293   4096 
952       6469 8171 4389  10    1    
953       8174 7023 11    128   4096 
954       7023 8174 4224  634   8191 
955       8174 7060 8825  1478  4096 
956       7060 8174 5574  2579  1    
957       8173 8494 2580  3828  4096 
958       8494 8173 7924  5105  8191 
959       8173 8827 13296 6281  4096 
960       8827 8173 10377 7244  1    
961       8174 9872 7245  7899  4096 
962       9872 8174 11995 8182  8191 
963       8174 9362 16373 8064  4096 
964       9362 8174 12160 7558  1    
965       8173 9313 7559  6714  4096 
966       9313 8173 10810 5613  8191 
967       8173 7825 13804 4364  4096 
968       7825 8173 8460  3087  1    
969       8173 7535 3088  1911  4096 
970       7535 8173 6007  948   8191 
971       8174 6465 9139  293   4096 
972       6465 8174 4389  10    1    
973       8174 7008 11    128   4096 
974       7008 8174 4224  634   8191 
975       8174 7052 8825  1478  4096 
976       7052 8174 5574  2579  1    
977       8174 8487 2580  3828  4096 
978       8487 8174 7924  5105  8191 
979       8175 8827 13296 6281  4096 
980       8827 8175 10377 7244  1    
981       8172 9865 7245  7899  4096 
982       9865 8172 11995 8182  8191 
983       8174 9360 16373 8064  4096 
984       9360 8174 12160 7558  1    
985       8172 9317 7559  6714  4096 
986       9317 8172 10810 5613  8191 
987       8173 7820 13804 4364  4096 
988       7820 8173 8460  3087  1    
989       8171 7532 3088  1911  4096 
990       7532 8171 6007  948   8191 
991       8174 6472 9139  293   4096 
992       6472 8174 4389  10    1    
993       8174 7009 11    128   4096 
994       7009 8174 4224  634   8191 
995       8175 7054 8825  1478  4096 
996       7054 8175 5574  2579  1    
997       8172 8498 2580  3828  4096 
998       8498 8172 7924  5105  8191 
999       8174 8823 13296 6281  4096 
1000      8823 8174 10377 7244  1    
1001      8171 9864 7245  7899  4096 
1002      9864 8171 11995 8182  8191 
1003      8173 9358 16373 8064  4096 
1004      9358 8173 12160 7558  1    
1005      8174 9317 7559  6714  4096 
1006      9317 8174 10810 5613  8191 
1007      8175 7814 13804 4364  4096 
1008      7814 8175 8460  3087  1    
1009      8171 7532 3088  1911  4096 
1010      7532 8171 6007  948   8191 
1011      8172 6473 9139  293   4096 
1012      6473 8172 4389  10    1    
1013      8173 7021 11    128   4096 
1014      7021 8173 4224  634   8191 
1015      8174 7054 8825  1478  4096 
1016      7054 8174 5574  2579  1    
1017      8175 8487 2580  3828  4096 
1018      8487 8175 7924  5105  8191 
1019      8174 8827 13296 6281  4096 
1020      8827 8174 10377 7244  1    
1021      8172 9871 7245  7899  4096 
1022      9871 8172 11995 8182  8191 
1023      8171 9365 16373 8064  4096 
1024      9365 8171 12160 7558  1    
1025      8171 9317 7559  6714  4096 
1026      9317 8171 10810 5613  8191 
1027      8173 7812 13804 4364  4096 
1028      7812 8173 8460  3087  1    
1029      8170 7534 3088  1911  4096 
1030      7534 8170 6007  948   8191 
1031      8172 6463 9139  293   4096 
1032      6463 8172 4389  10    1    
1033      8172 7008 11    128   4096 
1034      7008 8172 4224  634   8191 
1035      8173 7049 8825  1478  4096 
1036      7049 8173 5574  2579  1    
1037      8174 8494 2580  3828  4096 
1038      8494 8174 7924  5105  8191 
1039      8175 8821 13296 6281  4096 
1040      8821 8175 10377 7244  1    
1041      8173 9870 7245  7899  4096 
1042      9870 8173 11995 8182  8191 
1043      8174 9355 16373 8064  4096 
1044      9355 8174 12160 7558  1    
1045      8173 9321 7559  6714  4096 
1046      9321 8173 10810 5613  8191 
1047      8176 7807 13804 4364  4096 
1048      7807 8176 8460  3087  1    
1049      8174 7539 3088  1911  4096 
1050      7539 8174 6007  948   8191 
1051      8173 6475 9139  293   4096 
1052      6475 8173 4389  10    1    
1053      8173 7015 11    128   4096 
1054      7015 8173 4224  634   8191 
1055      8174 7056 8825  1478  4096 
1056      7056 8174 5574  2579  1    
1057      8174 8492 2580  3828  4096 
1058      8492 8174 7924  5105  8191 
1059      8174 8821 13296 6281  4096 
1060      8821 8174 10377 7244  1    
1061      8172 9871 7245  7899  4096 
1062      9871 8172 11995 8182  8191 
1063      8172 9344 16373 8064  4096 
1064      9344 8172 12160 7558  1    
1065      8170 9317 7559  6714  4096 
1066      9317 8170 10810 5613  8191 
1067      8173 7819 13804 4364  4096 
1068      7819 8173 8460  3087  1    
1069      8173 7536 3088  1911  4096 
1070      7536 8173 6007  948   8191 
1071      8173 6469 9139  293   4096 
1072      6469 8173 4389  10    1    
1073      8173 7006 11    128   4096 
1074      7006 8173 4224  634   8191 
1075      8173 7053 8825  1478  4096 
1076      7053 8173 5574  2579  1    
1077      8173 8493 2580  3828  4096 
1078      8493 8173 7924  5105  8191 
1079      8174 8821 13296 6281  4096 
1080      8821 8174 10377 7244  1    
1081      8171 9862 7245  7899  4096 
1082      9862 8171 11995 8182  8191 
1083      8175 9362 16373 8064  4096 
1084      9362 8175 12160 7558  1    
1085      8174 9317 7559  6714  4096 
1086      9317 8174 10810 5613  8191 
1087      8172 7825 13804 4364  4096 
1088      7825 8172 8460  3087  1    
1089      8173 7538 3088  1911  4096 
1090      7538 8173 6007  948   8191 
1091      8172 6464 9139  293   4096 
1092      6464 8172 4389  10    1    
1093      8174 7025 11    128   4096 
1094      7025 8174 4224  634   8191 
1095      8173 7050 8825  1478  4096 
1096      7050 8173 5574  2579  1    
1097      8173 8478 2580  3828  4096 
1098      8478 8173 7924  5105  8191 
1099      8174 8825 13296 6281  4096 
1100      8825 8174 10377 7244  1    
1101      8174 9868 7245  7899  4096 
1102      9868 8174 11995 8182  8191 
1103      8174 9355 16373 8064  4096 
1104      9355 8174 12160 7558  1    
1105      8172 9312 7559  6714  4096 
1106      9312 8172 10810 5613  8191 
1107      8173 7819 13804 4364  4096 
1108      7819 8173 8460  3087  1    
1109      8171 7530 3088  1911  4096 
1110      7530 8171 6007  948   8191 
1111      8173 6473 9139  293   4096 
1112      6473 8173 4389  10    1    
1113      8176 7009 11    128   4096 
1114      7009 8176 4224  634   8191 
1115      8174 7055 8825  1478  4096 
1116      7055 8174 5574  2579  1    
1117      8175 8491 2580  3828  4096 
1118      8491 8175 7924  5105  8191 
1119      8172 8822 13296 6281  4096 
1120      8822 8172 10377 7244  1    
1121      8175 9871 7245  7899  4096 
1122      9871 8175 11995 8182  8191 
1123      8173 9364 16373 8064  4096 
1124      9364 8173 12160 7558  1    
1125      8173 9320 7559  6714  4096 
1126      9320 8173 10810 5613  8191 
1127      8173 7812 13804 4364  4096 
1128      7812 8173 8460  3087  1    
1129      8172 7543 3088  1911  4096 
1130      7543 8172 6007  948   8191 
1131      8173 6474 9139  293   4096 
1132      6474 8173 4389  10    1    
1133      8174 7017 11    128   4096 
1134      7017 8174 4224  634   8191 
1135      8173 7048 8825  1478  4096 
1136      7048 8173 5574  2579  1    
1137      8174 8482 2580  3828  4096 
1138      8482 8174 7924  5105  8191 
1139      8174 8813 13296 6281  4096 
1140      8813 8174 10377 7244  1    
1141      8173 9863 7245  7899  4096 
1142      9863 8173 11995 8182  8191 
1143      8172 9363 16373 8064  4096 
1144      9363 8172 12160 7558  1    
1145      8175 9318 7559  6714  4096 
1146      9318 8175 10810 5613  8191 
1147      8172 7821 13804 4364  4096 
1148      7821 8172 8460  3087  1    
1149      8172 7531 3088  1911  4096 
1150      7531 8172 6007  948   8191 
1151      8174 6470 9139  293   4096 
1152      6470 8174 4389  10    1    
1153      8174 7008 11    128   4096 
1154      7008 8174 4224  634   8191 
1155      8173 7054 8825  1478  4096 
1156      7054 8173 5574  2579  1    
1157      8175 8487 2580  3828  4096 
1158      8487 8175 7924  5105  8191 
1159      8173 8819 13296 6281  4096 
1160      8819 8173 10377 7244  1    
1161      8171 9859 7245  7899  4096 
1162      9859 8171 11995 8182  8191 
1163      8173 9346 16373 8064  4096 
1164      9346 8173 12160 7558  1    
1165      8173 9319 7559  6714  4096 
1166      9319 8173 10810 5613  8191 
1167      8173 7817 13804 4364  4096 
1168      7817 8173 8460  3087  1    
1169      8173 7538 3088  1911  4096 
1170      7538 8173 6007  948   8191 
1171      8172 6471 9139  293   4096 
1172      6471 8172 4389  10    1    
1173      8174 7011 11    128   4096 
1174      7011 8174 4224  634   8191 
1175      8173 7049 8825  1478  4096 
1176      7049 8173 5574  2579  1    
1177      8173 8486 2580  3828  4096 
1178      8486 8173 7924  5105  8191 
1179      8174 8821 13296 6281  4096 
1180      8821 8174 10377 7244  1    
1181      8172 9863 7245  7899  4096 
1182      9863 8172 11995 8182  8191 
1183      8173 9350 16373 8064  4096 
1184      9350 8173 12160 7558  1    
1185      8171 9316 7559  6714  4096 
1186      9316 8171 10810 5613  8191 
1187      8175 7819 13804 4364  4096 
1188      7819 8175 8460  3087  1    
1189      8172 7536 3088  1911  4096 
1190      7536 8172 6007  948   8191 
1191      8172 6472 9139  293   4096 
1192      6472 8172 4389  10    1    
1193      8172 7011 11    128   4096 
1194      7011 8172 4224  634   8191 
1195      8173 7057 8825  1478  4096 
1196      7057 8173 5574  2579  1    
1197      8173 8493 2580  3828  4096 
1198      8493 8173 7924  5105  8191 
1199      8175 8822 13296 6281  4096 
1200      8822 8175 10377 7244  1    
1201      8172 9864 7245  7899  4096 
1202      9864 8172 11995 8182  8191 
1203      8172 9368 16373 8064  4096 
1204      9368 8172 12160 7558  1    
1205      8172 9321 7559  6714  4096 
1206      9321 8172 10810 5613  8191 
1207      8172 7819 13804 4364  4096 
1208      7819 8172 8460  3087  1    
1209      8173 7536 3088  1911  4096 
1210      7536 8173 6007  948   8191 
1211      8172 6475 9139  293   4096 
1212      6475 8172 4389  10    1    
1213      8173 7013 11    128   4096 
1214      7013 8173 4224  634   8191 
1215      8176 7054 8825  1478  4096 
1216      7054 8176 5574  2579  1    
1217      8173 8493 2580  3828  4096 
1218      8493 8173 7924  5105  8191 
1219      8174 8822 13296 6281  4096 
1220      8822 8174 10377 7244  1    
1221      8173 9872 7245  7899  4096 
1222      9872 8173 11995 8182  8191 
1223      8173 9356 16373 8064  4096 
1224      9356 8173 12160 7558  1    
1225      8172 9313 7559  6714  4096 
1226      9313 8172 10810 5613  8191 
1227      8172 7820 13804 4364  4096 
1228      7820 8172 8460  3087  1    
1229      8172 7536 3088  1911  4096 
1230      7536 8172 6007  948   8191 
1231      8173 6459 9139  293   4096 
1232      6459 8173 4389  10    1    
1233      8172 7009 11    128   4096 
1234      7009 8172 4224  634   8191 
1235      8174 7046 8825  1478  4096 
1236      7046 8174 5574  2579  1    
1237      8173 8483 2580  3828  4096 
1238      8483 8173 7924  5105  8191 
1239      8173 8826 13296 6281  4096 
1240      8826 8173 10377 7244  1    
1241      8171 9870 7245  7899  4096 
1242      9870 8171 11995 8182  8191 
1243      8173 9356 16373 8064  4096 
1244      9356 8173 12160 7558  1    
1245      8172 9321 7559  6714  4096 
1246      9321 8172 10810 5613  8191 
1247      8173 7820 13804 4364  4096 
1248      7820 8173 8460  3087  1    
1249      8172 7540 3088  1911  4096 
1250      7540 8172 6007  948   8191 
1251      8173 6476 9139  293   4096 
1252      6476 8173 4389  10    1    
1253      8173 7010 11    128   4096 
1254      7010 8173 4224  634   8191 
1255      8172 7053 8825  1478  4096 
1256      7053 8172 5574  2579  1    
1257      8171 8483 2580  3828  4096 
1258      8483 8171 7924  5105  8191 
1259      8175 8815 13296 6281  4096 
1260      8815 8175 10377 7244  1    
1261      8172 9873 7245  7899  4096 
1262      9873 8172 11995 8182  8191 
1263      8173 9359 16373 8064  4096 
1264      9359 8173 12160 7558  1    
1265      8173 9321 7559  6714  4096 
1266      9321 8173 10810 5613  8191 
1267      8174 7815 13804 4364  4096 
1268      7815 8174 8460  3087  1    
1269      8172 7536 3088  1911  4096 
1270      7536 8172 6007  948   8191 
1271      8174 6465 9139  293   4096 
1272      6465 8174 4389  10    1    
1273      8173 7013 11    128   4096 
1274      7013 8173 4224  634   8191 
1275      8172 7051 8825  1478  4096 
1276      7051 8172 5574  2579  1    
1277      8175 8497 2580  3828  4096 
1278      8497 8175 7924  5105  8191 
1279      8173 8826 13296 6281  4096 
1280      8826 8173 10377 7244  1    
1281      8172 9877 7245  7899  4096 
1282      9877 8172 11995 8182  8191 
1283      8173 9358 16373 8064  4096 
1284      9358 8173 12160 7558  1    
1285      8173 9320 7559  6714  4096 
1286      9320 8173 10810 5613  8191 
1287      8173 7830 13804 4364  4096 
1288      7830 8173 8460  3087  1    
1289      8171 7533 3088  1911  4096 
1290      7533 8171 6007  948   8191 
1291      8172 6461 9139  293   4096 
1292      6461 8172 4389  10    1    
1293      8173 7003 11    128   4096 
1294      7003 8173 4224  634   8191 
1295      8172 7055 8825  1478  4096 
1296      7055 8172 5574  2579  1    
1297      8172 8488 2580  3828  4096 
1298      8488 8172 7924  5105  8191 
1299      8174 8823 13296 6281  4096 
1300      8823 8174 10377 7244  1    
1301      8174 9871 7245  7899  4096 
1302      9871 8174 11995 8182  8191 
1303      8172 9366 16373 8064  4096 
1304      9366 8172 12160 7558  1    
1305      8173 9316 7559  6714  4096 
1306      9316 8173 10810 5613  8191 
1307      8173 7805 13804 4364  4096 
1308      7805 8173 8460  3087  1    
1309      8172 7532 3088  1911  4096 
1310      7532 8172 6007  948   8191 
1311      8174 6462 9139  293   4096 
1312      6462 8174 4389  10    1    
1313      8172 7021 11    128   4096 
1314      7021 8172 4224  634   8191 
1315      8174 7055 8825  1478  4096 
1316      7055 8174 5574  2579  1    
1317      8172 8493 2580  3828  4096 
1318      8493 8172 7924  5105  8191 
1319      8174 8815 13296 6281  4096 
1320      8815 8174 10377 7244  1    
1321      8172 9868 7245  7899  4096 
1322      9868 8172 11995 8182  8191 
1323      8173 9354 16373 8064  4096 
1324      9354 8173 12160 7558  1    
1325      8172 9328 7559  6714  4096 
1326      9328 8172 10810 5613  8191 
1327      8173 7810 13804 4364  4096 
1328      7810 8173 8460  3087  1    
1329      8171 7546 3088  1911  4096 
1330      7546 8171 6007  948   8191 
1331      8172 6469 9139  293   4096 
1332      6469 8172 4389  10    1    
1333      8174 7028 11    128   4096 
1334      7028 8174 4224  634   8191 
1335      8173 7054 8825  1478  4096 
1336      7054 8173 5574  2579  1    
1337      8175 8501 2580  3828  4096 
1338      8501 8175 7924  5105  8191 
1339      8173 8824 13296 6281  4096 
1340      8824 8173 10377 7244  1    
1341      8171 9871 7245  7899  4096 
1342      9871 8171 11995 8182  8191 
1343      8174 9369 16373 8064  4096 
1344      9369 8174 12160 7558  1    
1345      8174 9316 7559  6714  4096 
1346      9316 8174 10810 5613  8191 
1347      8173 7812 13804 4364  4096 
1348      7812 8173 8460  3087  1    
1349      8171 7537 3088  1911  4096 
1350      7537 8171 6007  948   8191 
1351      8173 6468 9139  293   4096 
1352      6468 8173 4389  10    1    
1353      8172 7010 11    128   4096 
1354      7010 8172 4224  634   8191 
1355      8173 7054 8825  1478  4096 
1356      7054 8173 5574  2579  1    
1357      8173 8488 2580  3828  4096 
1358      8488 8173 7924  5105  8191 
1359      8175 8816 13296 6281  4096 
1360      8816 8175 10377 7244  1    
1361      8172 9865 7245  7899  4096 
1362      9865 8172 11995 8182  8191 
1363      8174 9359 16373 8064  4096 
1364      9359 8174 12160 7558  1    
1365      8172 9314 7559  6714  4096 
1366      9314 8172 10810 5613  8191 
1367      8174 7819 13804 4364  4096 
1368      7819 8174 8460  3087  1    
1369      8171 7536 3088  1911  4096 
1370      7536 8171 6007  948   8191 
1371      8174 6473 9139  293   4096 
1372      6473 8174 4389  10    1    
1373      8175 7015 11    128   4096 
1374      7015 8175 4224  634   8191 
1375      8173 7061 8825  1478  4096 
1376      7061 8173 5574  2579  1    
1377      8172 8487 2580  3828  4096 
1378      8487 8172 7924  5105  8191 
1379      8176 8821 13296 6281  4096 
1380      8821 8176 10377 7244  1    
1381      8172 9877 7245  7899  4096 
1382      9877 8172 11995 8182  8191 
1383      8174 9365 16373 8064  4096 
1384      9365 8174 12160 7558  1    
1385      8175 9318 7559  6714  4096 
1386      9318 8175 10810 5613  8191 
1387      8172 7824 13804 4364  4096 
1388      7824 8172 8460  3087  1    
1389      8172 7531 3088  1911  4096 
1390      7531 8172 6007  948   8191 
1391      8174 6462 9139  293   4096 
1392      6462 8174 4389  10    1    
1393      8173 7019 11    128   4096 
1394      7019 8173 4224  634   8191 
1395      8174 7050 8825  1478  4096 
1396      7050 8174 5574  2579  1    
1397      8173 8490 2580  3828  4096 
1398      8490 8173 7924  5105  8191 
1399      8174 8823 13296 6281  4096 
1400      8823 8174 10377 7244  1    
1401      8172 9864 7245  7899  4096 
1402      9864 8172 11995 8182  8191 
1403      8175 9350 16373 8064  4096 
1404      9350 8175 12160 7558  1    
1405      8172 9314 7559  6714  4096 
1406      9314 8172 10810 5613  8191 
1407      8172 7809 13804 4364  4096 
1408      7809 8172 8460  3087  1    
1409      8170 7536 3088  1911  4096 
1410      7536 8170 6007  948   8191 
1411      8172 6465 9139  293   4096 
1412      6465 8172 4389  10    1    
1413      8171 7008 11    128   4096 
1414      7008 8171 4224  634   8191 
1415      8174 7055 8825  1478  4096 
1416      7055 8174 5574  2579  1    
1417      8175 8491 2580  3828  4096 
1418      8491 8175 7924  5105  8191 
1419      8173 8830 13296 6281  4096 
1420      8830 8173 10377 7244  1    
1421      8175 9875 7245  7899  4096 
1422      9875 8175 11995 8182  8191 
1423      8174 9361 16373 8064  4096 
1424      9361 8174 12160 7558  1    
1425      8173 9319 7559  6714  4096 
1426      9319 8173 10810 5613  8191 
1427      8176 7820 13804 4364  4096 
1428      7820 8176 8460  3087  1    
1429      8172 7533 3088  1911  4096 
1430      7533 8172 6007  948   8191 
1431      8173 6467 9139  293   4096 
1432      6467 8173 4389  10    1    
1433      8173 7017 11    128   4096 
1434      7017 8173 4224  634   8191 
1435      8172 7049 8825  1478  4096 
1436      7049 8172 5574  2579  1    
1437      8173 8483 2580  3828  4096 
1438      8483 8173 7924  5105  8191 
1439      8173 8822 13296 6281  4096 
1440      8822 8173 10377 7244  1    
1441      8172 9865 7245  7899  4096 
1442      9865 8172 11995 8182  8191 
1443      8172 9345 16373 8064  4096 
1444      9345 8172 12160 7558  1    
1445      8171 9316 7559  6714  4096 
1446      9316 8171 10810 5613  8191 
1447      8174 7818 13804 4364  4096 
1448      7818 8174 8460  3087  1    
1449      8172 7536 3088  1911  4096 
1450      7536 8172 6007  948   8191 
1451      8173 6460 9139  293   4096 
1452      6460 8173 4389  10    1    
1453      8173 7006 11    128   4096 
1454      7006 8173 4224  634   8191 
1455      8174 7055 8825  1478  4096 
1456      7055 8174 5574  2579  1    
1457      8174 8489 2580  3828  4096 
1458      8489 8174 7924  5105  8191 
1459      8174 8823 13296 6281  4096 
1460      8823 8174 10377 7244  1    
1461      8172 9859 7245  7899  4096 
1462      9859 8172 11995 8182  8191 
1463      8174 9360 16373 8064  4096 
1464      9360 8174 12160 7558  1    
1465      8172 9320 7559  6714  4096 
1466      9320 8172 10810 5613  8191 
1467      8172 7821 13804 4364  4096 
1468      7821 8172 8460  3087  1    
1469      8172 7534 3088  1911  4096 
1470      7534 8172 6007  948   8191 
1471      8175 6462 9139  293   4096 
1472      6462 8175 4389  10    1    
1473      8174 7020 11    128   4096 
1474      7020 8174 4224  634   8191 
1475      8172 7055 8825  1478  4096 
1476      7055 8172 5574  2579  1    
1477      8174 8491 2580  3828  4096 
1478      8491 8174 7924  5105  8191 
1479      8175 8829 13296 6281  4096 
1480      8829 8175 10377 7244  1    
1481      8171 9870 7245  7899  4096 
1482      9870 8171 11995 8182  8191 
1483      8174 9358 16373 8064  4096 
1484      9358 8174 12160 7558  1    
1485      8172 9323 7559  6714  4096 
1486      9323 8172 10810 5613  8191 
1487      8175 7812 13804 4364  4096 
1488      7812 8175 8460  3087  1    
1489      8171 7544 3088  1911  4096 
1490      7544 8171 6007  948   8191 
1491      8174 6462 9139  293   4096 
1492      6462 8174 4389  10    1    
1493      8173 7016 11    128   4096 
1494      7016 8173 4224  634   8191 
1495      8173 7055 8825  1478  4096 
1496      7055 8173 5574  2579  1    
1497      8174 8492 2580  3828  4096 
1498      8492 8174 7924  5105  8191 
1499      8174 8817 13296 6281  4096 
1500      8817 8174 10377 7244  1    
1501      8173 9876 7245  7899  4096 
1502      9876 8173 11995 8182  8191 
1503      8174 9367 16373 8064  4096 
1504      9367 8174 12160 7558  1    
1505      8173 9317 7559  6714  4096 
1506      9317 8173 10810 5613  8191 
1507      8173 7810 13804 4364  4096 
1508      7810 8173 8460  3087  1    
1509      8173 7542 3088  1911  4096 
1510      7542 8173 6007  948   8191 
1511      8174 6466 9139  293   4096 
1512      6466 8174 4389  10    1    
1513      8174 7023 11    128   4096 
1514      7023 8174 4224  634   8191 
1515      8173 7055 8825  1478  4096 
1516      7055 8173 5574  2579  1    
1517      8173 8480 2580  3828  4096 
1518      8480 8173 7924  5105  8191 
1519      8174 8822 13296 6281  4096 
1520      8822 8174 10377 7244  1    
1521      8172 9870 7245  7899  4096 
1522      9870 8172 11995 8182  8191 
1523      8174 9359 16373 8064  4096 
1524      9359 8174 12160 7558  1    
1525      8173 9314 7559  6714  4096 
1526      9314 8173 10810 5613  8191 
1527      8171 7818 13804 4364  4096 
1528      7818 8171 8460  3087  1    
1529      8171 7534 3088  1911  4096 
1530      7534 8171 6007  948   8191 
1531      8173 6462 9139  293   4096 
1532      6462 8173 4389  10    1    
1533      8173 7015 11    128   4096 
1534      7015 8173 4224  634   8191 
1535      8172 7056 8825  1478  4096 
1536      7056 8172 5574  2579  1    
1537      8175 8497 2580  3828  4096 
1538      8497 8175 7924  5105  8191 
1539      8173 8817 13296 6281  4096 
1540      8817 8173 10377 7244  1    
1541      8174 9863 7245  7899  4096 
1542      9863 8174 11995 8182  8191 
1543      8173 9367 16373 8064  4096 
1544      9367 8173 12160 7558  1    
1545      8173 9319 7559  6714  4096 
1546      9319 8173 10810 5613  8191 
1547      8173 7811 13804 4364  4096 
1548      7811 8173 8460  3087  1    
1549      8173 7537 3088  1911  4096 
1550      7537 8173 6007  948   8191 
1551      8172 6463 9139  293   4096 
1552      6463 8172 4389  10    1    
1553      8172 6996 11    128   4096 
1554      6996 8172 4224  634   8191 
1555      8174 7053 8825  1478  4096 
1556      7053 8174 5574  2579  1    
1557      8175 8485 2580  3828  4096 
1558      8485 8175 7924  5105  8191 
1559      8172 8823 13296 6281  4096 
1560      8823 8172 10377 7244  1    
1561      8173 9877 7245  7899  4096 
1562      9877 8173 11995 8182  8191 
1563      8172 9358 16373 8064  4096 
1564      9358 8172 12160 7558  1    
1565      8171 9317 7559  6714  4096 
1566      9317 8171 10810 5613  8191 
1567      8172 7807 13804 4364  4096 
1568      7807 8172 8460  3087  1    
1569      8172 7539 3088  1911  4096 
1570      7539 8172 6007  948   8191 
1571      8175 6471 9139  293   4096 
1572      6471 8175 4389  10    1    
1573      8174 7012 11    128   4096 
1574      7012 8174 4224  634   8191 
1575      8175 7049 8825  1478  4096 
1576      7049 8175 5574  2579  1    
1577      8173 8487 2580  3828  4096 
1578      8487 8173 7924  5105  8191 
1579      8173 8814 13296 6281  4096 
1580      8814 8173 10377 7244  1    
1581      8172 9870 7245  7899  4096 
1582      9870 8172 11995 8182  8191 
1583      8173 9347 16373 8064  4096 
1584      9347 8173 12160 7558  1    
1585      8173 9322 7559  6714  4096 
1586      9322 8173 10810 5613  8191 
1587      8174 7825 13804 4364  4096 
1588      7825 8174 8460  3087  1    
1589      8172 7542 3088  1911  4096 
1590      7542 8172 6007  948   8191 
1591      8173 6477 9139  293   4096 
1592      6477 8173 4389  10    1    
1593      8170 7017 11    128   4096 
1594      7017 8170 4224  634   8191 
1595      8175 7052 8825  1478  4096 
1596      7052 8175 5574  2579  1    
1597      8173 8495 2580  3828  4096 
1598      8495 8173 7924  5105  8191 
1599      8174 8825 13296 6281  4096 
1600      8825 8174 10377 7244  1    
1601      8172 9869 7245  7899  4096 
1602      9869 8172 11995 8182  8191 
1603      8173 9368 16373 8064  4096 
1604      9368 8173 12160 7558  1    
1605      8173 9319 7559  6714  4096 
1606      9319 8173 10810 5613  8191 
1607      8172 7817 13804 4364  4096 
1608      7817 8172 8460  3087  1    
1609      8170 7544 3088  1911  4096 
1610      7544 8170 6007  948   8191 
1611      8173 6477 9139  293   4096 
1612      6477 8173 4389  10    1    
1613      8175 7016 11    128   4096 
1614      7016 8175 4224  634   8191 
1615      8173 7051 8825  1478  4096 
1616      7051 8173 5574  2579  1    
1617      8173 8491 2580  3828  4096 
1618      8491 8173 7924  5105  8191 
1619      8173 8821 13296 6281  4096 
1620      8821 8173 10377 7244  1    
1621      8172 9866 7245  7899  4096 
1622      9866 8172 11995 8182  8191 
1623      8173 9349 16373 8064  4096 
1624      9349 8173 12160 7558  1    
1625      8172 9317 7559  6714  4096 
1626      9317 8172 10810 5613  8191 
1627      8172 7812 13804 4364  4096 
1628      7812 8172 8460  3087  1    
1629      8171 7538 3088  1911  4096 
1630      7538 8171 6007  948   8191 
1631      8173 6469 9139  293   4096 
1632      6469 8173 4389  10    1    
1633      8173 7019 11    128   4096 
1634      7019 8173 4224  634   8191 
1635      8175 7052 8825  1478  4096 
1636      7052 8175 5574  2579  1    
1637      8173 8495 2580  3828  4096 
1638      8495 8173 7924  5105  8191 
1639      8173 8825 13296 6281  4096 
1640      8825 8173 10377 7244  1    
1641      8172 9875 7245  7899  4096 
1642      9875 8172 11995 8182  8191 
1643      8173 9357 16373 8064  4096 
1644      9357 8173 12160 7558  1    
1645      8173 9315 7559  6714  4096 
1646      9315 8173 10810 5613  8191 
1647      8171 7818 13804 4364  4096 
1648      7818 8171 8460  3087  1    
1649      8172 7535 3088  1911  4096 
1650      7535 8172 6007  948   8191 
1651      8174 6473 9139  293   4096 
1652      6473 8174 4389  10    1    
1653      8173 7019 11    128   4096 
1654      7019 8173 4224  634   8191 
1655      8175 7052 8825  1478  4096 
1656      7052 8175 5574  2579  1    
1657      8173 8490 2580  3828  4096 
1658      8490 8173 7924  5105  8191 
1659      8173 8827 13296 6281  4096 
1660      8827 8173 10377 7244  1    
1661      8173 9871 7245  7899  4096 
1662      9871 8173 11995 8182  8191 
1663      8175 9362 16373 8064  4096 
1664      9362 8175 12160 7558  1    
1665      8174 9322 7559  6714  4096 
1666      9322 8174 10810 5613  8191 
1667      8173 7820 13804 4364  4096 
1668      7820 8173 8460  3087  1    
1669      8173 7534 3088  1911  4096 
1670      7534 8173 6007  948   8191 
1671      8173 6468 9139  293   4096 
1672      6468 8173 4389  10    1    
1673      8173 7010 11    128   4096 
1674      7010 8173 4224  634   8191 
1675      8175 7054 8825  1478  4096 
1676      7054 8175 5574  2579  1    
1677      8175 8494 2580  3828  4096 
1678      8494 8175 7924  5105  8191 
1679      8174 8821 13296 6281  4096 
1680      8821 8174 10377 7244  1    
1681      8173 9865 7245  7899  4096 
1682      9865 8173 11995 8182  8191 
1683      8173 9354 16373 8064  4096 
1684      9354 8173 12160 7558  1    
1685      8173 9316 7559  6714  4096 
1686      9316 8173 10810 5613  8191 
1687      8176 7815 13804 4364  4096 
1688      7815 8176 8460  3087  1    
1689      8172 7531 3088  1911  4096 
1690      7531 8172 6007  948   8191 
1691      8172 6471 9139  293   4096 
1692      6471 8172 4389  10    1    
1693      8174 7016 11    128   4096 
1694      7016 8174 4224  634   8191 
1695      8174 7051 8825  1478  4096 
1696      7051 8174 5574  2579  1    
1697      8173 8487 2580  3828  4096 
1698      8487 8173 7924  5105  8191 
1699      8174 8823 13296 6281  4096 
1700      8823 8174 10377 7244  1    
1701      8174 9864 7245  7899  4096 
1702      9864 8174 11995 8182  8191 
1703      8173 9353 16373 8064  4096 
1704      9353 8173 12160 7558  1    
1705      8175 9316 7559  6714  4096 
1706      9316 8175 10810 5613  8191 
1707      8173 7812 13804 4364  4096 
1708      7812 8173 8460  3087  1    
1709      8172 7535 3088  1911  4096 
1710      7535 8172 6007  948   8191 
1711      8173 6469 9139  293   4096 
1712      6469 8173 4389  10    1    
1713      8173 7009 11    128   4096 
1714      7009 8173 4224  634   8191 
1715      8175 7050 8825  1478  4096 
1716      7050 8175 5574  2579  1    
1717      8176 8488 2580  3828  4096 
1718      8488 8176 7924  5105  8191 
1719      8175 8824 13296 6281  4096 
1720      8824 8175 10377 7244  1    
1721      8171 9865 7245  7899  4096 
1722      9865 8171 11995 8182  8191 
1723      8173 9361 16373 8064  4096 
1724      9361 8173 12160 7558  1    
1725      8172 9320 7559  6714  4096 
1726      9320 8172 10810 5613  8191 
1727      8173 7820 13804 4364  4096 
1728      7820 8173 8460  3087  1    
1729      8173 7536 3088  1911  4096 
1730      7536 8173 6007  948   8191 
1731      8172 6473 9139  293   4096 
1732      6473 8172 4389  10    1    
1733      8172 7020 11    128   4096 
1734      7020 8172 4224  634   8191 
1735      8175 7059 8825  1478  4096 
1736      7059 8175 5574  2579  1    
1737      8174 8487 2580  3828  4096 
1738      8487 8174 7924  5105  8191 
1739      8174 8819 13296 6281  4096 
1740      8819 8174 10377 7244  1    
1741      8171 9873 7245  7899  4096 
1742      9873 8171 11995 8182  8191 
1743      8174 9364 16373 8064  4096 
1744      9364 8174 12160 7558  1    
1745      8173 9316 7559  6714  4096 
1746      9316 8173 10810 5613  8191 
1747      8172 7816 13804 4364  4096 
1748      7816 8172 8460  3087  1    
1749      8172 7539 3088  1911  4096 
1750      7539 8172 6007  948   8191 
1751      8172 6474 9139  293   4096 
1752      6474 8172 4389  10    1    
1753      8175 7018 11    128   4096 
1754      7018 8175 4224  634   8191 
1755      8173 7052 8825  1478  4096 
1756      7052 8173 5574  2579  1    
1757      8172 8486 2580  3828  4096 
1758      8486 8172 7924  5105  8191 
1759      8173 8823 13296 6281  4096 
1760      8823 8173 10377 7244  1    
1761      8173 9863 7245  7899  4096 
1762      9863 8173 11995 8182  8191 
1763      8172 9353 16373 8064  4096 
1764      9353 8172 12160 7558  1    
1765      8172 9313 7559  6714  4096 
1766      9313 8172 10810 5613  8191 
1767      8175 7817 13804 4364  4096 
1768      7817 8175 8460  3087  1    
1769      8174 7530 3088  1911  4096 
1770      7530 8174 6007  948   8191 
1771      8172 6465 9139  293   4096 
1772      6465 8172 4389  10    1    
1773      8175 7017 11    128   4096 
1774      7017 8175 4224  634   8191 
1775      8174 7056 8825  1478  4096 
1776      7056 8174 5574  2579  1    
1777      8173 8493 2580  3828  4096 
1778      8493 8173 7924  5105  8191 
1779      8173 8816 13296 6281  4096 
1780      8816 8173 10377 7244  1    
1781      8172 9868 7245  7899  4096 
1782      9868 8172 11995 8182  8191 
1783      8174 9372 16373 8064  4096 
1784      9372 8174 12160 7558  1    
1785      8172 9319 7559  6714  4096 
1786      9319 8172 10810 5613  8191 
1787      8173 7816 13804 4364  4096 
1788      7816 8173 8460  3087  1    
1789      8172 7528 3088  1911  4096 
1790      7528 8172 6007  948   8191 
1791      4169 3575 5569  11971 0    
