Signal Legend:

Key        Signal Name

0        = HSTCD_AD_DB
1        = HSTCD_DA_DA
2        = HSTCD_DA_DB
3        = lpm_add:lpm|dataa
4        = lpm_add:lpm|datab

Data Table:

Signals-> 0     1     2     3    4    

sample

-256      6012  7005  7005  1756 1    
-255      6012  1757  1757  832  4096 
-254      7964  4928  4928  227  8191 
-253      7964  8418  8418  2    4096 
-252      5565  4098  4098  177  1    
-251      5565  178   178   736  4096 
-250      8596  4832  4832  1624 8191 
-249      8596  9815  9815  2753 4096 
-248      7064  6849  6849  4015 1    
-247      7064  4016  4016  5283 4096 
-246      10352 9379  9379  6436 8191 
-245      10352 14627 14627 7360 4096 
-244      8401  11456 11456 7965 1    
-243      8401  7966  7966  8190 4096 
-242      10793 12286 12286 8015 8191 
-241      10793 16206 16206 7456 4096 
-240      7760  11552 11552 6568 1    
-239      7760  6569  6569  5439 4096 
-238      9288  9535  9535  4177 8191 
-237      9288  12368 12368 2909 4096 
-236      6008  7005  7005  1756 1    
-235      6008  1757  1757  832  4096 
-234      7965  4928  4928  227  8191 
-233      7965  8418  8418  2    4096 
-232      5565  4098  4098  177  1    
-231      5565  178   178   736  4096 
-230      8592  4832  4832  1624 8191 
-229      8592  9815  9815  2753 4096 
-228      7066  6849  6849  4015 1    
-227      7066  4016  4016  5283 4096 
-226      10350 9379  9379  6436 8191 
-225      10350 14627 14627 7360 4096 
-224      8403  11456 11456 7965 1    
-223      8403  7966  7966  8190 4096 
-222      10792 12286 12286 8015 8191 
-221      10792 16206 16206 7456 4096 
-220      7762  11552 11552 6568 1    
-219      7762  6569  6569  5439 4096 
-218      9289  9535  9535  4177 8191 
-217      9289  12368 12368 2909 4096 
-216      6011  7005  7005  1756 1    
-215      6011  1757  1757  832  4096 
-214      7964  4928  4928  227  8191 
-213      7964  8418  8418  2    4096 
-212      5564  4098  4098  177  1    
-211      5564  178   178   736  4096 
-210      8593  4832  4832  1624 8191 
-209      8593  9815  9815  2753 4096 
-208      7066  6849  6849  4015 1    
-207      7066  4016  4016  5283 4096 
-206      10352 9379  9379  6436 8191 
-205      10352 14627 14627 7360 4096 
-204      8403  11456 11456 7965 1    
-203      8403  7966  7966  8190 4096 
-202      10790 12286 12286 8015 8191 
-201      10790 16206 16206 7456 4096 
-200      7762  11552 11552 6568 1    
-199      7762  6569  6569  5439 4096 
-198      9285  9535  9535  4177 8191 
-197      9285  12368 12368 2909 4096 
-196      6012  7005  7005  1756 1    
-195      6012  1757  1757  832  4096 
-194      7964  4928  4928  227  8191 
-193      7964  8418  8418  2    4096 
-192      5564  4098  4098  177  1    
-191      5564  178   178   736  4096 
-190      8592  4832  4832  1624 8191 
-189      8592  9815  9815  2753 4096 
-188      7065  6849  6849  4015 1    
-187      7065  4016  4016  5283 4096 
-186      10352 9379  9379  6436 8191 
-185      10352 14627 14627 7360 4096 
-184      8402  11456 11456 7965 1    
-183      8402  7966  7966  8190 4096 
-182      10792 12286 12286 8015 8191 
-181      10792 16206 16206 7456 4096 
-180      7759  11552 11552 6568 1    
-179      7759  6569  6569  5439 4096 
-178      9285  9535  9535  4177 8191 
-177      9285  12368 12368 2909 4096 
-176      6011  7005  7005  1756 1    
-175      6011  1757  1757  832  4096 
-174      7966  4928  4928  227  8191 
-173      7966  8418  8418  2    4096 
-172      5564  4098  4098  177  1    
-171      5564  178   178   736  4096 
-170      8597  4832  4832  1624 8191 
-169      8597  9815  9815  2753 4096 
-168      7064  6849  6849  4015 1    
-167      7064  4016  4016  5283 4096 
-166      10352 9379  9379  6436 8191 
-165      10352 14627 14627 7360 4096 
-164      8402  11456 11456 7965 1    
-163      8402  7966  7966  8190 4096 
-162      10791 12286 12286 8015 8191 
-161      10791 16206 16206 7456 4096 
-160      7761  11552 11552 6568 1    
-159      7761  6569  6569  5439 4096 
-158      9287  9535  9535  4177 8191 
-157      9287  12368 12368 2909 4096 
-156      6013  7005  7005  1756 1    
-155      6013  1757  1757  832  4096 
-154      7966  4928  4928  227  8191 
-153      7966  8418  8418  2    4096 
-152      5566  4098  4098  177  1    
-151      5566  178   178   736  4096 
-150      8594  4832  4832  1624 8191 
-149      8594  9815  9815  2753 4096 
-148      7064  6849  6849  4015 1    
-147      7064  4016  4016  5283 4096 
-146      10351 9379  9379  6436 8191 
-145      10351 14627 14627 7360 4096 
-144      8402  11456 11456 7965 1    
-143      8402  7966  7966  8190 4096 
-142      10792 12286 12286 8015 8191 
-141      10792 16206 16206 7456 4096 
-140      7759  11552 11552 6568 1    
-139      7759  6569  6569  5439 4096 
-138      9288  9535  9535  4177 8191 
-137      9288  12368 12368 2909 4096 
-136      6010  7005  7005  1756 1    
-135      6010  1757  1757  832  4096 
-134      7964  4928  4928  227  8191 
-133      7964  8418  8418  2    4096 
-132      5566  4098  4098  177  1    
-131      5566  178   178   736  4096 
-130      8594  4832  4832  1624 8191 
-129      8594  9815  9815  2753 4096 
-128      7066  6849  6849  4015 1    
-127      7066  4016  4016  5283 4096 
-126      10350 9379  9379  6436 8191 
-125      10350 14627 14627 7360 4096 
-124      8400  11456 11456 7965 1    
-123      8400  7966  7966  8190 4096 
-122      10791 12286 12286 8015 8191 
-121      10791 16206 16206 7456 4096 
-120      7760  11552 11552 6568 1    
-119      7760  6569  6569  5439 4096 
-118      9286  9535  9535  4177 8191 
-117      9286  12368 12368 2909 4096 
-116      6009  7005  7005  1756 1    
-115      6009  1757  1757  832  4096 
-114      7964  4928  4928  227  8191 
-113      7964  8418  8418  2    4096 
-112      5565  4098  4098  177  1    
-111      5565  178   178   736  4096 
-110      8593  4832  4832  1624 8191 
-109      8593  9815  9815  2753 4096 
-108      7067  6849  6849  4015 1    
-107      7067  4016  4016  5283 4096 
-106      10351 9379  9379  6436 8191 
-105      10351 14627 14627 7360 4096 
-104      8401  11456 11456 7965 1    
-103      8401  7966  7966  8190 4096 
-102      10793 12286 12286 8015 8191 
-101      10793 16206 16206 7456 4096 
-100      7761  11552 11552 6568 1    
-99       7761  6569  6569  5439 4096 
-98       9285  9535  9535  4177 8191 
-97       9285  12368 12368 2909 4096 
-96       6009  7005  7005  1756 1    
-95       6009  1757  1757  832  4096 
-94       7966  4928  4928  227  8191 
-93       7966  8418  8418  2    4096 
-92       5564  4098  4098  177  1    
-91       5564  178   178   736  4096 
-90       8594  4832  4832  1624 8191 
-89       8594  9815  9815  2753 4096 
-88       7067  6849  6849  4015 1    
-87       7067  4016  4016  5283 4096 
-86       10350 9379  9379  6436 8191 
-85       10350 14627 14627 7360 4096 
-84       8404  11456 11456 7965 1    
-83       8404  7966  7966  8190 4096 
-82       10791 12286 12286 8015 8191 
-81       10791 16206 16206 7456 4096 
-80       7762  11552 11552 6568 1    
-79       7762  6569  6569  5439 4096 
-78       9287  9535  9535  4177 8191 
-77       9287  12368 12368 2909 4096 
-76       6014  7005  7005  1756 1    
-75       6014  1757  1757  832  4096 
-74       7965  4928  4928  227  8191 
-73       7965  8418  8418  2    4096 
-72       5563  4098  4098  177  1    
-71       5563  178   178   736  4096 
-70       8591  4832  4832  1624 8191 
-69       8591  9815  9815  2753 4096 
-68       7064  6849  6849  4015 1    
-67       7064  4016  4016  5283 4096 
-66       10350 9379  9379  6436 8191 
-65       10350 14627 14627 7360 4096 
-64       8400  11456 11456 7965 1    
-63       8400  7966  7966  8190 4096 
-62       10791 12286 12286 8015 8191 
-61       10791 16206 16206 7456 4096 
-60       7760  11552 11552 6568 1    
-59       7760  6569  6569  5439 4096 
-58       9284  9535  9535  4177 8191 
-57       9284  12368 12368 2909 4096 
-56       6009  7005  7005  1756 1    
-55       6009  1757  1757  832  4096 
-54       7964  4928  4928  227  8191 
-53       7964  8418  8418  2    4096 
-52       5568  4098  4098  177  1    
-51       5568  178   178   736  4096 
-50       8594  4832  4832  1624 8191 
-49       8594  9815  9815  2753 4096 
-48       7066  6849  6849  4015 1    
-47       7066  4016  4016  5283 4096 
-46       10353 9379  9379  6436 8191 
-45       10353 14627 14627 7360 4096 
-44       8404  11456 11456 7965 1    
-43       8404  7966  7966  8190 4096 
-42       10790 12286 12286 8015 8191 
-41       10790 16206 16206 7456 4096 
-40       7760  11552 11552 6568 1    
-39       7760  6569  6569  5439 4096 
-38       9288  9535  9535  4177 8191 
-37       9288  12368 12368 2909 4096 
-36       6011  7005  7005  1756 1    
-35       6011  1757  1757  832  4096 
-34       7967  4928  4928  227  8191 
-33       7967  8418  8418  2    4096 
-32       5561  4098  4098  177  1    
-31       5561  178   178   736  4096 
-30       8593  4832  4832  1624 8191 
-29       8593  9815  9815  2753 4096 
-28       7061  6849  6849  4015 1    
-27       7061  4016  4016  5283 4096 
-26       10353 9379  9379  6436 8191 
-25       10353 14627 14627 7360 4096 
-24       8402  11456 11456 7965 1    
-23       8402  7966  7966  8190 4096 
-22       10793 12286 12286 8015 8191 
-21       10793 16206 16206 7456 4096 
-20       7762  11552 11552 6568 1    
-19       7762  6569  6569  5439 4096 
-18       9288  9535  9535  4177 8191 
-17       9288  12368 12368 2909 4096 
-16       6013  7005  7005  1756 1    
-15       6013  1757  1757  832  4096 
-14       7965  4928  4928  227  8191 
-13       7965  8418  8418  2    4096 
-12       5564  4098  4098  177  1    
-11       5564  178   178   736  4096 
-10       8595  4832  4832  1624 8191 
-9        8595  9815  9815  2753 4096 
-8        7063  6849  6849  4015 1    
-7        7063  4016  4016  5283 4096 
-6        10350 9379  9379  6436 8191 
-5        10350 14627 14627 7360 4096 
-4        8400  11456 11456 7965 1    
-3        8400  7966  7966  8190 4096 
-2        10793 12286 12286 8015 8191 
-1        10793 16206 16206 7456 4096 
0         7760  11552 11552 6568 1    
1         7760  6569  6569  5439 4096 
2         9286  9535  9535  4177 8191 
3         9286  12368 12368 2909 4096 
4         6014  7005  7005  1756 1    
5         6014  1757  1757  832  4096 
6         7966  4928  4928  227  8191 
7         7966  8418  8418  2    4096 
8         5566  4098  4098  177  1    
9         5566  178   178   736  4096 
10        8591  4832  4832  1624 8191 
11        8591  9815  9815  2753 4096 
12        7065  6849  6849  4015 1    
13        7065  4016  4016  5283 4096 
14        10352 9379  9379  6436 8191 
15        10352 14627 14627 7360 4096 
16        8402  11456 11456 7965 1    
17        8402  7966  7966  8190 4096 
18        10793 12286 12286 8015 8191 
19        10793 16206 16206 7456 4096 
20        7761  11552 11552 6568 1    
21        7761  6569  6569  5439 4096 
22        9288  9535  9535  4177 8191 
23        9288  12368 12368 2909 4096 
24        6012  7005  7005  1756 1    
25        6012  1757  1757  832  4096 
26        7965  4928  4928  227  8191 
27        7965  8418  8418  2    4096 
28        5564  4098  4098  177  1    
29        5564  178   178   736  4096 
30        8592  4832  4832  1624 8191 
31        8592  9815  9815  2753 4096 
32        7064  6849  6849  4015 1    
33        7064  4016  4016  5283 4096 
34        10350 9379  9379  6436 8191 
35        10350 14627 14627 7360 4096 
36        8401  11456 11456 7965 1    
37        8401  7966  7966  8190 4096 
38        10789 12286 12286 8015 8191 
39        10789 16206 16206 7456 4096 
40        7762  11552 11552 6568 1    
41        7762  6569  6569  5439 4096 
42        9288  9535  9535  4177 8191 
43        9288  12368 12368 2909 4096 
44        6013  7005  7005  1756 1    
45        6013  1757  1757  832  4096 
46        7966  4928  4928  227  8191 
47        7966  8418  8418  2    4096 
48        5566  4098  4098  177  1    
49        5566  178   178   736  4096 
50        8595  4832  4832  1624 8191 
51        8595  9815  9815  2753 4096 
52        7062  6849  6849  4015 1    
53        7062  4016  4016  5283 4096 
54        10352 9379  9379  6436 8191 
55        10352 14627 14627 7360 4096 
56        8400  11456 11456 7965 1    
57        8400  7966  7966  8190 4096 
58        10793 12286 12286 8015 8191 
59        10793 16206 16206 7456 4096 
60        7761  11552 11552 6568 1    
61        7761  6569  6569  5439 4096 
62        9286  9535  9535  4177 8191 
63        9286  12368 12368 2909 4096 
64        6009  7005  7005  1756 1    
65        6009  1757  1757  832  4096 
66        7964  4928  4928  227  8191 
67        7964  8418  8418  2    4096 
68        5565  4098  4098  177  1    
69        5565  178   178   736  4096 
70        8595  4832  4832  1624 8191 
71        8595  9815  9815  2753 4096 
72        7064  6849  6849  4015 1    
73        7064  4016  4016  5283 4096 
74        10350 9379  9379  6436 8191 
75        10350 14627 14627 7360 4096 
76        8401  11456 11456 7965 1    
77        8401  7966  7966  8190 4096 
78        10793 12286 12286 8015 8191 
79        10793 16206 16206 7456 4096 
80        7761  11552 11552 6568 1    
81        7761  6569  6569  5439 4096 
82        9285  9535  9535  4177 8191 
83        9285  12368 12368 2909 4096 
84        6010  7005  7005  1756 1    
85        6010  1757  1757  832  4096 
86        7964  4928  4928  227  8191 
87        7964  8418  8418  2    4096 
88        5568  4098  4098  177  1    
89        5568  178   178   736  4096 
90        8595  4832  4832  1624 8191 
91        8595  9815  9815  2753 4096 
92        7065  6849  6849  4015 1    
93        7065  4016  4016  5283 4096 
94        10350 9379  9379  6436 8191 
95        10350 14627 14627 7360 4096 
96        8401  11456 11456 7965 1    
97        8401  7966  7966  8190 4096 
98        10791 12286 12286 8015 8191 
99        10791 16206 16206 7456 4096 
100       7762  11552 11552 6568 1    
101       7762  6569  6569  5439 4096 
102       9285  9535  9535  4177 8191 
103       9285  12368 12368 2909 4096 
104       6010  7005  7005  1756 1    
105       6010  1757  1757  832  4096 
106       7965  4928  4928  227  8191 
107       7965  8418  8418  2    4096 
108       5565  4098  4098  177  1    
109       5565  178   178   736  4096 
110       8595  4832  4832  1624 8191 
111       8595  9815  9815  2753 4096 
112       7066  6849  6849  4015 1    
113       7066  4016  4016  5283 4096 
114       10350 9379  9379  6436 8191 
115       10350 14627 14627 7360 4096 
116       8402  11456 11456 7965 1    
117       8402  7966  7966  8190 4096 
118       10788 12286 12286 8015 8191 
119       10788 16206 16206 7456 4096 
120       7759  11552 11552 6568 1    
121       7759  6569  6569  5439 4096 
122       9286  9535  9535  4177 8191 
123       9286  12368 12368 2909 4096 
124       6011  7005  7005  1756 1    
125       6011  1757  1757  832  4096 
126       7966  4928  4928  227  8191 
127       7966  8418  8418  2    4096 
128       5564  4098  4098  177  1    
129       5564  178   178   736  4096 
130       8595  4832  4832  1624 8191 
131       8595  9815  9815  2753 4096 
132       7065  6849  6849  4015 1    
133       7065  4016  4016  5283 4096 
134       10352 9379  9379  6436 8191 
135       10352 14627 14627 7360 4096 
136       8400  11456 11456 7965 1    
137       8400  7966  7966  8190 4096 
138       10789 12286 12286 8015 8191 
139       10789 16206 16206 7456 4096 
140       7760  11552 11552 6568 1    
141       7760  6569  6569  5439 4096 
142       9291  9535  9535  4177 8191 
143       9291  12368 12368 2909 4096 
144       6012  7005  7005  1756 1    
145       6012  1757  1757  832  4096 
146       7965  4928  4928  227  8191 
147       7965  8418  8418  2    4096 
148       5565  4098  4098  177  1    
149       5565  178   178   736  4096 
150       8595  4832  4832  1624 8191 
151       8595  9815  9815  2753 4096 
152       7062  6849  6849  4015 1    
153       7062  4016  4016  5283 4096 
154       10351 9379  9379  6436 8191 
155       10351 14627 14627 7360 4096 
156       8402  11456 11456 7965 1    
157       8402  7966  7966  8190 4096 
158       10791 12286 12286 8015 8191 
159       10791 16206 16206 7456 4096 
160       7762  11552 11552 6568 1    
161       7762  6569  6569  5439 4096 
162       9288  9535  9535  4177 8191 
163       9288  12368 12368 2909 4096 
164       6011  7005  7005  1756 1    
165       6011  1757  1757  832  4096 
166       7965  4928  4928  227  8191 
167       7965  8418  8418  2    4096 
168       5566  4098  4098  177  1    
169       5566  178   178   736  4096 
170       8594  4832  4832  1624 8191 
171       8594  9815  9815  2753 4096 
172       7066  6849  6849  4015 1    
173       7066  4016  4016  5283 4096 
174       10349 9379  9379  6436 8191 
175       10349 14627 14627 7360 4096 
176       8401  11456 11456 7965 1    
177       8401  7966  7966  8190 4096 
178       10791 12286 12286 8015 8191 
179       10791 16206 16206 7456 4096 
180       7759  11552 11552 6568 1    
181       7759  6569  6569  5439 4096 
182       9286  9535  9535  4177 8191 
183       9286  12368 12368 2909 4096 
184       6011  7005  7005  1756 1    
185       6011  1757  1757  832  4096 
186       7965  4928  4928  227  8191 
187       7965  8418  8418  2    4096 
188       5568  4098  4098  177  1    
189       5568  178   178   736  4096 
190       8595  4832  4832  1624 8191 
191       8595  9815  9815  2753 4096 
192       7065  6849  6849  4015 1    
193       7065  4016  4016  5283 4096 
194       10351 9379  9379  6436 8191 
195       10351 14627 14627 7360 4096 
196       8400  11456 11456 7965 1    
197       8400  7966  7966  8190 4096 
198       10790 12286 12286 8015 8191 
199       10790 16206 16206 7456 4096 
200       7760  11552 11552 6568 1    
201       7760  6569  6569  5439 4096 
202       9285  9535  9535  4177 8191 
203       9285  12368 12368 2909 4096 
204       6015  7005  7005  1756 1    
205       6015  1757  1757  832  4096 
206       7968  4928  4928  227  8191 
207       7968  8418  8418  2    4096 
208       5565  4098  4098  177  1    
209       5565  178   178   736  4096 
210       8595  4832  4832  1624 8191 
211       8595  9815  9815  2753 4096 
212       7065  6849  6849  4015 1    
213       7065  4016  4016  5283 4096 
214       10349 9379  9379  6436 8191 
215       10349 14627 14627 7360 4096 
216       8402  11456 11456 7965 1    
217       8402  7966  7966  8190 4096 
218       10791 12286 12286 8015 8191 
219       10791 16206 16206 7456 4096 
220       7758  11552 11552 6568 1    
221       7758  6569  6569  5439 4096 
222       9285  9535  9535  4177 8191 
223       9285  12368 12368 2909 4096 
224       6010  7005  7005  1756 1    
225       6010  1757  1757  832  4096 
226       7966  4928  4928  227  8191 
227       7966  8418  8418  2    4096 
228       5565  4098  4098  177  1    
229       5565  178   178   736  4096 
230       8594  4832  4832  1624 8191 
231       8594  9815  9815  2753 4096 
232       7065  6849  6849  4015 1    
233       7065  4016  4016  5283 4096 
234       10349 9379  9379  6436 8191 
235       10349 14627 14627 7360 4096 
236       8403  11456 11456 7965 1    
237       8403  7966  7966  8190 4096 
238       10792 12286 12286 8015 8191 
239       10792 16206 16206 7456 4096 
240       7762  11552 11552 6568 1    
241       7762  6569  6569  5439 4096 
242       9289  9535  9535  4177 8191 
243       9289  12368 12368 2909 4096 
244       6011  7005  7005  1756 1    
245       6011  1757  1757  832  4096 
246       7965  4928  4928  227  8191 
247       7965  8418  8418  2    4096 
248       5567  4098  4098  177  1    
249       5567  178   178   736  4096 
250       8594  4832  4832  1624 8191 
251       8594  9815  9815  2753 4096 
252       7062  6849  6849  4015 1    
253       7062  4016  4016  5283 4096 
254       10348 9379  9379  6436 8191 
255       10348 14627 14627 7360 4096 
256       8400  11456 11456 7965 1    
257       8400  7966  7966  8190 4096 
258       10793 12286 12286 8015 8191 
259       10793 16206 16206 7456 4096 
260       7758  11552 11552 6568 1    
261       7758  6569  6569  5439 4096 
262       9288  9535  9535  4177 8191 
263       9288  12368 12368 2909 4096 
264       6008  7005  7005  1756 1    
265       6008  1757  1757  832  4096 
266       7965  4928  4928  227  8191 
267       7965  8418  8418  2    4096 
268       5566  4098  4098  177  1    
269       5566  178   178   736  4096 
270       8594  4832  4832  1624 8191 
271       8594  9815  9815  2753 4096 
272       7066  6849  6849  4015 1    
273       7066  4016  4016  5283 4096 
274       10350 9379  9379  6436 8191 
275       10350 14627 14627 7360 4096 
276       8400  11456 11456 7965 1    
277       8400  7966  7966  8190 4096 
278       10789 12286 12286 8015 8191 
279       10789 16206 16206 7456 4096 
280       7761  11552 11552 6568 1    
281       7761  6569  6569  5439 4096 
282       9287  9535  9535  4177 8191 
283       9287  12368 12368 2909 4096 
284       6010  7005  7005  1756 1    
285       6010  1757  1757  832  4096 
286       7965  4928  4928  227  8191 
287       7965  8418  8418  2    4096 
288       5566  4098  4098  177  1    
289       5566  178   178   736  4096 
290       8594  4832  4832  1624 8191 
291       8594  9815  9815  2753 4096 
292       7065  6849  6849  4015 1    
293       7065  4016  4016  5283 4096 
294       10351 9379  9379  6436 8191 
295       10351 14627 14627 7360 4096 
296       8400  11456 11456 7965 1    
297       8400  7966  7966  8190 4096 
298       10792 12286 12286 8015 8191 
299       10792 16206 16206 7456 4096 
300       7759  11552 11552 6568 1    
301       7759  6569  6569  5439 4096 
302       9286  9535  9535  4177 8191 
303       9286  12368 12368 2909 4096 
304       6011  7005  7005  1756 1    
305       6011  1757  1757  832  4096 
306       7964  4928  4928  227  8191 
307       7964  8418  8418  2    4096 
308       5566  4098  4098  177  1    
309       5566  178   178   736  4096 
310       8593  4832  4832  1624 8191 
311       8593  9815  9815  2753 4096 
312       7067  6849  6849  4015 1    
313       7067  4016  4016  5283 4096 
314       10352 9379  9379  6436 8191 
315       10352 14627 14627 7360 4096 
316       8400  11456 11456 7965 1    
317       8400  7966  7966  8190 4096 
318       10791 12286 12286 8015 8191 
319       10791 16206 16206 7456 4096 
320       7758  11552 11552 6568 1    
321       7758  6569  6569  5439 4096 
322       9288  9535  9535  4177 8191 
323       9288  12368 12368 2909 4096 
324       6008  7005  7005  1756 1    
325       6008  1757  1757  832  4096 
326       7965  4928  4928  227  8191 
327       7965  8418  8418  2    4096 
328       5565  4098  4098  177  1    
329       5565  178   178   736  4096 
330       8591  4832  4832  1624 8191 
331       8591  9815  9815  2753 4096 
332       7063  6849  6849  4015 1    
333       7063  4016  4016  5283 4096 
334       10352 9379  9379  6436 8191 
335       10352 14627 14627 7360 4096 
336       8402  11456 11456 7965 1    
337       8402  7966  7966  8190 4096 
338       10789 12286 12286 8015 8191 
339       10789 16206 16206 7456 4096 
340       7759  11552 11552 6568 1    
341       7759  6569  6569  5439 4096 
342       9287  9535  9535  4177 8191 
343       9287  12368 12368 2909 4096 
344       6010  7005  7005  1756 1    
345       6010  1757  1757  832  4096 
346       7964  4928  4928  227  8191 
347       7964  8418  8418  2    4096 
348       5565  4098  4098  177  1    
349       5565  178   178   736  4096 
350       8593  4832  4832  1624 8191 
351       8593  9815  9815  2753 4096 
352       7063  6849  6849  4015 1    
353       7063  4016  4016  5283 4096 
354       10349 9379  9379  6436 8191 
355       10349 14627 14627 7360 4096 
356       8401  11456 11456 7965 1    
357       8401  7966  7966  8190 4096 
358       10793 12286 12286 8015 8191 
359       10793 16206 16206 7456 4096 
360       7760  11552 11552 6568 1    
361       7760  6569  6569  5439 4096 
362       9285  9535  9535  4177 8191 
363       9285  12368 12368 2909 4096 
364       6010  7005  7005  1756 1    
365       6010  1757  1757  832  4096 
366       7966  4928  4928  227  8191 
367       7966  8418  8418  2    4096 
368       5563  4098  4098  177  1    
369       5563  178   178   736  4096 
370       8595  4832  4832  1624 8191 
371       8595  9815  9815  2753 4096 
372       7063  6849  6849  4015 1    
373       7063  4016  4016  5283 4096 
374       10354 9379  9379  6436 8191 
375       10354 14627 14627 7360 4096 
376       8399  11456 11456 7965 1    
377       8399  7966  7966  8190 4096 
378       10791 12286 12286 8015 8191 
379       10791 16206 16206 7456 4096 
380       7760  11552 11552 6568 1    
381       7760  6569  6569  5439 4096 
382       9287  9535  9535  4177 8191 
383       9287  12368 12368 2909 4096 
384       6013  7005  7005  1756 1    
385       6013  1757  1757  832  4096 
386       7964  4928  4928  227  8191 
387       7964  8418  8418  2    4096 
388       5566  4098  4098  177  1    
389       5566  178   178   736  4096 
390       8593  4832  4832  1624 8191 
391       8593  9815  9815  2753 4096 
392       7062  6849  6849  4015 1    
393       7062  4016  4016  5283 4096 
394       10349 9379  9379  6436 8191 
395       10349 14627 14627 7360 4096 
396       8401  11456 11456 7965 1    
397       8401  7966  7966  8190 4096 
398       10792 12286 12286 8015 8191 
399       10792 16206 16206 7456 4096 
400       7761  11552 11552 6568 1    
401       7761  6569  6569  5439 4096 
402       9287  9535  9535  4177 8191 
403       9287  12368 12368 2909 4096 
404       6011  7005  7005  1756 1    
405       6011  1757  1757  832  4096 
406       7965  4928  4928  227  8191 
407       7965  8418  8418  2    4096 
408       5566  4098  4098  177  1    
409       5566  178   178   736  4096 
410       8594  4832  4832  1624 8191 
411       8594  9815  9815  2753 4096 
412       7064  6849  6849  4015 1    
413       7064  4016  4016  5283 4096 
414       10351 9379  9379  6436 8191 
415       10351 14627 14627 7360 4096 
416       8399  11456 11456 7965 1    
417       8399  7966  7966  8190 4096 
418       10791 12286 12286 8015 8191 
419       10791 16206 16206 7456 4096 
420       7760  11552 11552 6568 1    
421       7760  6569  6569  5439 4096 
422       9286  9535  9535  4177 8191 
423       9286  12368 12368 2909 4096 
424       6008  7005  7005  1756 1    
425       6008  1757  1757  832  4096 
426       7967  4928  4928  227  8191 
427       7967  8418  8418  2    4096 
428       5567  4098  4098  177  1    
429       5567  178   178   736  4096 
430       8597  4832  4832  1624 8191 
431       8597  9815  9815  2753 4096 
432       7065  6849  6849  4015 1    
433       7065  4016  4016  5283 4096 
434       10350 9379  9379  6436 8191 
435       10350 14627 14627 7360 4096 
436       8399  11456 11456 7965 1    
437       8399  7966  7966  8190 4096 
438       10790 12286 12286 8015 8191 
439       10790 16206 16206 7456 4096 
440       7762  11552 11552 6568 1    
441       7762  6569  6569  5439 4096 
442       9286  9535  9535  4177 8191 
443       9286  12368 12368 2909 4096 
444       6012  7005  7005  1756 1    
445       6012  1757  1757  832  4096 
446       7966  4928  4928  227  8191 
447       7966  8418  8418  2    4096 
448       5566  4098  4098  177  1    
449       5566  178   178   736  4096 
450       8595  4832  4832  1624 8191 
451       8595  9815  9815  2753 4096 
452       7063  6849  6849  4015 1    
453       7063  4016  4016  5283 4096 
454       10348 9379  9379  6436 8191 
455       10348 14627 14627 7360 4096 
456       8398  11456 11456 7965 1    
457       8398  7966  7966  8190 4096 
458       10790 12286 12286 8015 8191 
459       10790 16206 16206 7456 4096 
460       7761  11552 11552 6568 1    
461       7761  6569  6569  5439 4096 
462       9287  9535  9535  4177 8191 
463       9287  12368 12368 2909 4096 
464       6011  7005  7005  1756 1    
465       6011  1757  1757  832  4096 
466       7963  4928  4928  227  8191 
467       7963  8418  8418  2    4096 
468       5564  4098  4098  177  1    
469       5564  178   178   736  4096 
470       8593  4832  4832  1624 8191 
471       8593  9815  9815  2753 4096 
472       7062  6849  6849  4015 1    
473       7062  4016  4016  5283 4096 
474       10348 9379  9379  6436 8191 
475       10348 14627 14627 7360 4096 
476       8403  11456 11456 7965 1    
477       8403  7966  7966  8190 4096 
478       10793 12286 12286 8015 8191 
479       10793 16206 16206 7456 4096 
480       7761  11552 11552 6568 1    
481       7761  6569  6569  5439 4096 
482       9285  9535  9535  4177 8191 
483       9285  12368 12368 2909 4096 
484       6011  7005  7005  1756 1    
485       6011  1757  1757  832  4096 
486       7967  4928  4928  227  8191 
487       7967  8418  8418  2    4096 
488       5564  4098  4098  177  1    
489       5564  178   178   736  4096 
490       8596  4832  4832  1624 8191 
491       8596  9815  9815  2753 4096 
492       7064  6849  6849  4015 1    
493       7064  4016  4016  5283 4096 
494       10349 9379  9379  6436 8191 
495       10349 14627 14627 7360 4096 
496       8396  11456 11456 7965 1    
497       8396  7966  7966  8190 4096 
498       10790 12286 12286 8015 8191 
499       10790 16206 16206 7456 4096 
500       7762  11552 11552 6568 1    
501       7762  6569  6569  5439 4096 
502       9285  9535  9535  4177 8191 
503       9285  12368 12368 2909 4096 
504       6013  7005  7005  1756 1    
505       6013  1757  1757  832  4096 
506       7966  4928  4928  227  8191 
507       7966  8418  8418  2    4096 
508       5568  4098  4098  177  1    
509       5568  178   178   736  4096 
510       8595  4832  4832  1624 8191 
511       8595  9815  9815  2753 4096 
512       7063  6849  6849  4015 1    
513       7063  4016  4016  5283 4096 
514       10352 9379  9379  6436 8191 
515       10352 14627 14627 7360 4096 
516       8401  11456 11456 7965 1    
517       8401  7966  7966  8190 4096 
518       10791 12286 12286 8015 8191 
519       10791 16206 16206 7456 4096 
520       7761  11552 11552 6568 1    
521       7761  6569  6569  5439 4096 
522       9286  9535  9535  4177 8191 
523       9286  12368 12368 2909 4096 
524       6014  7005  7005  1756 1    
525       6014  1757  1757  832  4096 
526       7966  4928  4928  227  8191 
527       7966  8418  8418  2    4096 
528       5563  4098  4098  177  1    
529       5563  178   178   736  4096 
530       8594  4832  4832  1624 8191 
531       8594  9815  9815  2753 4096 
532       7062  6849  6849  4015 1    
533       7062  4016  4016  5283 4096 
534       10352 9379  9379  6436 8191 
535       10352 14627 14627 7360 4096 
536       8399  11456 11456 7965 1    
537       8399  7966  7966  8190 4096 
538       10792 12286 12286 8015 8191 
539       10792 16206 16206 7456 4096 
540       7761  11552 11552 6568 1    
541       7761  6569  6569  5439 4096 
542       9288  9535  9535  4177 8191 
543       9288  12368 12368 2909 4096 
544       6010  7005  7005  1756 1    
545       6010  1757  1757  832  4096 
546       7966  4928  4928  227  8191 
547       7966  8418  8418  2    4096 
548       5566  4098  4098  177  1    
549       5566  178   178   736  4096 
550       8594  4832  4832  1624 8191 
551       8594  9815  9815  2753 4096 
552       7064  6849  6849  4015 1    
553       7064  4016  4016  5283 4096 
554       10348 9379  9379  6436 8191 
555       10348 14627 14627 7360 4096 
556       8399  11456 11456 7965 1    
557       8399  7966  7966  8190 4096 
558       10789 12286 12286 8015 8191 
559       10789 16206 16206 7456 4096 
560       7758  11552 11552 6568 1    
561       7758  6569  6569  5439 4096 
562       9288  9535  9535  4177 8191 
563       9288  12368 12368 2909 4096 
564       6011  7005  7005  1756 1    
565       6011  1757  1757  832  4096 
566       7968  4928  4928  227  8191 
567       7968  8418  8418  2    4096 
568       5567  4098  4098  177  1    
569       5567  178   178   736  4096 
570       8593  4832  4832  1624 8191 
571       8593  9815  9815  2753 4096 
572       7063  6849  6849  4015 1    
573       7063  4016  4016  5283 4096 
574       10350 9379  9379  6436 8191 
575       10350 14627 14627 7360 4096 
576       8400  11456 11456 7965 1    
577       8400  7966  7966  8190 4096 
578       10791 12286 12286 8015 8191 
579       10791 16206 16206 7456 4096 
580       7758  11552 11552 6568 1    
581       7758  6569  6569  5439 4096 
582       9284  9535  9535  4177 8191 
583       9284  12368 12368 2909 4096 
584       6010  7005  7005  1756 1    
585       6010  1757  1757  832  4096 
586       7965  4928  4928  227  8191 
587       7965  8418  8418  2    4096 
588       5564  4098  4098  177  1    
589       5564  178   178   736  4096 
590       8595  4832  4832  1624 8191 
591       8595  9815  9815  2753 4096 
592       7065  6849  6849  4015 1    
593       7065  4016  4016  5283 4096 
594       10349 9379  9379  6436 8191 
595       10349 14627 14627 7360 4096 
596       8400  11456 11456 7965 1    
597       8400  7966  7966  8190 4096 
598       10790 12286 12286 8015 8191 
599       10790 16206 16206 7456 4096 
600       7760  11552 11552 6568 1    
601       7760  6569  6569  5439 4096 
602       9285  9535  9535  4177 8191 
603       9285  12368 12368 2909 4096 
604       6011  7005  7005  1756 1    
605       6011  1757  1757  832  4096 
606       7964  4928  4928  227  8191 
607       7964  8418  8418  2    4096 
608       5566  4098  4098  177  1    
609       5566  178   178   736  4096 
610       8594  4832  4832  1624 8191 
611       8594  9815  9815  2753 4096 
612       7065  6849  6849  4015 1    
613       7065  4016  4016  5283 4096 
614       10349 9379  9379  6436 8191 
615       10349 14627 14627 7360 4096 
616       8401  11456 11456 7965 1    
617       8401  7966  7966  8190 4096 
618       10792 12286 12286 8015 8191 
619       10792 16206 16206 7456 4096 
620       7759  11552 11552 6568 1    
621       7759  6569  6569  5439 4096 
622       9286  9535  9535  4177 8191 
623       9286  12368 12368 2909 4096 
624       6009  7005  7005  1756 1    
625       6009  1757  1757  832  4096 
626       7966  4928  4928  227  8191 
627       7966  8418  8418  2    4096 
628       5566  4098  4098  177  1    
629       5566  178   178   736  4096 
630       8596  4832  4832  1624 8191 
631       8596  9815  9815  2753 4096 
632       7063  6849  6849  4015 1    
633       7063  4016  4016  5283 4096 
634       10348 9379  9379  6436 8191 
635       10348 14627 14627 7360 4096 
636       8400  11456 11456 7965 1    
637       8400  7966  7966  8190 4096 
638       10789 12286 12286 8015 8191 
639       10789 16206 16206 7456 4096 
640       7760  11552 11552 6568 1    
641       7760  6569  6569  5439 4096 
642       9287  9535  9535  4177 8191 
643       9287  12368 12368 2909 4096 
644       6010  7005  7005  1756 1    
645       6010  1757  1757  832  4096 
646       7968  4928  4928  227  8191 
647       7968  8418  8418  2    4096 
648       5563  4098  4098  177  1    
649       5563  178   178   736  4096 
650       8594  4832  4832  1624 8191 
651       8594  9815  9815  2753 4096 
652       7065  6849  6849  4015 1    
653       7065  4016  4016  5283 4096 
654       10351 9379  9379  6436 8191 
655       10351 14627 14627 7360 4096 
656       8401  11456 11456 7965 1    
657       8401  7966  7966  8190 4096 
658       10792 12286 12286 8015 8191 
659       10792 16206 16206 7456 4096 
660       7760  11552 11552 6568 1    
661       7760  6569  6569  5439 4096 
662       9287  9535  9535  4177 8191 
663       9287  12368 12368 2909 4096 
664       6010  7005  7005  1756 1    
665       6010  1757  1757  832  4096 
666       7966  4928  4928  227  8191 
667       7966  8418  8418  2    4096 
668       5566  4098  4098  177  1    
669       5566  178   178   736  4096 
670       8595  4832  4832  1624 8191 
671       8595  9815  9815  2753 4096 
672       7066  6849  6849  4015 1    
673       7066  4016  4016  5283 4096 
674       10350 9379  9379  6436 8191 
675       10350 14627 14627 7360 4096 
676       8400  11456 11456 7965 1    
677       8400  7966  7966  8190 4096 
678       10789 12286 12286 8015 8191 
679       10789 16206 16206 7456 4096 
680       7763  11552 11552 6568 1    
681       7763  6569  6569  5439 4096 
682       9286  9535  9535  4177 8191 
683       9286  12368 12368 2909 4096 
684       6012  7005  7005  1756 1    
685       6012  1757  1757  832  4096 
686       7965  4928  4928  227  8191 
687       7965  8418  8418  2    4096 
688       5569  4098  4098  177  1    
689       5569  178   178   736  4096 
690       8595  4832  4832  1624 8191 
691       8595  9815  9815  2753 4096 
692       7066  6849  6849  4015 1    
693       7066  4016  4016  5283 4096 
694       10351 9379  9379  6436 8191 
695       10351 14627 14627 7360 4096 
696       8398  11456 11456 7965 1    
697       8398  7966  7966  8190 4096 
698       10792 12286 12286 8015 8191 
699       10792 16206 16206 7456 4096 
700       7760  11552 11552 6568 1    
701       7760  6569  6569  5439 4096 
702       9287  9535  9535  4177 8191 
703       9287  12368 12368 2909 4096 
704       6012  7005  7005  1756 1    
705       6012  1757  1757  832  4096 
706       7965  4928  4928  227  8191 
707       7965  8418  8418  2    4096 
708       5567  4098  4098  177  1    
709       5567  178   178   736  4096 
710       8593  4832  4832  1624 8191 
711       8593  9815  9815  2753 4096 
712       7062  6849  6849  4015 1    
713       7062  4016  4016  5283 4096 
714       10346 9379  9379  6436 8191 
715       10346 14627 14627 7360 4096 
716       8400  11456 11456 7965 1    
717       8400  7966  7966  8190 4096 
718       10792 12286 12286 8015 8191 
719       10792 16206 16206 7456 4096 
720       7761  11552 11552 6568 1    
721       7761  6569  6569  5439 4096 
722       9287  9535  9535  4177 8191 
723       9287  12368 12368 2909 4096 
724       6010  7005  7005  1756 1    
725       6010  1757  1757  832  4096 
726       7963  4928  4928  227  8191 
727       7963  8418  8418  2    4096 
728       5563  4098  4098  177  1    
729       5563  178   178   736  4096 
730       8593  4832  4832  1624 8191 
731       8593  9815  9815  2753 4096 
732       7063  6849  6849  4015 1    
733       7063  4016  4016  5283 4096 
734       10347 9379  9379  6436 8191 
735       10347 14627 14627 7360 4096 
736       8398  11456 11456 7965 1    
737       8398  7966  7966  8190 4096 
738       10790 12286 12286 8015 8191 
739       10790 16206 16206 7456 4096 
740       7763  11552 11552 6568 1    
741       7763  6569  6569  5439 4096 
742       9287  9535  9535  4177 8191 
743       9287  12368 12368 2909 4096 
744       6009  7005  7005  1756 1    
745       6009  1757  1757  832  4096 
746       7969  4928  4928  227  8191 
747       7969  8418  8418  2    4096 
748       5566  4098  4098  177  1    
749       5566  178   178   736  4096 
750       8595  4832  4832  1624 8191 
751       8595  9815  9815  2753 4096 
752       7065  6849  6849  4015 1    
753       7065  4016  4016  5283 4096 
754       10349 9379  9379  6436 8191 
755       10349 14627 14627 7360 4096 
756       8398  11456 11456 7965 1    
757       8398  7966  7966  8190 4096 
758       10792 12286 12286 8015 8191 
759       10792 16206 16206 7456 4096 
760       7762  11552 11552 6568 1    
761       7762  6569  6569  5439 4096 
762       9285  9535  9535  4177 8191 
763       9285  12368 12368 2909 4096 
764       6011  7005  7005  1756 1    
765       6011  1757  1757  832  4096 
766       7966  4928  4928  227  8191 
767       7966  8418  8418  2    4096 
768       5568  4098  4098  177  1    
769       5568  178   178   736  4096 
770       8596  4832  4832  1624 8191 
771       8596  9815  9815  2753 4096 
772       7063  6849  6849  4015 1    
773       7063  4016  4016  5283 4096 
774       10349 9379  9379  6436 8191 
775       10349 14627 14627 7360 4096 
776       8400  11456 11456 7965 1    
777       8400  7966  7966  8190 4096 
778       10791 12286 12286 8015 8191 
779       10791 16206 16206 7456 4096 
780       7759  11552 11552 6568 1    
781       7759  6569  6569  5439 4096 
782       9284  9535  9535  4177 8191 
783       9284  12368 12368 2909 4096 
784       6014  7005  7005  1756 1    
785       6014  1757  1757  832  4096 
786       7967  4928  4928  227  8191 
787       7967  8418  8418  2    4096 
788       5565  4098  4098  177  1    
789       5565  178   178   736  4096 
790       8594  4832  4832  1624 8191 
791       8594  9815  9815  2753 4096 
792       7064  6849  6849  4015 1    
793       7064  4016  4016  5283 4096 
794       10351 9379  9379  6436 8191 
795       10351 14627 14627 7360 4096 
796       8399  11456 11456 7965 1    
797       8399  7966  7966  8190 4096 
798       10788 12286 12286 8015 8191 
799       10788 16206 16206 7456 4096 
800       7757  11552 11552 6568 1    
801       7757  6569  6569  5439 4096 
802       9288  9535  9535  4177 8191 
803       9288  12368 12368 2909 4096 
804       6014  7005  7005  1756 1    
805       6014  1757  1757  832  4096 
806       7964  4928  4928  227  8191 
807       7964  8418  8418  2    4096 
808       5566  4098  4098  177  1    
809       5566  178   178   736  4096 
810       8594  4832  4832  1624 8191 
811       8594  9815  9815  2753 4096 
812       7064  6849  6849  4015 1    
813       7064  4016  4016  5283 4096 
814       10351 9379  9379  6436 8191 
815       10351 14627 14627 7360 4096 
816       8399  11456 11456 7965 1    
817       8399  7966  7966  8190 4096 
818       10789 12286 12286 8015 8191 
819       10789 16206 16206 7456 4096 
820       7761  11552 11552 6568 1    
821       7761  6569  6569  5439 4096 
822       9285  9535  9535  4177 8191 
823       9285  12368 12368 2909 4096 
824       6010  7005  7005  1756 1    
825       6010  1757  1757  832  4096 
826       7967  4928  4928  227  8191 
827       7967  8418  8418  2    4096 
828       5568  4098  4098  177  1    
829       5568  178   178   736  4096 
830       8596  4832  4832  1624 8191 
831       8596  9815  9815  2753 4096 
832       7065  6849  6849  4015 1    
833       7065  4016  4016  5283 4096 
834       10350 9379  9379  6436 8191 
835       10350 14627 14627 7360 4096 
836       8400  11456 11456 7965 1    
837       8400  7966  7966  8190 4096 
838       10790 12286 12286 8015 8191 
839       10790 16206 16206 7456 4096 
840       7762  11552 11552 6568 1    
841       7762  6569  6569  5439 4096 
842       9285  9535  9535  4177 8191 
843       9285  12368 12368 2909 4096 
844       6016  7005  7005  1756 1    
845       6016  1757  1757  832  4096 
846       7966  4928  4928  227  8191 
847       7966  8418  8418  2    4096 
848       5566  4098  4098  177  1    
849       5566  178   178   736  4096 
850       8593  4832  4832  1624 8191 
851       8593  9815  9815  2753 4096 
852       7068  6849  6849  4015 1    
853       7068  4016  4016  5283 4096 
854       10350 9379  9379  6436 8191 
855       10350 14627 14627 7360 4096 
856       8400  11456 11456 7965 1    
857       8400  7966  7966  8190 4096 
858       10788 12286 12286 8015 8191 
859       10788 16206 16206 7456 4096 
860       7763  11552 11552 6568 1    
861       7763  6569  6569  5439 4096 
862       9289  9535  9535  4177 8191 
863       9289  12368 12368 2909 4096 
864       6012  7005  7005  1756 1    
865       6012  1757  1757  832  4096 
866       7967  4928  4928  227  8191 
867       7967  8418  8418  2    4096 
868       5566  4098  4098  177  1    
869       5566  178   178   736  4096 
870       8593  4832  4832  1624 8191 
871       8593  9815  9815  2753 4096 
872       7066  6849  6849  4015 1    
873       7066  4016  4016  5283 4096 
874       10351 9379  9379  6436 8191 
875       10351 14627 14627 7360 4096 
876       8398  11456 11456 7965 1    
877       8398  7966  7966  8190 4096 
878       10792 12286 12286 8015 8191 
879       10792 16206 16206 7456 4096 
880       7762  11552 11552 6568 1    
881       7762  6569  6569  5439 4096 
882       9287  9535  9535  4177 8191 
883       9287  12368 12368 2909 4096 
884       6011  7005  7005  1756 1    
885       6011  1757  1757  832  4096 
886       7966  4928  4928  227  8191 
887       7966  8418  8418  2    4096 
888       5564  4098  4098  177  1    
889       5564  178   178   736  4096 
890       8595  4832  4832  1624 8191 
891       8595  9815  9815  2753 4096 
892       7063  6849  6849  4015 1    
893       7063  4016  4016  5283 4096 
894       10348 9379  9379  6436 8191 
895       10348 14627 14627 7360 4096 
896       8401  11456 11456 7965 1    
897       8401  7966  7966  8190 4096 
898       10791 12286 12286 8015 8191 
899       10791 16206 16206 7456 4096 
900       7759  11552 11552 6568 1    
901       7759  6569  6569  5439 4096 
902       9284  9535  9535  4177 8191 
903       9284  12368 12368 2909 4096 
904       6010  7005  7005  1756 1    
905       6010  1757  1757  832  4096 
906       7967  4928  4928  227  8191 
907       7967  8418  8418  2    4096 
908       5566  4098  4098  177  1    
909       5566  178   178   736  4096 
910       8591  4832  4832  1624 8191 
911       8591  9815  9815  2753 4096 
912       7065  6849  6849  4015 1    
913       7065  4016  4016  5283 4096 
914       10351 9379  9379  6436 8191 
915       10351 14627 14627 7360 4096 
916       8402  11456 11456 7965 1    
917       8402  7966  7966  8190 4096 
918       10786 12286 12286 8015 8191 
919       10786 16206 16206 7456 4096 
920       7759  11552 11552 6568 1    
921       7759  6569  6569  5439 4096 
922       9287  9535  9535  4177 8191 
923       9287  12368 12368 2909 4096 
924       6010  7005  7005  1756 1    
925       6010  1757  1757  832  4096 
926       7966  4928  4928  227  8191 
927       7966  8418  8418  2    4096 
928       5566  4098  4098  177  1    
929       5566  178   178   736  4096 
930       8597  4832  4832  1624 8191 
931       8597  9815  9815  2753 4096 
932       7063  6849  6849  4015 1    
933       7063  4016  4016  5283 4096 
934       10351 9379  9379  6436 8191 
935       10351 14627 14627 7360 4096 
936       8399  11456 11456 7965 1    
937       8399  7966  7966  8190 4096 
938       10790 12286 12286 8015 8191 
939       10790 16206 16206 7456 4096 
940       7761  11552 11552 6568 1    
941       7761  6569  6569  5439 4096 
942       9284  9535  9535  4177 8191 
943       9284  12368 12368 2909 4096 
944       6012  7005  7005  1756 1    
945       6012  1757  1757  832  4096 
946       7967  4928  4928  227  8191 
947       7967  8418  8418  2    4096 
948       5566  4098  4098  177  1    
949       5566  178   178   736  4096 
950       8594  4832  4832  1624 8191 
951       8594  9815  9815  2753 4096 
952       7061  6849  6849  4015 1    
953       7061  4016  4016  5283 4096 
954       10348 9379  9379  6436 8191 
955       10348 14627 14627 7360 4096 
956       8400  11456 11456 7965 1    
957       8400  7966  7966  8190 4096 
958       10790 12286 12286 8015 8191 
959       10790 16206 16206 7456 4096 
960       7759  11552 11552 6568 1    
961       7759  6569  6569  5439 4096 
962       9287  9535  9535  4177 8191 
963       9287  12368 12368 2909 4096 
964       6010  7005  7005  1756 1    
965       6010  1757  1757  832  4096 
966       7965  4928  4928  227  8191 
967       7965  8418  8418  2    4096 
968       5566  4098  4098  177  1    
969       5566  178   178   736  4096 
970       8593  4832  4832  1624 8191 
971       8593  9815  9815  2753 4096 
972       7067  6849  6849  4015 1    
973       7067  4016  4016  5283 4096 
974       10351 9379  9379  6436 8191 
975       10351 14627 14627 7360 4096 
976       8401  11456 11456 7965 1    
977       8401  7966  7966  8190 4096 
978       10791 12286 12286 8015 8191 
979       10791 16206 16206 7456 4096 
980       7762  11552 11552 6568 1    
981       7762  6569  6569  5439 4096 
982       9288  9535  9535  4177 8191 
983       9288  12368 12368 2909 4096 
984       6011  7005  7005  1756 1    
985       6011  1757  1757  832  4096 
986       7968  4928  4928  227  8191 
987       7968  8418  8418  2    4096 
988       5566  4098  4098  177  1    
989       5566  178   178   736  4096 
990       8594  4832  4832  1624 8191 
991       8594  9815  9815  2753 4096 
992       7065  6849  6849  4015 1    
993       7065  4016  4016  5283 4096 
994       10349 9379  9379  6436 8191 
995       10349 14627 14627 7360 4096 
996       8400  11456 11456 7965 1    
997       8400  7966  7966  8190 4096 
998       10786 12286 12286 8015 8191 
999       10786 16206 16206 7456 4096 
1000      7761  11552 11552 6568 1    
1001      7761  6569  6569  5439 4096 
1002      9288  9535  9535  4177 8191 
1003      9288  12368 12368 2909 4096 
1004      6011  7005  7005  1756 1    
1005      6011  1757  1757  832  4096 
1006      7965  4928  4928  227  8191 
1007      7965  8418  8418  2    4096 
1008      5566  4098  4098  177  1    
1009      5566  178   178   736  4096 
1010      8593  4832  4832  1624 8191 
1011      8593  9815  9815  2753 4096 
1012      7066  6849  6849  4015 1    
1013      7066  4016  4016  5283 4096 
1014      10350 9379  9379  6436 8191 
1015      10350 14627 14627 7360 4096 
1016      8398  11456 11456 7965 1    
1017      8398  7966  7966  8190 4096 
1018      10791 12286 12286 8015 8191 
1019      10791 16206 16206 7456 4096 
1020      7760  11552 11552 6568 1    
1021      7760  6569  6569  5439 4096 
1022      9285  9535  9535  4177 8191 
1023      9285  12368 12368 2909 4096 
1024      6011  7005  7005  1756 1    
1025      6011  1757  1757  832  4096 
1026      7966  4928  4928  227  8191 
1027      7966  8418  8418  2    4096 
1028      5566  4098  4098  177  1    
1029      5566  178   178   736  4096 
1030      8597  4832  4832  1624 8191 
1031      8597  9815  9815  2753 4096 
1032      7062  6849  6849  4015 1    
1033      7062  4016  4016  5283 4096 
1034      10349 9379  9379  6436 8191 
1035      10349 14627 14627 7360 4096 
1036      8399  11456 11456 7965 1    
1037      8399  7966  7966  8190 4096 
1038      10789 12286 12286 8015 8191 
1039      10789 16206 16206 7456 4096 
1040      7762  11552 11552 6568 1    
1041      7762  6569  6569  5439 4096 
1042      9285  9535  9535  4177 8191 
1043      9285  12368 12368 2909 4096 
1044      6011  7005  7005  1756 1    
1045      6011  1757  1757  832  4096 
1046      7965  4928  4928  227  8191 
1047      7965  8418  8418  2    4096 
1048      5568  4098  4098  177  1    
1049      5568  178   178   736  4096 
1050      8592  4832  4832  1624 8191 
1051      8592  9815  9815  2753 4096 
1052      7063  6849  6849  4015 1    
1053      7063  4016  4016  5283 4096 
1054      10348 9379  9379  6436 8191 
1055      10348 14627 14627 7360 4096 
1056      8399  11456 11456 7965 1    
1057      8399  7966  7966  8190 4096 
1058      10787 12286 12286 8015 8191 
1059      10787 16206 16206 7456 4096 
1060      7760  11552 11552 6568 1    
1061      7760  6569  6569  5439 4096 
1062      9286  9535  9535  4177 8191 
1063      9286  12368 12368 2909 4096 
1064      6013  7005  7005  1756 1    
1065      6013  1757  1757  832  4096 
1066      7968  4928  4928  227  8191 
1067      7968  8418  8418  2    4096 
1068      5566  4098  4098  177  1    
1069      5566  178   178   736  4096 
1070      8593  4832  4832  1624 8191 
1071      8593  9815  9815  2753 4096 
1072      7065  6849  6849  4015 1    
1073      7065  4016  4016  5283 4096 
1074      10352 9379  9379  6436 8191 
1075      10352 14627 14627 7360 4096 
1076      8401  11456 11456 7965 1    
1077      8401  7966  7966  8190 4096 
1078      10793 12286 12286 8015 8191 
1079      10793 16206 16206 7456 4096 
1080      7760  11552 11552 6568 1    
1081      7760  6569  6569  5439 4096 
1082      9285  9535  9535  4177 8191 
1083      9285  12368 12368 2909 4096 
1084      6009  7005  7005  1756 1    
1085      6009  1757  1757  832  4096 
1086      7966  4928  4928  227  8191 
1087      7966  8418  8418  2    4096 
1088      5568  4098  4098  177  1    
1089      5568  178   178   736  4096 
1090      8593  4832  4832  1624 8191 
1091      8593  9815  9815  2753 4096 
1092      7064  6849  6849  4015 1    
1093      7064  4016  4016  5283 4096 
1094      10348 9379  9379  6436 8191 
1095      10348 14627 14627 7360 4096 
1096      8399  11456 11456 7965 1    
1097      8399  7966  7966  8190 4096 
1098      10790 12286 12286 8015 8191 
1099      10790 16206 16206 7456 4096 
1100      7760  11552 11552 6568 1    
1101      7760  6569  6569  5439 4096 
1102      9287  9535  9535  4177 8191 
1103      9287  12368 12368 2909 4096 
1104      6013  7005  7005  1756 1    
1105      6013  1757  1757  832  4096 
1106      7969  4928  4928  227  8191 
1107      7969  8418  8418  2    4096 
1108      5570  4098  4098  177  1    
1109      5570  178   178   736  4096 
1110      8595  4832  4832  1624 8191 
1111      8595  9815  9815  2753 4096 
1112      7064  6849  6849  4015 1    
1113      7064  4016  4016  5283 4096 
1114      10349 9379  9379  6436 8191 
1115      10349 14627 14627 7360 4096 
1116      8400  11456 11456 7965 1    
1117      8400  7966  7966  8190 4096 
1118      10791 12286 12286 8015 8191 
1119      10791 16206 16206 7456 4096 
1120      7759  11552 11552 6568 1    
1121      7759  6569  6569  5439 4096 
1122      9286  9535  9535  4177 8191 
1123      9286  12368 12368 2909 4096 
1124      6012  7005  7005  1756 1    
1125      6012  1757  1757  832  4096 
1126      7965  4928  4928  227  8191 
1127      7965  8418  8418  2    4096 
1128      5565  4098  4098  177  1    
1129      5565  178   178   736  4096 
1130      8596  4832  4832  1624 8191 
1131      8596  9815  9815  2753 4096 
1132      7065  6849  6849  4015 1    
1133      7065  4016  4016  5283 4096 
1134      10351 9379  9379  6436 8191 
1135      10351 14627 14627 7360 4096 
1136      8400  11456 11456 7965 1    
1137      8400  7966  7966  8190 4096 
1138      10788 12286 12286 8015 8191 
1139      10788 16206 16206 7456 4096 
1140      7757  11552 11552 6568 1    
1141      7757  6569  6569  5439 4096 
1142      9287  9535  9535  4177 8191 
1143      9287  12368 12368 2909 4096 
1144      6009  7005  7005  1756 1    
1145      6009  1757  1757  832  4096 
1146      7968  4928  4928  227  8191 
1147      7968  8418  8418  2    4096 
1148      5565  4098  4098  177  1    
1149      5565  178   178   736  4096 
1150      8594  4832  4832  1624 8191 
1151      8594  9815  9815  2753 4096 
1152      7067  6849  6849  4015 1    
1153      7067  4016  4016  5283 4096 
1154      10349 9379  9379  6436 8191 
1155      10349 14627 14627 7360 4096 
1156      8399  11456 11456 7965 1    
1157      8399  7966  7966  8190 4096 
1158      10791 12286 12286 8015 8191 
1159      10791 16206 16206 7456 4096 
1160      7760  11552 11552 6568 1    
1161      7760  6569  6569  5439 4096 
1162      9288  9535  9535  4177 8191 
1163      9288  12368 12368 2909 4096 
1164      6011  7005  7005  1756 1    
1165      6011  1757  1757  832  4096 
1166      7965  4928  4928  227  8191 
1167      7965  8418  8418  2    4096 
1168      5565  4098  4098  177  1    
1169      5565  178   178   736  4096 
1170      8593  4832  4832  1624 8191 
1171      8593  9815  9815  2753 4096 
1172      7065  6849  6849  4015 1    
1173      7065  4016  4016  5283 4096 
1174      10349 9379  9379  6436 8191 
1175      10349 14627 14627 7360 4096 
1176      8399  11456 11456 7965 1    
1177      8399  7966  7966  8190 4096 
1178      10788 12286 12286 8015 8191 
1179      10788 16206 16206 7456 4096 
1180      7758  11552 11552 6568 1    
1181      7758  6569  6569  5439 4096 
1182      9287  9535  9535  4177 8191 
1183      9287  12368 12368 2909 4096 
1184      6010  7005  7005  1756 1    
1185      6010  1757  1757  832  4096 
1186      7967  4928  4928  227  8191 
1187      7967  8418  8418  2    4096 
1188      5565  4098  4098  177  1    
1189      5565  178   178   736  4096 
1190      8593  4832  4832  1624 8191 
1191      8593  9815  9815  2753 4096 
1192      7062  6849  6849  4015 1    
1193      7062  4016  4016  5283 4096 
1194      10349 9379  9379  6436 8191 
1195      10349 14627 14627 7360 4096 
1196      8401  11456 11456 7965 1    
1197      8401  7966  7966  8190 4096 
1198      10789 12286 12286 8015 8191 
1199      10789 16206 16206 7456 4096 
1200      7759  11552 11552 6568 1    
1201      7759  6569  6569  5439 4096 
1202      9287  9535  9535  4177 8191 
1203      9287  12368 12368 2909 4096 
1204      6012  7005  7005  1756 1    
1205      6012  1757  1757  832  4096 
1206      7965  4928  4928  227  8191 
1207      7965  8418  8418  2    4096 
1208      5567  4098  4098  177  1    
1209      5567  178   178   736  4096 
1210      8596  4832  4832  1624 8191 
1211      8596  9815  9815  2753 4096 
1212      7066  6849  6849  4015 1    
1213      7066  4016  4016  5283 4096 
1214      10351 9379  9379  6436 8191 
1215      10351 14627 14627 7360 4096 
1216      8398  11456 11456 7965 1    
1217      8398  7966  7966  8190 4096 
1218      10789 12286 12286 8015 8191 
1219      10789 16206 16206 7456 4096 
1220      7763  11552 11552 6568 1    
1221      7763  6569  6569  5439 4096 
1222      9289  9535  9535  4177 8191 
1223      9289  12368 12368 2909 4096 
1224      6012  7005  7005  1756 1    
1225      6012  1757  1757  832  4096 
1226      7968  4928  4928  227  8191 
1227      7968  8418  8418  2    4096 
1228      5568  4098  4098  177  1    
1229      5568  178   178   736  4096 
1230      8595  4832  4832  1624 8191 
1231      8595  9815  9815  2753 4096 
1232      7064  6849  6849  4015 1    
1233      7064  4016  4016  5283 4096 
1234      10349 9379  9379  6436 8191 
1235      10349 14627 14627 7360 4096 
1236      8401  11456 11456 7965 1    
1237      8401  7966  7966  8190 4096 
1238      10789 12286 12286 8015 8191 
1239      10789 16206 16206 7456 4096 
1240      7761  11552 11552 6568 1    
1241      7761  6569  6569  5439 4096 
1242      9287  9535  9535  4177 8191 
1243      9287  12368 12368 2909 4096 
1244      6013  7005  7005  1756 1    
1245      6013  1757  1757  832  4096 
1246      7966  4928  4928  227  8191 
1247      7966  8418  8418  2    4096 
1248      5568  4098  4098  177  1    
1249      5568  178   178   736  4096 
1250      8598  4832  4832  1624 8191 
1251      8598  9815  9815  2753 4096 
1252      7064  6849  6849  4015 1    
1253      7064  4016  4016  5283 4096 
1254      10350 9379  9379  6436 8191 
1255      10350 14627 14627 7360 4096 
1256      8400  11456 11456 7965 1    
1257      8400  7966  7966  8190 4096 
1258      10791 12286 12286 8015 8191 
1259      10791 16206 16206 7456 4096 
1260      7760  11552 11552 6568 1    
1261      7760  6569  6569  5439 4096 
1262      9288  9535  9535  4177 8191 
1263      9288  12368 12368 2909 4096 
1264      6013  7005  7005  1756 1    
1265      6013  1757  1757  832  4096 
1266      7969  4928  4928  227  8191 
1267      7969  8418  8418  2    4096 
1268      5569  4098  4098  177  1    
1269      5569  178   178   736  4096 
1270      8597  4832  4832  1624 8191 
1271      8597  9815  9815  2753 4096 
1272      7065  6849  6849  4015 1    
1273      7065  4016  4016  5283 4096 
1274      10349 9379  9379  6436 8191 
1275      10349 14627 14627 7360 4096 
1276      8403  11456 11456 7965 1    
1277      8403  7966  7966  8190 4096 
1278      10791 12286 12286 8015 8191 
1279      10791 16206 16206 7456 4096 
1280      7760  11552 11552 6568 1    
1281      7760  6569  6569  5439 4096 
1282      9289  9535  9535  4177 8191 
1283      9289  12368 12368 2909 4096 
1284      6010  7005  7005  1756 1    
1285      6010  1757  1757  832  4096 
1286      7967  4928  4928  227  8191 
1287      7967  8418  8418  2    4096 
1288      5569  4098  4098  177  1    
1289      5569  178   178   736  4096 
1290      8594  4832  4832  1624 8191 
1291      8594  9815  9815  2753 4096 
1292      7063  6849  6849  4015 1    
1293      7063  4016  4016  5283 4096 
1294      10349 9379  9379  6436 8191 
1295      10349 14627 14627 7360 4096 
1296      8400  11456 11456 7965 1    
1297      8400  7966  7966  8190 4096 
1298      10791 12286 12286 8015 8191 
1299      10791 16206 16206 7456 4096 
1300      7760  11552 11552 6568 1    
1301      7760  6569  6569  5439 4096 
1302      9289  9535  9535  4177 8191 
1303      9289  12368 12368 2909 4096 
1304      6016  7005  7005  1756 1    
1305      6016  1757  1757  832  4096 
1306      7966  4928  4928  227  8191 
1307      7966  8418  8418  2    4096 
1308      5566  4098  4098  177  1    
1309      5566  178   178   736  4096 
1310      8592  4832  4832  1624 8191 
1311      8592  9815  9815  2753 4096 
1312      7063  6849  6849  4015 1    
1313      7063  4016  4016  5283 4096 
1314      10351 9379  9379  6436 8191 
1315      10351 14627 14627 7360 4096 
1316      8399  11456 11456 7965 1    
1317      8399  7966  7966  8190 4096 
1318      10787 12286 12286 8015 8191 
1319      10787 16206 16206 7456 4096 
1320      7762  11552 11552 6568 1    
1321      7762  6569  6569  5439 4096 
1322      9286  9535  9535  4177 8191 
1323      9286  12368 12368 2909 4096 
1324      6011  7005  7005  1756 1    
1325      6011  1757  1757  832  4096 
1326      7966  4928  4928  227  8191 
1327      7966  8418  8418  2    4096 
1328      5567  4098  4098  177  1    
1329      5567  178   178   736  4096 
1330      8595  4832  4832  1624 8191 
1331      8595  9815  9815  2753 4096 
1332      7065  6849  6849  4015 1    
1333      7065  4016  4016  5283 4096 
1334      10349 9379  9379  6436 8191 
1335      10349 14627 14627 7360 4096 
1336      8399  11456 11456 7965 1    
1337      8399  7966  7966  8190 4096 
1338      10790 12286 12286 8015 8191 
1339      10790 16206 16206 7456 4096 
1340      7759  11552 11552 6568 1    
1341      7759  6569  6569  5439 4096 
1342      9287  9535  9535  4177 8191 
1343      9287  12368 12368 2909 4096 
1344      6011  7005  7005  1756 1    
1345      6011  1757  1757  832  4096 
1346      7965  4928  4928  227  8191 
1347      7965  8418  8418  2    4096 
1348      5568  4098  4098  177  1    
1349      5568  178   178   736  4096 
1350      8596  4832  4832  1624 8191 
1351      8596  9815  9815  2753 4096 
1352      7062  6849  6849  4015 1    
1353      7062  4016  4016  5283 4096 
1354      10349 9379  9379  6436 8191 
1355      10349 14627 14627 7360 4096 
1356      8399  11456 11456 7965 1    
1357      8399  7966  7966  8190 4096 
1358      10789 12286 12286 8015 8191 
1359      10789 16206 16206 7456 4096 
1360      7759  11552 11552 6568 1    
1361      7759  6569  6569  5439 4096 
1362      9288  9535  9535  4177 8191 
1363      9288  12368 12368 2909 4096 
1364      6014  7005  7005  1756 1    
1365      6014  1757  1757  832  4096 
1366      7967  4928  4928  227  8191 
1367      7967  8418  8418  2    4096 
1368      5567  4098  4098  177  1    
1369      5567  178   178   736  4096 
1370      8593  4832  4832  1624 8191 
1371      8593  9815  9815  2753 4096 
1372      7063  6849  6849  4015 1    
1373      7063  4016  4016  5283 4096 
1374      10349 9379  9379  6436 8191 
1375      10349 14627 14627 7360 4096 
1376      8399  11456 11456 7965 1    
1377      8399  7966  7966  8190 4096 
1378      10788 12286 12286 8015 8191 
1379      10788 16206 16206 7456 4096 
1380      7760  11552 11552 6568 1    
1381      7760  6569  6569  5439 4096 
1382      9288  9535  9535  4177 8191 
1383      9288  12368 12368 2909 4096 
1384      6012  7005  7005  1756 1    
1385      6012  1757  1757  832  4096 
1386      7966  4928  4928  227  8191 
1387      7966  8418  8418  2    4096 
1388      5569  4098  4098  177  1    
1389      5569  178   178   736  4096 
1390      8593  4832  4832  1624 8191 
1391      8593  9815  9815  2753 4096 
1392      7061  6849  6849  4015 1    
1393      7061  4016  4016  5283 4096 
1394      10348 9379  9379  6436 8191 
1395      10348 14627 14627 7360 4096 
1396      8399  11456 11456 7965 1    
1397      8399  7966  7966  8190 4096 
1398      10789 12286 12286 8015 8191 
1399      10789 16206 16206 7456 4096 
1400      7760  11552 11552 6568 1    
1401      7760  6569  6569  5439 4096 
1402      9286  9535  9535  4177 8191 
1403      9286  12368 12368 2909 4096 
1404      6014  7005  7005  1756 1    
1405      6014  1757  1757  832  4096 
1406      7967  4928  4928  227  8191 
1407      7967  8418  8418  2    4096 
1408      5567  4098  4098  177  1    
1409      5567  178   178   736  4096 
1410      8593  4832  4832  1624 8191 
1411      8593  9815  9815  2753 4096 
1412      7061  6849  6849  4015 1    
1413      7061  4016  4016  5283 4096 
1414      10347 9379  9379  6436 8191 
1415      10347 14627 14627 7360 4096 
1416      8401  11456 11456 7965 1    
1417      8401  7966  7966  8190 4096 
1418      10791 12286 12286 8015 8191 
1419      10791 16206 16206 7456 4096 
1420      7760  11552 11552 6568 1    
1421      7760  6569  6569  5439 4096 
1422      9288  9535  9535  4177 8191 
1423      9288  12368 12368 2909 4096 
1424      6011  7005  7005  1756 1    
1425      6011  1757  1757  832  4096 
1426      7966  4928  4928  227  8191 
1427      7966  8418  8418  2    4096 
1428      5566  4098  4098  177  1    
1429      5566  178   178   736  4096 
1430      8594  4832  4832  1624 8191 
1431      8594  9815  9815  2753 4096 
1432      7064  6849  6849  4015 1    
1433      7064  4016  4016  5283 4096 
1434      10349 9379  9379  6436 8191 
1435      10349 14627 14627 7360 4096 
1436      8401  11456 11456 7965 1    
1437      8401  7966  7966  8190 4096 
1438      10790 12286 12286 8015 8191 
1439      10790 16206 16206 7456 4096 
1440      7759  11552 11552 6568 1    
1441      7759  6569  6569  5439 4096 
1442      9289  9535  9535  4177 8191 
1443      9289  12368 12368 2909 4096 
1444      6011  7005  7005  1756 1    
1445      6011  1757  1757  832  4096 
1446      7967  4928  4928  227  8191 
1447      7967  8418  8418  2    4096 
1448      5568  4098  4098  177  1    
1449      5568  178   178   736  4096 
1450      8594  4832  4832  1624 8191 
1451      8594  9815  9815  2753 4096 
1452      7065  6849  6849  4015 1    
1453      7065  4016  4016  5283 4096 
1454      10349 9379  9379  6436 8191 
1455      10349 14627 14627 7360 4096 
1456      8399  11456 11456 7965 1    
1457      8399  7966  7966  8190 4096 
1458      10790 12286 12286 8015 8191 
1459      10790 16206 16206 7456 4096 
1460      7761  11552 11552 6568 1    
1461      7761  6569  6569  5439 4096 
1462      9286  9535  9535  4177 8191 
1463      9286  12368 12368 2909 4096 
1464      6014  7005  7005  1756 1    
1465      6014  1757  1757  832  4096 
1466      7968  4928  4928  227  8191 
1467      7968  8418  8418  2    4096 
1468      5568  4098  4098  177  1    
1469      5568  178   178   736  4096 
1470      8594  4832  4832  1624 8191 
1471      8594  9815  9815  2753 4096 
1472      7063  6849  6849  4015 1    
1473      7063  4016  4016  5283 4096 
1474      10349 9379  9379  6436 8191 
1475      10349 14627 14627 7360 4096 
1476      8400  11456 11456 7965 1    
1477      8400  7966  7966  8190 4096 
1478      10792 12286 12286 8015 8191 
1479      10792 16206 16206 7456 4096 
1480      7759  11552 11552 6568 1    
1481      7759  6569  6569  5439 4096 
1482      9287  9535  9535  4177 8191 
1483      9287  12368 12368 2909 4096 
1484      6013  7005  7005  1756 1    
1485      6013  1757  1757  832  4096 
1486      7969  4928  4928  227  8191 
1487      7969  8418  8418  2    4096 
1488      5566  4098  4098  177  1    
1489      5566  178   178   736  4096 
1490      8595  4832  4832  1624 8191 
1491      8595  9815  9815  2753 4096 
1492      7065  6849  6849  4015 1    
1493      7065  4016  4016  5283 4096 
1494      10351 9379  9379  6436 8191 
1495      10351 14627 14627 7360 4096 
1496      8400  11456 11456 7965 1    
1497      8400  7966  7966  8190 4096 
1498      10790 12286 12286 8015 8191 
1499      10790 16206 16206 7456 4096 
1500      7759  11552 11552 6568 1    
1501      7759  6569  6569  5439 4096 
1502      9287  9535  9535  4177 8191 
1503      9287  12368 12368 2909 4096 
1504      6009  7005  7005  1756 1    
1505      6009  1757  1757  832  4096 
1506      7968  4928  4928  227  8191 
1507      7968  8418  8418  2    4096 
1508      5571  4098  4098  177  1    
1509      5571  178   178   736  4096 
1510      8594  4832  4832  1624 8191 
1511      8594  9815  9815  2753 4096 
1512      7065  6849  6849  4015 1    
1513      7065  4016  4016  5283 4096 
1514      10352 9379  9379  6436 8191 
1515      10352 14627 14627 7360 4096 
1516      8397  11456 11456 7965 1    
1517      8397  7966  7966  8190 4096 
1518      10791 12286 12286 8015 8191 
1519      10791 16206 16206 7456 4096 
1520      7759  11552 11552 6568 1    
1521      7759  6569  6569  5439 4096 
1522      9289  9535  9535  4177 8191 
1523      9289  12368 12368 2909 4096 
1524      6011  7005  7005  1756 1    
1525      6011  1757  1757  832  4096 
1526      7967  4928  4928  227  8191 
1527      7967  8418  8418  2    4096 
1528      5567  4098  4098  177  1    
1529      5567  178   178   736  4096 
1530      8593  4832  4832  1624 8191 
1531      8593  9815  9815  2753 4096 
1532      7062  6849  6849  4015 1    
1533      7062  4016  4016  5283 4096 
1534      10350 9379  9379  6436 8191 
1535      10350 14627 14627 7360 4096 
1536      8399  11456 11456 7965 1    
1537      8399  7966  7966  8190 4096 
1538      10791 12286 12286 8015 8191 
1539      10791 16206 16206 7456 4096 
1540      7762  11552 11552 6568 1    
1541      7762  6569  6569  5439 4096 
1542      9287  9535  9535  4177 8191 
1543      9287  12368 12368 2909 4096 
1544      6013  7005  7005  1756 1    
1545      6013  1757  1757  832  4096 
1546      7967  4928  4928  227  8191 
1547      7967  8418  8418  2    4096 
1548      5566  4098  4098  177  1    
1549      5566  178   178   736  4096 
1550      8593  4832  4832  1624 8191 
1551      8593  9815  9815  2753 4096 
1552      7063  6849  6849  4015 1    
1553      7063  4016  4016  5283 4096 
1554      10350 9379  9379  6436 8191 
1555      10350 14627 14627 7360 4096 
1556      8401  11456 11456 7965 1    
1557      8401  7966  7966  8190 4096 
1558      10788 12286 12286 8015 8191 
1559      10788 16206 16206 7456 4096 
1560      7761  11552 11552 6568 1    
1561      7761  6569  6569  5439 4096 
1562      9288  9535  9535  4177 8191 
1563      9288  12368 12368 2909 4096 
1564      6010  7005  7005  1756 1    
1565      6010  1757  1757  832  4096 
1566      7964  4928  4928  227  8191 
1567      7964  8418  8418  2    4096 
1568      5567  4098  4098  177  1    
1569      5567  178   178   736  4096 
1570      8594  4832  4832  1624 8191 
1571      8594  9815  9815  2753 4096 
1572      7064  6849  6849  4015 1    
1573      7064  4016  4016  5283 4096 
1574      10349 9379  9379  6436 8191 
1575      10349 14627 14627 7360 4096 
1576      8396  11456 11456 7965 1    
1577      8396  7966  7966  8190 4096 
1578      10789 12286 12286 8015 8191 
1579      10789 16206 16206 7456 4096 
1580      7760  11552 11552 6568 1    
1581      7760  6569  6569  5439 4096 
1582      9290  9535  9535  4177 8191 
1583      9290  12368 12368 2909 4096 
1584      6012  7005  7005  1756 1    
1585      6012  1757  1757  832  4096 
1586      7966  4928  4928  227  8191 
1587      7966  8418  8418  2    4096 
1588      5569  4098  4098  177  1    
1589      5569  178   178   736  4096 
1590      8594  4832  4832  1624 8191 
1591      8594  9815  9815  2753 4096 
1592      7063  6849  6849  4015 1    
1593      7063  4016  4016  5283 4096 
1594      10350 9379  9379  6436 8191 
1595      10350 14627 14627 7360 4096 
1596      8398  11456 11456 7965 1    
1597      8398  7966  7966  8190 4096 
1598      10790 12286 12286 8015 8191 
1599      10790 16206 16206 7456 4096 
1600      7762  11552 11552 6568 1    
1601      7762  6569  6569  5439 4096 
1602      9287  9535  9535  4177 8191 
1603      9287  12368 12368 2909 4096 
1604      6013  7005  7005  1756 1    
1605      6013  1757  1757  832  4096 
1606      7967  4928  4928  227  8191 
1607      7967  8418  8418  2    4096 
1608      5568  4098  4098  177  1    
1609      5568  178   178   736  4096 
1610      8594  4832  4832  1624 8191 
1611      8594  9815  9815  2753 4096 
1612      7065  6849  6849  4015 1    
1613      7065  4016  4016  5283 4096 
1614      10346 9379  9379  6436 8191 
1615      10346 14627 14627 7360 4096 
1616      8400  11456 11456 7965 1    
1617      8400  7966  7966  8190 4096 
1618      10789 12286 12286 8015 8191 
1619      10789 16206 16206 7456 4096 
1620      7762  11552 11552 6568 1    
1621      7762  6569  6569  5439 4096 
1622      9288  9535  9535  4177 8191 
1623      9288  12368 12368 2909 4096 
1624      6016  7005  7005  1756 1    
1625      6016  1757  1757  832  4096 
1626      7968  4928  4928  227  8191 
1627      7968  8418  8418  2    4096 
1628      5568  4098  4098  177  1    
1629      5568  178   178   736  4096 
1630      8595  4832  4832  1624 8191 
1631      8595  9815  9815  2753 4096 
1632      7063  6849  6849  4015 1    
1633      7063  4016  4016  5283 4096 
1634      10349 9379  9379  6436 8191 
1635      10349 14627 14627 7360 4096 
1636      8399  11456 11456 7965 1    
1637      8399  7966  7966  8190 4096 
1638      10790 12286 12286 8015 8191 
1639      10790 16206 16206 7456 4096 
1640      7762  11552 11552 6568 1    
1641      7762  6569  6569  5439 4096 
1642      9286  9535  9535  4177 8191 
1643      9286  12368 12368 2909 4096 
1644      6011  7005  7005  1756 1    
1645      6011  1757  1757  832  4096 
1646      7969  4928  4928  227  8191 
1647      7969  8418  8418  2    4096 
1648      5567  4098  4098  177  1    
1649      5567  178   178   736  4096 
1650      8591  4832  4832  1624 8191 
1651      8591  9815  9815  2753 4096 
1652      7064  6849  6849  4015 1    
1653      7064  4016  4016  5283 4096 
1654      10348 9379  9379  6436 8191 
1655      10348 14627 14627 7360 4096 
1656      8397  11456 11456 7965 1    
1657      8397  7966  7966  8190 4096 
1658      10789 12286 12286 8015 8191 
1659      10789 16206 16206 7456 4096 
1660      7759  11552 11552 6568 1    
1661      7759  6569  6569  5439 4096 
1662      9286  9535  9535  4177 8191 
1663      9286  12368 12368 2909 4096 
1664      6009  7005  7005  1756 1    
1665      6009  1757  1757  832  4096 
1666      7969  4928  4928  227  8191 
1667      7969  8418  8418  2    4096 
1668      5570  4098  4098  177  1    
1669      5570  178   178   736  4096 
1670      8597  4832  4832  1624 8191 
1671      8597  9815  9815  2753 4096 
1672      7062  6849  6849  4015 1    
1673      7062  4016  4016  5283 4096 
1674      10348 9379  9379  6436 8191 
1675      10348 14627 14627 7360 4096 
1676      8397  11456 11456 7965 1    
1677      8397  7966  7966  8190 4096 
1678      10788 12286 12286 8015 8191 
1679      10788 16206 16206 7456 4096 
1680      7761  11552 11552 6568 1    
1681      7761  6569  6569  5439 4096 
1682      9287  9535  9535  4177 8191 
1683      9287  12368 12368 2909 4096 
1684      6013  7005  7005  1756 1    
1685      6013  1757  1757  832  4096 
1686      7969  4928  4928  227  8191 
1687      7969  8418  8418  2    4096 
1688      5569  4098  4098  177  1    
1689      5569  178   178   736  4096 
1690      8593  4832  4832  1624 8191 
1691      8593  9815  9815  2753 4096 
1692      7063  6849  6849  4015 1    
1693      7063  4016  4016  5283 4096 
1694      10348 9379  9379  6436 8191 
1695      10348 14627 14627 7360 4096 
1696      8397  11456 11456 7965 1    
1697      8397  7966  7966  8190 4096 
1698      10789 12286 12286 8015 8191 
1699      10789 16206 16206 7456 4096 
1700      7759  11552 11552 6568 1    
1701      7759  6569  6569  5439 4096 
1702      9285  9535  9535  4177 8191 
1703      9285  12368 12368 2909 4096 
1704      6013  7005  7005  1756 1    
1705      6013  1757  1757  832  4096 
1706      7968  4928  4928  227  8191 
1707      7968  8418  8418  2    4096 
1708      5569  4098  4098  177  1    
1709      5569  178   178   736  4096 
1710      8595  4832  4832  1624 8191 
1711      8595  9815  9815  2753 4096 
1712      7063  6849  6849  4015 1    
1713      7063  4016  4016  5283 4096 
1714      10350 9379  9379  6436 8191 
1715      10350 14627 14627 7360 4096 
1716      8398  11456 11456 7965 1    
1717      8398  7966  7966  8190 4096 
1718      10788 12286 12286 8015 8191 
1719      10788 16206 16206 7456 4096 
1720      7759  11552 11552 6568 1    
1721      7759  6569  6569  5439 4096 
1722      9284  9535  9535  4177 8191 
1723      9284  12368 12368 2909 4096 
1724      6013  7005  7005  1756 1    
1725      6013  1757  1757  832  4096 
1726      7971  4928  4928  227  8191 
1727      7971  8418  8418  2    4096 
1728      5566  4098  4098  177  1    
1729      5566  178   178   736  4096 
1730      8595  4832  4832  1624 8191 
1731      8595  9815  9815  2753 4096 
1732      7062  6849  6849  4015 1    
1733      7062  4016  4016  5283 4096 
1734      10349 9379  9379  6436 8191 
1735      10349 14627 14627 7360 4096 
1736      8397  11456 11456 7965 1    
1737      8397  7966  7966  8190 4096 
1738      10789 12286 12286 8015 8191 
1739      10789 16206 16206 7456 4096 
1740      7759  11552 11552 6568 1    
1741      7759  6569  6569  5439 4096 
1742      9287  9535  9535  4177 8191 
1743      9287  12368 12368 2909 4096 
1744      6012  7005  7005  1756 1    
1745      6012  1757  1757  832  4096 
1746      7968  4928  4928  227  8191 
1747      7968  8418  8418  2    4096 
1748      5569  4098  4098  177  1    
1749      5569  178   178   736  4096 
1750      8595  4832  4832  1624 8191 
1751      8595  9815  9815  2753 4096 
1752      7065  6849  6849  4015 1    
1753      7065  4016  4016  5283 4096 
1754      10351 9379  9379  6436 8191 
1755      10351 14627 14627 7360 4096 
1756      8398  11456 11456 7965 1    
1757      8398  7966  7966  8190 4096 
1758      10789 12286 12286 8015 8191 
1759      10789 16206 16206 7456 4096 
1760      7760  11552 11552 6568 1    
1761      7760  6569  6569  5439 4096 
1762      9290  9535  9535  4177 8191 
1763      9290  12368 12368 2909 4096 
1764      6014  7005  7005  1756 1    
1765      6014  1757  1757  832  4096 
1766      7969  4928  4928  227  8191 
1767      7969  8418  8418  2    4096 
1768      5567  4098  4098  177  1    
1769      5567  178   178   736  4096 
1770      8595  4832  4832  1624 8191 
1771      8595  9815  9815  2753 4096 
1772      7064  6849  6849  4015 1    
1773      7064  4016  4016  5283 4096 
1774      10349 9379  9379  6436 8191 
1775      10349 14627 14627 7360 4096 
1776      8400  11456 11456 7965 1    
1777      8400  7966  7966  8190 4096 
1778      10790 12286 12286 8015 8191 
1779      10790 16206 16206 7456 4096 
1780      7759  11552 11552 6568 1    
1781      7759  6569  6569  5439 4096 
1782      9287  9535  9535  4177 8191 
1783      9287  12368 12368 2909 4096 
1784      6011  7005  7005  1756 1    
1785      6011  1757  1757  832  4096 
1786      7967  4928  4928  227  8191 
1787      7967  8418  8418  2    4096 
1788      5570  4098  4098  177  1    
1789      5570  178   178   736  4096 
1790      8595  4832  4832  1624 8191 
1791      8595  9815  9815  2753 4096 
