Signal Legend:

Key        Signal Name

0        = ADC_DB
1        = DAC_DA
2        = DAC_DB
3        = DE2_70_ADDA_GPIO_TOP:U1|lpm_add:lpm|dataa
4        = DE2_70_ADDA_GPIO_TOP:U1|lpm_add:lpm|datab

Data Table:

Signals-> 0     1     2     3    4    

sample

-256      9090  11197 11197 7813 1    
-255      8171  7814  7814  8162 4096 
-254      10130 12258 12258 8113 8191 
-253      4076  16304 16304 7669 4096 
-252      8414  11765 11765 6879 1    
-251      8172  6880  6880  5814 4096 
-250      8620  9910  9910  4581 8191 
-249      4076  12772 12772 3299 4096 
-248      6681  7395  7395  2098 1    
-247      8172  2099  2099  1091 4096 
-246      7276  5187  5187  379  8191 
-245      8172  8570  8570  30   4096 
-244      6250  4126  4126  79   1    
-243      8172  80    80    523  4096 
-242      7938  4619  4619  1313 8191 
-241      8170  9504  9504  2378 4096 
-240      7753  6474  6474  3611 1    
-239      8173  3612  3612  4893 4096 
-238      9693  8989  8989  6094 8191 
-237      8173  14285 14285 7101 4096 
-236      9091  11197 11197 7813 1    
-235      8172  7814  7814  8162 4096 
-234      10130 12258 12258 8113 8191 
-233      4075  16304 16304 7669 4096 
-232      8417  11765 11765 6879 1    
-231      4075  6880  6880  5814 4096 
-230      8613  9910  9910  4581 8191 
-229      4075  12772 12772 3299 4096 
-228      6680  7395  7395  2098 1    
-227      8173  2099  2099  1091 4096 
-226      7275  5187  5187  379  8191 
-225      8172  8570  8570  30   4096 
-224      6253  4126  4126  79   1    
-223      8171  80    80    523  4096 
-222      7940  4619  4619  1313 8191 
-221      8172  9504  9504  2378 4096 
-220      7743  6474  6474  3611 1    
-219      8171  3612  3612  4893 4096 
-218      9689  8989  8989  6094 8191 
-217      4074  14285 14285 7101 4096 
-216      9093  11197 11197 7813 1    
-215      8172  7814  7814  8162 4096 
-214      10127 12258 12258 8113 8191 
-213      8170  16304 16304 7669 4096 
-212      8418  11765 11765 6879 1    
-211      4076  6880  6880  5814 4096 
-210      8620  9910  9910  4581 8191 
-209      4078  12772 12772 3299 4096 
-208      6681  7395  7395  2098 1    
-207      8172  2099  2099  1091 4096 
-206      7277  5187  5187  379  8191 
-205      8171  8570  8570  30   4096 
-204      6256  4126  4126  79   1    
-203      8172  80    80    523  4096 
-202      7945  4619  4619  1313 8191 
-201      8172  9504  9504  2378 4096 
-200      7748  6474  6474  3611 1    
-199      8163  3612  3612  4893 4096 
-198      9689  8989  8989  6094 8191 
-197      4074  14285 14285 7101 4096 
-196      9087  11197 11197 7813 1    
-195      8171  7814  7814  8162 4096 
-194      10125 12258 12258 8113 8191 
-193      4076  16304 16304 7669 4096 
-192      8417  11765 11765 6879 1    
-191      4075  6880  6880  5814 4096 
-190      8615  9910  9910  4581 8191 
-189      4076  12772 12772 3299 4096 
-188      6677  7395  7395  2098 1    
-187      8165  2099  2099  1091 4096 
-186      7274  5187  5187  379  8191 
-185      8173  8570  8570  30   4096 
-184      6252  4126  4126  79   1    
-183      8171  80    80    523  4096 
-182      7942  4619  4619  1313 8191 
-181      8172  9504  9504  2378 4096 
-180      7760  6474  6474  3611 1    
-179      8171  3612  3612  4893 4096 
-178      9693  8989  8989  6094 8191 
-177      8172  14285 14285 7101 4096 
-176      9094  11197 11197 7813 1    
-175      8172  7814  7814  8162 4096 
-174      10130 12258 12258 8113 8191 
-173      4078  16304 16304 7669 4096 
-172      8416  11765 11765 6879 1    
-171      4074  6880  6880  5814 4096 
-170      8617  9910  9910  4581 8191 
-169      4076  12772 12772 3299 4096 
-168      6679  7395  7395  2098 1    
-167      8175  2099  2099  1091 4096 
-166      7273  5187  5187  379  8191 
-165      8174  8570  8570  30   4096 
-164      6248  4126  4126  79   1    
-163      8171  80    80    523  4096 
-162      7938  4619  4619  1313 8191 
-161      8172  9504  9504  2378 4096 
-160      7752  6474  6474  3611 1    
-159      8172  3612  3612  4893 4096 
-158      9689  8989  8989  6094 8191 
-157      8172  14285 14285 7101 4096 
-156      9089  11197 11197 7813 1    
-155      8171  7814  7814  8162 4096 
-154      10128 12258 12258 8113 8191 
-153      4077  16304 16304 7669 4096 
-152      8419  11765 11765 6879 1    
-151      8172  6880  6880  5814 4096 
-150      8621  9910  9910  4581 8191 
-149      4077  12772 12772 3299 4096 
-148      6681  7395  7395  2098 1    
-147      8173  2099  2099  1091 4096 
-146      7273  5187  5187  379  8191 
-145      8172  8570  8570  30   4096 
-144      6249  4126  4126  79   1    
-143      8173  80    80    523  4096 
-142      7941  4619  4619  1313 8191 
-141      8172  9504  9504  2378 4096 
-140      7751  6474  6474  3611 1    
-139      8171  3612  3612  4893 4096 
-138      9692  8989  8989  6094 8191 
-137      4077  14285 14285 7101 4096 
-136      9091  11197 11197 7813 1    
-135      8173  7814  7814  8162 4096 
-134      10126 12258 12258 8113 8191 
-133      4076  16304 16304 7669 4096 
-132      8417  11765 11765 6879 1    
-131      4074  6880  6880  5814 4096 
-130      8621  9910  9910  4581 8191 
-129      8173  12772 12772 3299 4096 
-128      6683  7395  7395  2098 1    
-127      8172  2099  2099  1091 4096 
-126      7275  5187  5187  379  8191 
-125      8172  8570  8570  30   4096 
-124      6249  4126  4126  79   1    
-123      8172  80    80    523  4096 
-122      7941  4619  4619  1313 8191 
-121      8172  9504  9504  2378 4096 
-120      7753  6474  6474  3611 1    
-119      8173  3612  3612  4893 4096 
-118      9691  8989  8989  6094 8191 
-117      8170  14285 14285 7101 4096 
-116      9092  11197 11197 7813 1    
-115      8172  7814  7814  8162 4096 
-114      10127 12258 12258 8113 8191 
-113      8173  16304 16304 7669 4096 
-112      8415  11765 11765 6879 1    
-111      8171  6880  6880  5814 4096 
-110      8619  9910  9910  4581 8191 
-109      4077  12772 12772 3299 4096 
-108      6681  7395  7395  2098 1    
-107      8173  2099  2099  1091 4096 
-106      7275  5187  5187  379  8191 
-105      8172  8570  8570  30   4096 
-104      6252  4126  4126  79   1    
-103      8171  80    80    523  4096 
-102      7939  4619  4619  1313 8191 
-101      8173  9504  9504  2378 4096 
-100      7749  6474  6474  3611 1    
-99       8171  3612  3612  4893 4096 
-98       9687  8989  8989  6094 8191 
-97       4075  14285 14285 7101 4096 
-96       9092  11197 11197 7813 1    
-95       4074  7814  7814  8162 4096 
-94       10133 12258 12258 8113 8191 
-93       8172  16304 16304 7669 4096 
-92       8417  11765 11765 6879 1    
-91       4074  6880  6880  5814 4096 
-90       8621  9910  9910  4581 8191 
-89       8173  12772 12772 3299 4096 
-88       6680  7395  7395  2098 1    
-87       8171  2099  2099  1091 4096 
-86       7274  5187  5187  379  8191 
-85       8171  8570  8570  30   4096 
-84       6249  4126  4126  79   1    
-83       8172  80    80    523  4096 
-82       7940  4619  4619  1313 8191 
-81       8170  9504  9504  2378 4096 
-80       7747  6474  6474  3611 1    
-79       8171  3612  3612  4893 4096 
-78       9689  8989  8989  6094 8191 
-77       4075  14285 14285 7101 4096 
-76       9089  11197 11197 7813 1    
-75       8169  7814  7814  8162 4096 
-74       10124 12258 12258 8113 8191 
-73       4077  16304 16304 7669 4096 
-72       8420  11765 11765 6879 1    
-71       4074  6880  6880  5814 4096 
-70       8613  9910  9910  4581 8191 
-69       4067  12772 12772 3299 4096 
-68       6678  7395  7395  2098 1    
-67       8163  2099  2099  1091 4096 
-66       7276  5187  5187  379  8191 
-65       8173  8570  8570  30   4096 
-64       6253  4126  4126  79   1    
-63       8170  80    80    523  4096 
-62       7940  4619  4619  1313 8191 
-61       8170  9504  9504  2378 4096 
-60       7751  6474  6474  3611 1    
-59       8170  3612  3612  4893 4096 
-58       9687  8989  8989  6094 8191 
-57       4074  14285 14285 7101 4096 
-56       9092  11197 11197 7813 1    
-55       4075  7814  7814  8162 4096 
-54       10127 12258 12258 8113 8191 
-53       8173  16304 16304 7669 4096 
-52       8419  11765 11765 6879 1    
-51       4076  6880  6880  5814 4096 
-50       8615  9910  9910  4581 8191 
-49       4077  12772 12772 3299 4096 
-48       6676  7395  7395  2098 1    
-47       8166  2099  2099  1091 4096 
-46       7277  5187  5187  379  8191 
-45       8173  8570  8570  30   4096 
-44       6251  4126  4126  79   1    
-43       8173  80    80    523  4096 
-42       7944  4619  4619  1313 8191 
-41       8172  9504  9504  2378 4096 
-40       7750  6474  6474  3611 1    
-39       8172  3612  3612  4893 4096 
-38       9691  8989  8989  6094 8191 
-37       8171  14285 14285 7101 4096 
-36       9088  11197 11197 7813 1    
-35       4077  7814  7814  8162 4096 
-34       10129 12258 12258 8113 8191 
-33       4076  16304 16304 7669 4096 
-32       8415  11765 11765 6879 1    
-31       8170  6880  6880  5814 4096 
-30       8612  9910  9910  4581 8191 
-29       4067  12772 12772 3299 4096 
-28       6680  7395  7395  2098 1    
-27       8170  2099  2099  1091 4096 
-26       7275  5187  5187  379  8191 
-25       8174  8570  8570  30   4096 
-24       6253  4126  4126  79   1    
-23       8173  80    80    523  4096 
-22       7936  4619  4619  1313 8191 
-21       8172  9504  9504  2378 4096 
-20       7745  6474  6474  3611 1    
-19       8172  3612  3612  4893 4096 
-18       9691  8989  8989  6094 8191 
-17       8171  14285 14285 7101 4096 
-16       9090  11197 11197 7813 1    
-15       8172  7814  7814  8162 4096 
-14       10136 12258 12258 8113 8191 
-13       4077  16304 16304 7669 4096 
-12       8417  11765 11765 6879 1    
-11       4074  6880  6880  5814 4096 
-10       8617  9910  9910  4581 8191 
-9        4077  12772 12772 3299 4096 
-8        6682  7395  7395  2098 1    
-7        8170  2099  2099  1091 4096 
-6        7276  5187  5187  379  8191 
-5        8175  8570  8570  30   4096 
-4        6252  4126  4126  79   1    
-3        8173  80    80    523  4096 
-2        7938  4619  4619  1313 8191 
-1        8172  9504  9504  2378 4096 
0         7745  6474  6474  3611 1    
1         8172  3612  3612  4893 4096 
2         9686  8989  8989  6094 8191 
3         8172  14285 14285 7101 4096 
4         9086  11197 11197 7813 1    
5         8173  7814  7814  8162 4096 
6         10129 12258 12258 8113 8191 
7         4077  16304 16304 7669 4096 
8         8416  11765 11765 6879 1    
9         4078  6880  6880  5814 4096 
10        8614  9910  9910  4581 8191 
11        4076  12772 12772 3299 4096 
12        6679  7395  7395  2098 1    
13        8165  2099  2099  1091 4096 
14        7276  5187  5187  379  8191 
15        8170  8570  8570  30   4096 
16        6247  4126  4126  79   1    
17        8163  80    80    523  4096 
18        7941  4619  4619  1313 8191 
19        8172  9504  9504  2378 4096 
20        7753  6474  6474  3611 1    
21        8172  3612  3612  4893 4096 
22        9691  8989  8989  6094 8191 
23        8171  14285 14285 7101 4096 
24        9091  11197 11197 7813 1    
25        8173  7814  7814  8162 4096 
26        10127 12258 12258 8113 8191 
27        8173  16304 16304 7669 4096 
28        8413  11765 11765 6879 1    
29        4076  6880  6880  5814 4096 
30        8620  9910  9910  4581 8191 
31        4074  12772 12772 3299 4096 
32        6682  7395  7395  2098 1    
33        8170  2099  2099  1091 4096 
34        7275  5187  5187  379  8191 
35        8174  8570  8570  30   4096 
36        6252  4126  4126  79   1    
37        8172  80    80    523  4096 
38        7937  4619  4619  1313 8191 
39        8173  9504  9504  2378 4096 
40        7748  6474  6474  3611 1    
41        8173  3612  3612  4893 4096 
42        9692  8989  8989  6094 8191 
43        4074  14285 14285 7101 4096 
44        9089  11197 11197 7813 1    
45        8172  7814  7814  8162 4096 
46        10131 12258 12258 8113 8191 
47        4078  16304 16304 7669 4096 
48        8421  11765 11765 6879 1    
49        4076  6880  6880  5814 4096 
50        8619  9910  9910  4581 8191 
51        4076  12772 12772 3299 4096 
52        6678  7395  7395  2098 1    
53        8167  2099  2099  1091 4096 
54        7273  5187  5187  379  8191 
55        8172  8570  8570  30   4096 
56        6251  4126  4126  79   1    
57        8171  80    80    523  4096 
58        7940  4619  4619  1313 8191 
59        8171  9504  9504  2378 4096 
60        7750  6474  6474  3611 1    
61        8170  3612  3612  4893 4096 
62        9690  8989  8989  6094 8191 
63        4075  14285 14285 7101 4096 
64        9089  11197 11197 7813 1    
65        8171  7814  7814  8162 4096 
66        10128 12258 12258 8113 8191 
67        4075  16304 16304 7669 4096 
68        8417  11765 11765 6879 1    
69        8172  6880  6880  5814 4096 
70        8620  9910  9910  4581 8191 
71        4076  12772 12772 3299 4096 
72        6681  7395  7395  2098 1    
73        8172  2099  2099  1091 4096 
74        7276  5187  5187  379  8191 
75        8173  8570  8570  30   4096 
76        6251  4126  4126  79   1    
77        8172  80    80    523  4096 
78        7938  4619  4619  1313 8191 
79        8172  9504  9504  2378 4096 
80        7751  6474  6474  3611 1    
81        8172  3612  3612  4893 4096 
82        9690  8989  8989  6094 8191 
83        4078  14285 14285 7101 4096 
84        9091  11197 11197 7813 1    
85        8172  7814  7814  8162 4096 
86        10127 12258 12258 8113 8191 
87        8171  16304 16304 7669 4096 
88        8416  11765 11765 6879 1    
89        4075  6880  6880  5814 4096 
90        8618  9910  9910  4581 8191 
91        4074  12772 12772 3299 4096 
92        6679  7395  7395  2098 1    
93        8172  2099  2099  1091 4096 
94        7277  5187  5187  379  8191 
95        8170  8570  8570  30   4096 
96        6249  4126  4126  79   1    
97        8170  80    80    523  4096 
98        7939  4619  4619  1313 8191 
99        8173  9504  9504  2378 4096 
100       7749  6474  6474  3611 1    
101       8174  3612  3612  4893 4096 
102       9686  8989  8989  6094 8191 
103       4076  14285 14285 7101 4096 
104       9091  11197 11197 7813 1    
105       8172  7814  7814  8162 4096 
106       10126 12258 12258 8113 8191 
107       4079  16304 16304 7669 4096 
108       8416  11765 11765 6879 1    
109       4077  6880  6880  5814 4096 
110       8621  9910  9910  4581 8191 
111       8173  12772 12772 3299 4096 
112       6680  7395  7395  2098 1    
113       8171  2099  2099  1091 4096 
114       7272  5187  5187  379  8191 
115       8172  8570  8570  30   4096 
116       6245  4126  4126  79   1    
117       8172  80    80    523  4096 
118       7941  4619  4619  1313 8191 
119       8171  9504  9504  2378 4096 
120       7746  6474  6474  3611 1    
121       8172  3612  3612  4893 4096 
122       9687  8989  8989  6094 8191 
123       8171  14285 14285 7101 4096 
124       9092  11197 11197 7813 1    
125       4075  7814  7814  8162 4096 
126       10120 12258 12258 8113 8191 
127       4074  16304 16304 7669 4096 
128       8415  11765 11765 6879 1    
129       8172  6880  6880  5814 4096 
130       8619  9910  9910  4581 8191 
131       4077  12772 12772 3299 4096 
132       6679  7395  7395  2098 1    
133       8167  2099  2099  1091 4096 
134       7272  5187  5187  379  8191 
135       8172  8570  8570  30   4096 
136       6246  4126  4126  79   1    
137       8172  80    80    523  4096 
138       7939  4619  4619  1313 8191 
139       8173  9504  9504  2378 4096 
140       7748  6474  6474  3611 1    
141       8174  3612  3612  4893 4096 
142       9691  8989  8989  6094 8191 
143       8173  14285 14285 7101 4096 
144       9098  11197 11197 7813 1    
145       8171  7814  7814  8162 4096 
146       10128 12258 12258 8113 8191 
147       4076  16304 16304 7669 4096 
148       8419  11765 11765 6879 1    
149       8172  6880  6880  5814 4096 
150       8621  9910  9910  4581 8191 
151       4075  12772 12772 3299 4096 
152       6684  7395  7395  2098 1    
153       8172  2099  2099  1091 4096 
154       7274  5187  5187  379  8191 
155       8173  8570  8570  30   4096 
156       6245  4126  4126  79   1    
157       8172  80    80    523  4096 
158       7940  4619  4619  1313 8191 
159       8172  9504  9504  2378 4096 
160       7750  6474  6474  3611 1    
161       8172  3612  3612  4893 4096 
162       9695  8989  8989  6094 8191 
163       8172  14285 14285 7101 4096 
164       9092  11197 11197 7813 1    
165       4075  7814  7814  8162 4096 
166       10131 12258 12258 8113 8191 
167       8172  16304 16304 7669 4096 
168       8416  11765 11765 6879 1    
169       4075  6880  6880  5814 4096 
170       8615  9910  9910  4581 8191 
171       8172  12772 12772 3299 4096 
172       6678  7395  7395  2098 1    
173       8172  2099  2099  1091 4096 
174       7274  5187  5187  379  8191 
175       8175  8570  8570  30   4096 
176       6254  4126  4126  79   1    
177       8172  80    80    523  4096 
178       7937  4619  4619  1313 8191 
179       8173  9504  9504  2378 4096 
180       7746  6474  6474  3611 1    
181       8172  3612  3612  4893 4096 
182       9690  8989  8989  6094 8191 
183       8172  14285 14285 7101 4096 
184       9090  11197 11197 7813 1    
185       8171  7814  7814  8162 4096 
186       10130 12258 12258 8113 8191 
187       4076  16304 16304 7669 4096 
188       8415  11765 11765 6879 1    
189       8171  6880  6880  5814 4096 
190       8619  9910  9910  4581 8191 
191       4076  12772 12772 3299 4096 
192       6680  7395  7395  2098 1    
193       8170  2099  2099  1091 4096 
194       7276  5187  5187  379  8191 
195       8171  8570  8570  30   4096 
196       6247  4126  4126  79   1    
197       8172  80    80    523  4096 
198       7942  4619  4619  1313 8191 
199       8171  9504  9504  2378 4096 
200       7752  6474  6474  3611 1    
201       8173  3612  3612  4893 4096 
202       9693  8989  8989  6094 8191 
203       4075  14285 14285 7101 4096 
204       9094  11197 11197 7813 1    
205       8172  7814  7814  8162 4096 
206       10132 12258 12258 8113 8191 
207       4079  16304 16304 7669 4096 
208       8416  11765 11765 6879 1    
209       4076  6880  6880  5814 4096 
210       8616  9910  9910  4581 8191 
211       4076  12772 12772 3299 4096 
212       6680  7395  7395  2098 1    
213       8170  2099  2099  1091 4096 
214       7274  5187  5187  379  8191 
215       8174  8570  8570  30   4096 
216       6247  4126  4126  79   1    
217       8165  80    80    523  4096 
218       7937  4619  4619  1313 8191 
219       8172  9504  9504  2378 4096 
220       7747  6474  6474  3611 1    
221       8172  3612  3612  4893 4096 
222       9692  8989  8989  6094 8191 
223       4076  14285 14285 7101 4096 
224       9091  11197 11197 7813 1    
225       8170  7814  7814  8162 4096 
226       10126 12258 12258 8113 8191 
227       4076  16304 16304 7669 4096 
228       8417  11765 11765 6879 1    
229       4076  6880  6880  5814 4096 
230       8613  9910  9910  4581 8191 
231       4066  12772 12772 3299 4096 
232       6678  7395  7395  2098 1    
233       8172  2099  2099  1091 4096 
234       7281  5187  5187  379  8191 
235       8172  8570  8570  30   4096 
236       6249  4126  4126  79   1    
237       8170  80    80    523  4096 
238       7940  4619  4619  1313 8191 
239       8170  9504  9504  2378 4096 
240       7750  6474  6474  3611 1    
241       8172  3612  3612  4893 4096 
242       9692  8989  8989  6094 8191 
243       4075  14285 14285 7101 4096 
244       9092  11197 11197 7813 1    
245       8174  7814  7814  8162 4096 
246       10130 12258 12258 8113 8191 
247       4075  16304 16304 7669 4096 
248       8416  11765 11765 6879 1    
249       4073  6880  6880  5814 4096 
250       8620  9910  9910  4581 8191 
251       4077  12772 12772 3299 4096 
252       6680  7395  7395  2098 1    
253       8172  2099  2099  1091 4096 
254       7272  5187  5187  379  8191 
255       8172  8570  8570  30   4096 
256       6250  4126  4126  79   1    
257       8172  80    80    523  4096 
258       7941  4619  4619  1313 8191 
259       8171  9504  9504  2378 4096 
260       7750  6474  6474  3611 1    
261       8171  3612  3612  4893 4096 
262       9690  8989  8989  6094 8191 
263       4076  14285 14285 7101 4096 
264       9092  11197 11197 7813 1    
265       8172  7814  7814  8162 4096 
266       10123 12258 12258 8113 8191 
267       8171  16304 16304 7669 4096 
268       8417  11765 11765 6879 1    
269       4076  6880  6880  5814 4096 
270       8616  9910  9910  4581 8191 
271       4077  12772 12772 3299 4096 
272       6681  7395  7395  2098 1    
273       8171  2099  2099  1091 4096 
274       7276  5187  5187  379  8191 
275       8175  8570  8570  30   4096 
276       6249  4126  4126  79   1    
277       8173  80    80    523  4096 
278       7944  4619  4619  1313 8191 
279       8174  9504  9504  2378 4096 
280       7748  6474  6474  3611 1    
281       8163  3612  3612  4893 4096 
282       9687  8989  8989  6094 8191 
283       8172  14285 14285 7101 4096 
284       9086  11197 11197 7813 1    
285       8172  7814  7814  8162 4096 
286       10128 12258 12258 8113 8191 
287       4076  16304 16304 7669 4096 
288       8420  11765 11765 6879 1    
289       4075  6880  6880  5814 4096 
290       8614  9910  9910  4581 8191 
291       4067  12772 12772 3299 4096 
292       6680  7395  7395  2098 1    
293       8171  2099  2099  1091 4096 
294       7272  5187  5187  379  8191 
295       8173  8570  8570  30   4096 
296       6249  4126  4126  79   1    
297       8173  80    80    523  4096 
298       7942  4619  4619  1313 8191 
299       8173  9504  9504  2378 4096 
300       7754  6474  6474  3611 1    
301       8171  3612  3612  4893 4096 
302       9694  8989  8989  6094 8191 
303       4075  14285 14285 7101 4096 
304       9094  11197 11197 7813 1    
305       8172  7814  7814  8162 4096 
306       10128 12258 12258 8113 8191 
307       4076  16304 16304 7669 4096 
308       8418  11765 11765 6879 1    
309       4075  6880  6880  5814 4096 
310       8617  9910  9910  4581 8191 
311       4077  12772 12772 3299 4096 
312       6680  7395  7395  2098 1    
313       8171  2099  2099  1091 4096 
314       7273  5187  5187  379  8191 
315       8171  8570  8570  30   4096 
316       6248  4126  4126  79   1    
317       8171  80    80    523  4096 
318       7939  4619  4619  1313 8191 
319       8172  9504  9504  2378 4096 
320       7749  6474  6474  3611 1    
321       8172  3612  3612  4893 4096 
322       9690  8989  8989  6094 8191 
323       4075  14285 14285 7101 4096 
324       9092  11197 11197 7813 1    
325       8173  7814  7814  8162 4096 
326       10129 12258 12258 8113 8191 
327       4076  16304 16304 7669 4096 
328       8419  11765 11765 6879 1    
329       8171  6880  6880  5814 4096 
330       8614  9910  9910  4581 8191 
331       4076  12772 12772 3299 4096 
332       6681  7395  7395  2098 1    
333       8170  2099  2099  1091 4096 
334       7275  5187  5187  379  8191 
335       8172  8570  8570  30   4096 
336       6248  4126  4126  79   1    
337       8171  80    80    523  4096 
338       7938  4619  4619  1313 8191 
339       8172  9504  9504  2378 4096 
340       7752  6474  6474  3611 1    
341       8172  3612  3612  4893 4096 
342       9691  8989  8989  6094 8191 
343       8171  14285 14285 7101 4096 
344       9095  11197 11197 7813 1    
345       8171  7814  7814  8162 4096 
346       10129 12258 12258 8113 8191 
347       4078  16304 16304 7669 4096 
348       8418  11765 11765 6879 1    
349       4074  6880  6880  5814 4096 
350       8616  9910  9910  4581 8191 
351       4076  12772 12772 3299 4096 
352       6677  7395  7395  2098 1    
353       8166  2099  2099  1091 4096 
354       7274  5187  5187  379  8191 
355       8172  8570  8570  30   4096 
356       6247  4126  4126  79   1    
357       8174  80    80    523  4096 
358       7936  4619  4619  1313 8191 
359       8169  9504  9504  2378 4096 
360       7749  6474  6474  3611 1    
361       8172  3612  3612  4893 4096 
362       9694  8989  8989  6094 8191 
363       8174  14285 14285 7101 4096 
364       9092  11197 11197 7813 1    
365       8173  7814  7814  8162 4096 
366       10130 12258 12258 8113 8191 
367       4075  16304 16304 7669 4096 
368       8416  11765 11765 6879 1    
369       4076  6880  6880  5814 4096 
370       8619  9910  9910  4581 8191 
371       8172  12772 12772 3299 4096 
372       6676  7395  7395  2098 1    
373       8167  2099  2099  1091 4096 
374       7279  5187  5187  379  8191 
375       8172  8570  8570  30   4096 
376       6250  4126  4126  79   1    
377       8172  80    80    523  4096 
378       7935  4619  4619  1313 8191 
379       8173  9504  9504  2378 4096 
380       7749  6474  6474  3611 1    
381       8172  3612  3612  4893 4096 
382       9689  8989  8989  6094 8191 
383       4075  14285 14285 7101 4096 
384       9091  11197 11197 7813 1    
385       8171  7814  7814  8162 4096 
386       10125 12258 12258 8113 8191 
387       4074  16304 16304 7669 4096 
388       8416  11765 11765 6879 1    
389       4075  6880  6880  5814 4096 
390       8615  9910  9910  4581 8191 
391       4077  12772 12772 3299 4096 
392       6679  7395  7395  2098 1    
393       8172  2099  2099  1091 4096 
394       7264  5187  5187  379  8191 
395       8171  8570  8570  30   4096 
396       6241  4126  4126  79   1    
397       8173  80    80    523  4096 
398       7940  4619  4619  1313 8191 
399       8172  9504  9504  2378 4096 
400       7754  6474  6474  3611 1    
401       8170  3612  3612  4893 4096 
402       9691  8989  8989  6094 8191 
403       8172  14285 14285 7101 4096 
404       9093  11197 11197 7813 1    
405       8173  7814  7814  8162 4096 
406       10127 12258 12258 8113 8191 
407       8172  16304 16304 7669 4096 
408       8416  11765 11765 6879 1    
409       4078  6880  6880  5814 4096 
410       8624  9910  9910  4581 8191 
411       4079  12772 12772 3299 4096 
412       6680  7395  7395  2098 1    
413       8172  2099  2099  1091 4096 
414       7276  5187  5187  379  8191 
415       8171  8570  8570  30   4096 
416       6253  4126  4126  79   1    
417       8170  80    80    523  4096 
418       7940  4619  4619  1313 8191 
419       8171  9504  9504  2378 4096 
420       7753  6474  6474  3611 1    
421       8174  3612  3612  4893 4096 
422       9689  8989  8989  6094 8191 
423       4077  14285 14285 7101 4096 
424       9091  11197 11197 7813 1    
425       8170  7814  7814  8162 4096 
426       10127 12258 12258 8113 8191 
427       8171  16304 16304 7669 4096 
428       8418  11765 11765 6879 1    
429       4074  6880  6880  5814 4096 
430       8613  9910  9910  4581 8191 
431       4078  12772 12772 3299 4096 
432       6677  7395  7395  2098 1    
433       8165  2099  2099  1091 4096 
434       7275  5187  5187  379  8191 
435       8173  8570  8570  30   4096 
436       6251  4126  4126  79   1    
437       8171  80    80    523  4096 
438       7941  4619  4619  1313 8191 
439       8172  9504  9504  2378 4096 
440       7748  6474  6474  3611 1    
441       8174  3612  3612  4893 4096 
442       9688  8989  8989  6094 8191 
443       4076  14285 14285 7101 4096 
444       9092  11197 11197 7813 1    
445       8173  7814  7814  8162 4096 
446       10126 12258 12258 8113 8191 
447       4075  16304 16304 7669 4096 
448       8415  11765 11765 6879 1    
449       8175  6880  6880  5814 4096 
450       8618  9910  9910  4581 8191 
451       4072  12772 12772 3299 4096 
452       6682  7395  7395  2098 1    
453       8172  2099  2099  1091 4096 
454       7275  5187  5187  379  8191 
455       8171  8570  8570  30   4096 
456       6251  4126  4126  79   1    
457       8171  80    80    523  4096 
458       7939  4619  4619  1313 8191 
459       8172  9504  9504  2378 4096 
460       7755  6474  6474  3611 1    
461       8171  3612  3612  4893 4096 
462       9690  8989  8989  6094 8191 
463       4076  14285 14285 7101 4096 
464       9097  11197 11197 7813 1    
465       8172  7814  7814  8162 4096 
466       10135 12258 12258 8113 8191 
467       4075  16304 16304 7669 4096 
468       8419  11765 11765 6879 1    
469       4076  6880  6880  5814 4096 
470       8612  9910  9910  4581 8191 
471       4076  12772 12772 3299 4096 
472       6681  7395  7395  2098 1    
473       8170  2099  2099  1091 4096 
474       7280  5187  5187  379  8191 
475       8172  8570  8570  30   4096 
476       6252  4126  4126  79   1    
477       8170  80    80    523  4096 
478       7942  4619  4619  1313 8191 
479       8172  9504  9504  2378 4096 
480       7750  6474  6474  3611 1    
481       8172  3612  3612  4893 4096 
482       9691  8989  8989  6094 8191 
483       8170  14285 14285 7101 4096 
484       9086  11197 11197 7813 1    
485       8172  7814  7814  8162 4096 
486       10132 12258 12258 8113 8191 
487       4066  16304 16304 7669 4096 
488       8417  11765 11765 6879 1    
489       8173  6880  6880  5814 4096 
490       8620  9910  9910  4581 8191 
491       4077  12772 12772 3299 4096 
492       6681  7395  7395  2098 1    
493       8172  2099  2099  1091 4096 
494       7271  5187  5187  379  8191 
495       8174  8570  8570  30   4096 
496       6248  4126  4126  79   1    
497       8171  80    80    523  4096 
498       7939  4619  4619  1313 8191 
499       8171  9504  9504  2378 4096 
500       7755  6474  6474  3611 1    
501       8171  3612  3612  4893 4096 
502       9693  8989  8989  6094 8191 
503       8172  14285 14285 7101 4096 
504       9094  11197 11197 7813 1    
505       8173  7814  7814  8162 4096 
506       10125 12258 12258 8113 8191 
507       4078  16304 16304 7669 4096 
508       8418  11765 11765 6879 1    
509       4075  6880  6880  5814 4096 
510       8615  9910  9910  4581 8191 
511       4077  12772 12772 3299 4096 
512       6676  7395  7395  2098 1    
513       8166  2099  2099  1091 4096 
514       7270  5187  5187  379  8191 
515       8172  8570  8570  30   4096 
516       6252  4126  4126  79   1    
517       8172  80    80    523  4096 
518       7939  4619  4619  1313 8191 
519       8171  9504  9504  2378 4096 
520       7752  6474  6474  3611 1    
521       8175  3612  3612  4893 4096 
522       9690  8989  8989  6094 8191 
523       8172  14285 14285 7101 4096 
524       9091  11197 11197 7813 1    
525       8172  7814  7814  8162 4096 
526       10127 12258 12258 8113 8191 
527       8173  16304 16304 7669 4096 
528       8413  11765 11765 6879 1    
529       4075  6880  6880  5814 4096 
530       8617  9910  9910  4581 8191 
531       4077  12772 12772 3299 4096 
532       6682  7395  7395  2098 1    
533       8172  2099  2099  1091 4096 
534       7268  5187  5187  379  8191 
535       8171  8570  8570  30   4096 
536       6251  4126  4126  79   1    
537       8173  80    80    523  4096 
538       7939  4619  4619  1313 8191 
539       8173  9504  9504  2378 4096 
540       7749  6474  6474  3611 1    
541       8170  3612  3612  4893 4096 
542       9688  8989  8989  6094 8191 
543       4075  14285 14285 7101 4096 
544       9094  11197 11197 7813 1    
545       8173  7814  7814  8162 4096 
546       10132 12258 12258 8113 8191 
547       4067  16304 16304 7669 4096 
548       8417  11765 11765 6879 1    
549       4077  6880  6880  5814 4096 
550       8622  9910  9910  4581 8191 
551       4077  12772 12772 3299 4096 
552       6681  7395  7395  2098 1    
553       8172  2099  2099  1091 4096 
554       7276  5187  5187  379  8191 
555       8172  8570  8570  30   4096 
556       6243  4126  4126  79   1    
557       8171  80    80    523  4096 
558       7939  4619  4619  1313 8191 
559       8171  9504  9504  2378 4096 
560       7752  6474  6474  3611 1    
561       8171  3612  3612  4893 4096 
562       9694  8989  8989  6094 8191 
563       8172  14285 14285 7101 4096 
564       9091  11197 11197 7813 1    
565       8170  7814  7814  8162 4096 
566       10126 12258 12258 8113 8191 
567       8172  16304 16304 7669 4096 
568       8413  11765 11765 6879 1    
569       8173  6880  6880  5814 4096 
570       8612  9910  9910  4581 8191 
571       4076  12772 12772 3299 4096 
572       6681  7395  7395  2098 1    
573       8170  2099  2099  1091 4096 
574       7272  5187  5187  379  8191 
575       8172  8570  8570  30   4096 
576       6250  4126  4126  79   1    
577       8171  80    80    523  4096 
578       7937  4619  4619  1313 8191 
579       8172  9504  9504  2378 4096 
580       7751  6474  6474  3611 1    
581       8173  3612  3612  4893 4096 
582       9692  8989  8989  6094 8191 
583       4073  14285 14285 7101 4096 
584       9097  11197 11197 7813 1    
585       8170  7814  7814  8162 4096 
586       10132 12258 12258 8113 8191 
587       4067  16304 16304 7669 4096 
588       8419  11765 11765 6879 1    
589       8173  6880  6880  5814 4096 
590       8623  9910  9910  4581 8191 
591       4079  12772 12772 3299 4096 
592       6683  7395  7395  2098 1    
593       8170  2099  2099  1091 4096 
594       7277  5187  5187  379  8191 
595       8173  8570  8570  30   4096 
596       6249  4126  4126  79   1    
597       8171  80    80    523  4096 
598       7941  4619  4619  1313 8191 
599       8171  9504  9504  2378 4096 
600       7751  6474  6474  3611 1    
601       8169  3612  3612  4893 4096 
602       9691  8989  8989  6094 8191 
603       8171  14285 14285 7101 4096 
604       9093  11197 11197 7813 1    
605       8173  7814  7814  8162 4096 
606       10123 12258 12258 8113 8191 
607       8172  16304 16304 7669 4096 
608       8413  11765 11765 6879 1    
609       4074  6880  6880  5814 4096 
610       8615  9910  9910  4581 8191 
611       4075  12772 12772 3299 4096 
612       6679  7395  7395  2098 1    
613       8163  2099  2099  1091 4096 
614       7272  5187  5187  379  8191 
615       8173  8570  8570  30   4096 
616       6249  4126  4126  79   1    
617       8173  80    80    523  4096 
618       7936  4619  4619  1313 8191 
619       8171  9504  9504  2378 4096 
620       7752  6474  6474  3611 1    
621       8171  3612  3612  4893 4096 
622       9692  8989  8989  6094 8191 
623       8172  14285 14285 7101 4096 
624       9092  11197 11197 7813 1    
625       8173  7814  7814  8162 4096 
626       10130 12258 12258 8113 8191 
627       4075  16304 16304 7669 4096 
628       8415  11765 11765 6879 1    
629       8172  6880  6880  5814 4096 
630       8621  9910  9910  4581 8191 
631       4074  12772 12772 3299 4096 
632       6681  7395  7395  2098 1    
633       8169  2099  2099  1091 4096 
634       7274  5187  5187  379  8191 
635       8173  8570  8570  30   4096 
636       6253  4126  4126  79   1    
637       8171  80    80    523  4096 
638       7937  4619  4619  1313 8191 
639       8171  9504  9504  2378 4096 
640       7753  6474  6474  3611 1    
641       8171  3612  3612  4893 4096 
642       9688  8989  8989  6094 8191 
643       4075  14285 14285 7101 4096 
644       9091  11197 11197 7813 1    
645       8172  7814  7814  8162 4096 
646       10133 12258 12258 8113 8191 
647       4066  16304 16304 7669 4096 
648       8417  11765 11765 6879 1    
649       4076  6880  6880  5814 4096 
650       8617  9910  9910  4581 8191 
651       4075  12772 12772 3299 4096 
652       6678  7395  7395  2098 1    
653       8172  2099  2099  1091 4096 
654       7274  5187  5187  379  8191 
655       8171  8570  8570  30   4096 
656       6251  4126  4126  79   1    
657       8172  80    80    523  4096 
658       7939  4619  4619  1313 8191 
659       8173  9504  9504  2378 4096 
660       7748  6474  6474  3611 1    
661       8172  3612  3612  4893 4096 
662       9690  8989  8989  6094 8191 
663       4075  14285 14285 7101 4096 
664       9090  11197 11197 7813 1    
665       8171  7814  7814  8162 4096 
666       10125 12258 12258 8113 8191 
667       8172  16304 16304 7669 4096 
668       8414  11765 11765 6879 1    
669       4074  6880  6880  5814 4096 
670       8615  9910  9910  4581 8191 
671       4074  12772 12772 3299 4096 
672       6679  7395  7395  2098 1    
673       8163  2099  2099  1091 4096 
674       7273  5187  5187  379  8191 
675       8171  8570  8570  30   4096 
676       6250  4126  4126  79   1    
677       8172  80    80    523  4096 
678       7938  4619  4619  1313 8191 
679       8170  9504  9504  2378 4096 
680       7749  6474  6474  3611 1    
681       8171  3612  3612  4893 4096 
682       9689  8989  8989  6094 8191 
683       8172  14285 14285 7101 4096 
684       9094  11197 11197 7813 1    
685       8172  7814  7814  8162 4096 
686       10132 12258 12258 8113 8191 
687       4067  16304 16304 7669 4096 
688       8416  11765 11765 6879 1    
689       4076  6880  6880  5814 4096 
690       8619  9910  9910  4581 8191 
691       4076  12772 12772 3299 4096 
692       6679  7395  7395  2098 1    
693       8172  2099  2099  1091 4096 
694       7276  5187  5187  379  8191 
695       8173  8570  8570  30   4096 
696       6253  4126  4126  79   1    
697       8173  80    80    523  4096 
698       7943  4619  4619  1313 8191 
699       8172  9504  9504  2378 4096 
700       7749  6474  6474  3611 1    
701       8173  3612  3612  4893 4096 
702       9691  8989  8989  6094 8191 
703       8172  14285 14285 7101 4096 
704       9091  11197 11197 7813 1    
705       8173  7814  7814  8162 4096 
706       10126 12258 12258 8113 8191 
707       4076  16304 16304 7669 4096 
708       8416  11765 11765 6879 1    
709       4076  6880  6880  5814 4096 
710       8618  9910  9910  4581 8191 
711       4075  12772 12772 3299 4096 
712       6679  7395  7395  2098 1    
713       8172  2099  2099  1091 4096 
714       7279  5187  5187  379  8191 
715       8172  8570  8570  30   4096 
716       6251  4126  4126  79   1    
717       8171  80    80    523  4096 
718       7940  4619  4619  1313 8191 
719       8172  9504  9504  2378 4096 
720       7749  6474  6474  3611 1    
721       8174  3612  3612  4893 4096 
722       9689  8989  8989  6094 8191 
723       4077  14285 14285 7101 4096 
724       9089  11197 11197 7813 1    
725       8172  7814  7814  8162 4096 
726       10124 12258 12258 8113 8191 
727       4077  16304 16304 7669 4096 
728       8415  11765 11765 6879 1    
729       8173  6880  6880  5814 4096 
730       8618  9910  9910  4581 8191 
731       4076  12772 12772 3299 4096 
732       6679  7395  7395  2098 1    
733       8175  2099  2099  1091 4096 
734       7275  5187  5187  379  8191 
735       8174  8570  8570  30   4096 
736       6251  4126  4126  79   1    
737       8171  80    80    523  4096 
738       7940  4619  4619  1313 8191 
739       8172  9504  9504  2378 4096 
740       7745  6474  6474  3611 1    
741       8171  3612  3612  4893 4096 
742       9689  8989  8989  6094 8191 
743       4074  14285 14285 7101 4096 
744       9094  11197 11197 7813 1    
745       8171  7814  7814  8162 4096 
746       10132 12258 12258 8113 8191 
747       4078  16304 16304 7669 4096 
748       8416  11765 11765 6879 1    
749       4077  6880  6880  5814 4096 
750       8617  9910  9910  4581 8191 
751       4076  12772 12772 3299 4096 
752       6681  7395  7395  2098 1    
753       8172  2099  2099  1091 4096 
754       7274  5187  5187  379  8191 
755       8173  8570  8570  30   4096 
756       6250  4126  4126  79   1    
757       8172  80    80    523  4096 
758       7940  4619  4619  1313 8191 
759       8173  9504  9504  2378 4096 
760       7750  6474  6474  3611 1    
761       8172  3612  3612  4893 4096 
762       9691  8989  8989  6094 8191 
763       8172  14285 14285 7101 4096 
764       9090  11197 11197 7813 1    
765       8174  7814  7814  8162 4096 
766       10126 12258 12258 8113 8191 
767       4075  16304 16304 7669 4096 
768       8417  11765 11765 6879 1    
769       4078  6880  6880  5814 4096 
770       8617  9910  9910  4581 8191 
771       4077  12772 12772 3299 4096 
772       6680  7395  7395  2098 1    
773       8170  2099  2099  1091 4096 
774       7273  5187  5187  379  8191 
775       8173  8570  8570  30   4096 
776       6252  4126  4126  79   1    
777       8172  80    80    523  4096 
778       7940  4619  4619  1313 8191 
779       8171  9504  9504  2378 4096 
780       7751  6474  6474  3611 1    
781       8171  3612  3612  4893 4096 
782       9689  8989  8989  6094 8191 
783       4076  14285 14285 7101 4096 
784       9090  11197 11197 7813 1    
785       8172  7814  7814  8162 4096 
786       10129 12258 12258 8113 8191 
787       4074  16304 16304 7669 4096 
788       8416  11765 11765 6879 1    
789       4076  6880  6880  5814 4096 
790       8615  9910  9910  4581 8191 
791       4077  12772 12772 3299 4096 
792       6679  7395  7395  2098 1    
793       8172  2099  2099  1091 4096 
794       7275  5187  5187  379  8191 
795       8174  8570  8570  30   4096 
796       6253  4126  4126  79   1    
797       8170  80    80    523  4096 
798       7943  4619  4619  1313 8191 
799       8173  9504  9504  2378 4096 
800       7751  6474  6474  3611 1    
801       8174  3612  3612  4893 4096 
802       9690  8989  8989  6094 8191 
803       4076  14285 14285 7101 4096 
804       9090  11197 11197 7813 1    
805       8172  7814  7814  8162 4096 
806       10127 12258 12258 8113 8191 
807       8174  16304 16304 7669 4096 
808       8413  11765 11765 6879 1    
809       4076  6880  6880  5814 4096 
810       8618  9910  9910  4581 8191 
811       4078  12772 12772 3299 4096 
812       6676  7395  7395  2098 1    
813       8166  2099  2099  1091 4096 
814       7272  5187  5187  379  8191 
815       8169  8570  8570  30   4096 
816       6248  4126  4126  79   1    
817       8172  80    80    523  4096 
818       7941  4619  4619  1313 8191 
819       8172  9504  9504  2378 4096 
820       7749  6474  6474  3611 1    
821       8172  3612  3612  4893 4096 
822       9689  8989  8989  6094 8191 
823       8172  14285 14285 7101 4096 
824       9090  11197 11197 7813 1    
825       8170  7814  7814  8162 4096 
826       10131 12258 12258 8113 8191 
827       4077  16304 16304 7669 4096 
828       8416  11765 11765 6879 1    
829       4079  6880  6880  5814 4096 
830       8616  9910  9910  4581 8191 
831       4077  12772 12772 3299 4096 
832       6681  7395  7395  2098 1    
833       8170  2099  2099  1091 4096 
834       7272  5187  5187  379  8191 
835       8172  8570  8570  30   4096 
836       6248  4126  4126  79   1    
837       8173  80    80    523  4096 
838       7939  4619  4619  1313 8191 
839       8173  9504  9504  2378 4096 
840       7751  6474  6474  3611 1    
841       8173  3612  3612  4893 4096 
842       9686  8989  8989  6094 8191 
843       4076  14285 14285 7101 4096 
844       9092  11197 11197 7813 1    
845       8172  7814  7814  8162 4096 
846       10126 12258 12258 8113 8191 
847       4075  16304 16304 7669 4096 
848       8417  11765 11765 6879 1    
849       4076  6880  6880  5814 4096 
850       8620  9910  9910  4581 8191 
851       4074  12772 12772 3299 4096 
852       6682  7395  7395  2098 1    
853       8172  2099  2099  1091 4096 
854       7271  5187  5187  379  8191 
855       8174  8570  8570  30   4096 
856       6250  4126  4126  79   1    
857       8172  80    80    523  4096 
858       7941  4619  4619  1313 8191 
859       8173  9504  9504  2378 4096 
860       7748  6474  6474  3611 1    
861       8162  3612  3612  4893 4096 
862       9688  8989  8989  6094 8191 
863       4075  14285 14285 7101 4096 
864       9088  11197 11197 7813 1    
865       8173  7814  7814  8162 4096 
866       10130 12258 12258 8113 8191 
867       4074  16304 16304 7669 4096 
868       8416  11765 11765 6879 1    
869       4078  6880  6880  5814 4096 
870       8615  9910  9910  4581 8191 
871       4077  12772 12772 3299 4096 
872       6681  7395  7395  2098 1    
873       8171  2099  2099  1091 4096 
874       7271  5187  5187  379  8191 
875       8174  8570  8570  30   4096 
876       6245  4126  4126  79   1    
877       8172  80    80    523  4096 
878       7940  4619  4619  1313 8191 
879       8171  9504  9504  2378 4096 
880       7751  6474  6474  3611 1    
881       8171  3612  3612  4893 4096 
882       9687  8989  8989  6094 8191 
883       4075  14285 14285 7101 4096 
884       9092  11197 11197 7813 1    
885       8172  7814  7814  8162 4096 
886       10125 12258 12258 8113 8191 
887       8173  16304 16304 7669 4096 
888       8416  11765 11765 6879 1    
889       4075  6880  6880  5814 4096 
890       8616  9910  9910  4581 8191 
891       4075  12772 12772 3299 4096 
892       6677  7395  7395  2098 1    
893       8170  2099  2099  1091 4096 
894       7273  5187  5187  379  8191 
895       8173  8570  8570  30   4096 
896       6249  4126  4126  79   1    
897       8172  80    80    523  4096 
898       7939  4619  4619  1313 8191 
899       8173  9504  9504  2378 4096 
900       7749  6474  6474  3611 1    
901       8172  3612  3612  4893 4096 
902       9686  8989  8989  6094 8191 
903       4078  14285 14285 7101 4096 
904       9092  11197 11197 7813 1    
905       8173  7814  7814  8162 4096 
906       10126 12258 12258 8113 8191 
907       4079  16304 16304 7669 4096 
908       8416  11765 11765 6879 1    
909       4073  6880  6880  5814 4096 
910       8619  9910  9910  4581 8191 
911       8171  12772 12772 3299 4096 
912       6681  7395  7395  2098 1    
913       8171  2099  2099  1091 4096 
914       7274  5187  5187  379  8191 
915       8174  8570  8570  30   4096 
916       6249  4126  4126  79   1    
917       8174  80    80    523  4096 
918       7939  4619  4619  1313 8191 
919       8171  9504  9504  2378 4096 
920       7752  6474  6474  3611 1    
921       8172  3612  3612  4893 4096 
922       9685  8989  8989  6094 8191 
923       8172  14285 14285 7101 4096 
924       9091  11197 11197 7813 1    
925       8171  7814  7814  8162 4096 
926       10121 12258 12258 8113 8191 
927       4073  16304 16304 7669 4096 
928       8418  11765 11765 6879 1    
929       8172  6880  6880  5814 4096 
930       8616  9910  9910  4581 8191 
931       4075  12772 12772 3299 4096 
932       6682  7395  7395  2098 1    
933       8171  2099  2099  1091 4096 
934       7272  5187  5187  379  8191 
935       8172  8570  8570  30   4096 
936       6247  4126  4126  79   1    
937       8167  80    80    523  4096 
938       7940  4619  4619  1313 8191 
939       8171  9504  9504  2378 4096 
940       7753  6474  6474  3611 1    
941       8174  3612  3612  4893 4096 
942       9691  8989  8989  6094 8191 
943       8171  14285 14285 7101 4096 
944       9091  11197 11197 7813 1    
945       8173  7814  7814  8162 4096 
946       10128 12258 12258 8113 8191 
947       4076  16304 16304 7669 4096 
948       8418  11765 11765 6879 1    
949       4075  6880  6880  5814 4096 
950       8618  9910  9910  4581 8191 
951       4076  12772 12772 3299 4096 
952       6681  7395  7395  2098 1    
953       8173  2099  2099  1091 4096 
954       7275  5187  5187  379  8191 
955       8173  8570  8570  30   4096 
956       6249  4126  4126  79   1    
957       8170  80    80    523  4096 
958       7938  4619  4619  1313 8191 
959       8172  9504  9504  2378 4096 
960       7748  6474  6474  3611 1    
961       8170  3612  3612  4893 4096 
962       9690  8989  8989  6094 8191 
963       8174  14285 14285 7101 4096 
964       9095  11197 11197 7813 1    
965       8170  7814  7814  8162 4096 
966       10130 12258 12258 8113 8191 
967       4076  16304 16304 7669 4096 
968       8418  11765 11765 6879 1    
969       4075  6880  6880  5814 4096 
970       8617  9910  9910  4581 8191 
971       4074  12772 12772 3299 4096 
972       6674  7395  7395  2098 1    
973       8170  2099  2099  1091 4096 
974       7276  5187  5187  379  8191 
975       8173  8570  8570  30   4096 
976       6251  4126  4126  79   1    
977       8172  80    80    523  4096 
978       7938  4619  4619  1313 8191 
979       8172  9504  9504  2378 4096 
980       7747  6474  6474  3611 1    
981       8171  3612  3612  4893 4096 
982       9691  8989  8989  6094 8191 
983       8173  14285 14285 7101 4096 
984       9092  11197 11197 7813 1    
985       4075  7814  7814  8162 4096 
986       10127 12258 12258 8113 8191 
987       8173  16304 16304 7669 4096 
988       8416  11765 11765 6879 1    
989       4076  6880  6880  5814 4096 
990       8613  9910  9910  4581 8191 
991       4067  12772 12772 3299 4096 
992       6678  7395  7395  2098 1    
993       8163  2099  2099  1091 4096 
994       7276  5187  5187  379  8191 
995       8172  8570  8570  30   4096 
996       6250  4126  4126  79   1    
997       8172  80    80    523  4096 
998       7939  4619  4619  1313 8191 
999       8173  9504  9504  2378 4096 
1000      7745  6474  6474  3611 1    
1001      8172  3612  3612  4893 4096 
1002      9687  8989  8989  6094 8191 
1003      8173  14285 14285 7101 4096 
1004      9087  11197 11197 7813 1    
1005      8172  7814  7814  8162 4096 
1006      10127 12258 12258 8113 8191 
1007      4076  16304 16304 7669 4096 
1008      8417  11765 11765 6879 1    
1009      4076  6880  6880  5814 4096 
1010      8617  9910  9910  4581 8191 
1011      4075  12772 12772 3299 4096 
1012      6681  7395  7395  2098 1    
1013      8171  2099  2099  1091 4096 
1014      7273  5187  5187  379  8191 
1015      8173  8570  8570  30   4096 
1016      6246  4126  4126  79   1    
1017      8167  80    80    523  4096 
1018      7939  4619  4619  1313 8191 
1019      8170  9504  9504  2378 4096 
1020      7753  6474  6474  3611 1    
1021      8172  3612  3612  4893 4096 
1022      9694  8989  8989  6094 8191 
1023      8170  14285 14285 7101 4096 
1024      9089  11197 11197 7813 1    
1025      8173  7814  7814  8162 4096 
1026      10125 12258 12258 8113 8191 
1027      8173  16304 16304 7669 4096 
1028      8418  11765 11765 6879 1    
1029      4076  6880  6880  5814 4096 
1030      8617  9910  9910  4581 8191 
1031      4076  12772 12772 3299 4096 
1032      6678  7395  7395  2098 1    
1033      8172  2099  2099  1091 4096 
1034      7275  5187  5187  379  8191 
1035      8172  8570  8570  30   4096 
1036      6246  4126  4126  79   1    
1037      8166  80    80    523  4096 
1038      7939  4619  4619  1313 8191 
1039      8172  9504  9504  2378 4096 
1040      7749  6474  6474  3611 1    
1041      8173  3612  3612  4893 4096 
1042      9688  8989  8989  6094 8191 
1043      4077  14285 14285 7101 4096 
1044      9091  11197 11197 7813 1    
1045      8172  7814  7814  8162 4096 
1046      10128 12258 12258 8113 8191 
1047      4076  16304 16304 7669 4096 
1048      8417  11765 11765 6879 1    
1049      4078  6880  6880  5814 4096 
1050      8620  9910  9910  4581 8191 
1051      4077  12772 12772 3299 4096 
1052      6679  7395  7395  2098 1    
1053      8174  2099  2099  1091 4096 
1054      7273  5187  5187  379  8191 
1055      8174  8570  8570  30   4096 
1056      6250  4126  4126  79   1    
1057      8171  80    80    523  4096 
1058      7941  4619  4619  1313 8191 
1059      8170  9504  9504  2378 4096 
1060      7747  6474  6474  3611 1    
1061      8173  3612  3612  4893 4096 
1062      9692  8989  8989  6094 8191 
1063      4077  14285 14285 7101 4096 
1064      9092  11197 11197 7813 1    
1065      8173  7814  7814  8162 4096 
1066      10130 12258 12258 8113 8191 
1067      4076  16304 16304 7669 4096 
1068      8413  11765 11765 6879 1    
1069      8173  6880  6880  5814 4096 
1070      8618  9910  9910  4581 8191 
1071      4076  12772 12772 3299 4096 
1072      6679  7395  7395  2098 1    
1073      8173  2099  2099  1091 4096 
1074      7275  5187  5187  379  8191 
1075      8175  8570  8570  30   4096 
1076      6250  4126  4126  79   1    
1077      8172  80    80    523  4096 
1078      7938  4619  4619  1313 8191 
1079      8172  9504  9504  2378 4096 
1080      7753  6474  6474  3611 1    
1081      8172  3612  3612  4893 4096 
1082      9691  8989  8989  6094 8191 
1083      8174  14285 14285 7101 4096 
1084      9093  11197 11197 7813 1    
1085      8172  7814  7814  8162 4096 
1086      10131 12258 12258 8113 8191 
1087      4078  16304 16304 7669 4096 
1088      8416  11765 11765 6879 1    
1089      4075  6880  6880  5814 4096 
1090      8615  9910  9910  4581 8191 
1091      8172  12772 12772 3299 4096 
1092      6675  7395  7395  2098 1    
1093      8172  2099  2099  1091 4096 
1094      7275  5187  5187  379  8191 
1095      8169  8570  8570  30   4096 
1096      6249  4126  4126  79   1    
1097      8171  80    80    523  4096 
1098      7938  4619  4619  1313 8191 
1099      8172  9504  9504  2378 4096 
1100      7746  6474  6474  3611 1    
1101      8171  3612  3612  4893 4096 
1102      9691  8989  8989  6094 8191 
1103      8171  14285 14285 7101 4096 
1104      9091  11197 11197 7813 1    
1105      8173  7814  7814  8162 4096 
1106      10128 12258 12258 8113 8191 
1107      4075  16304 16304 7669 4096 
1108      8414  11765 11765 6879 1    
1109      8172  6880  6880  5814 4096 
1110      8617  9910  9910  4581 8191 
1111      4076  12772 12772 3299 4096 
1112      6681  7395  7395  2098 1    
1113      8171  2099  2099  1091 4096 
1114      7274  5187  5187  379  8191 
1115      8173  8570  8570  30   4096 
1116      6249  4126  4126  79   1    
1117      8171  80    80    523  4096 
1118      7936  4619  4619  1313 8191 
1119      8173  9504  9504  2378 4096 
1120      7744  6474  6474  3611 1    
1121      8172  3612  3612  4893 4096 
1122      9691  8989  8989  6094 8191 
1123      8173  14285 14285 7101 4096 
1124      9092  11197 11197 7813 1    
1125      4075  7814  7814  8162 4096 
1126      10129 12258 12258 8113 8191 
1127      4075  16304 16304 7669 4096 
1128      8418  11765 11765 6879 1    
1129      4076  6880  6880  5814 4096 
1130      8620  9910  9910  4581 8191 
1131      4077  12772 12772 3299 4096 
1132      6679  7395  7395  2098 1    
1133      8173  2099  2099  1091 4096 
1134      7275  5187  5187  379  8191 
1135      8172  8570  8570  30   4096 
1136      6252  4126  4126  79   1    
1137      8171  80    80    523  4096 
1138      7936  4619  4619  1313 8191 
1139      8172  9504  9504  2378 4096 
1140      7745  6474  6474  3611 1    
1141      8172  3612  3612  4893 4096 
1142      9689  8989  8989  6094 8191 
1143      8172  14285 14285 7101 4096 
1144      9089  11197 11197 7813 1    
1145      8172  7814  7814  8162 4096 
1146      10127 12258 12258 8113 8191 
1147      8172  16304 16304 7669 4096 
1148      8418  11765 11765 6879 1    
1149      4076  6880  6880  5814 4096 
1150      8619  9910  9910  4581 8191 
1151      4076  12772 12772 3299 4096 
1152      6679  7395  7395  2098 1    
1153      8175  2099  2099  1091 4096 
1154      7277  5187  5187  379  8191 
1155      8172  8570  8570  30   4096 
1156      6250  4126  4126  79   1    
1157      8172  80    80    523  4096 
1158      7943  4619  4619  1313 8191 
1159      8171  9504  9504  2378 4096 
1160      7747  6474  6474  3611 1    
1161      8173  3612  3612  4893 4096 
1162      9690  8989  8989  6094 8191 
1163      4078  14285 14285 7101 4096 
1164      9090  11197 11197 7813 1    
1165      8170  7814  7814  8162 4096 
1166      10128 12258 12258 8113 8191 
1167      4076  16304 16304 7669 4096 
1168      8417  11765 11765 6879 1    
1169      8172  6880  6880  5814 4096 
1170      8620  9910  9910  4581 8191 
1171      4076  12772 12772 3299 4096 
1172      6677  7395  7395  2098 1    
1173      8167  2099  2099  1091 4096 
1174      7271  5187  5187  379  8191 
1175      8171  8570  8570  30   4096 
1176      6247  4126  4126  79   1    
1177      8163  80    80    523  4096 
1178      7938  4619  4619  1313 8191 
1179      8170  9504  9504  2378 4096 
1180      7749  6474  6474  3611 1    
1181      8172  3612  3612  4893 4096 
1182      9690  8989  8989  6094 8191 
1183      4076  14285 14285 7101 4096 
1184      9092  11197 11197 7813 1    
1185      8172  7814  7814  8162 4096 
1186      10127 12258 12258 8113 8191 
1187      8172  16304 16304 7669 4096 
1188      8419  11765 11765 6879 1    
1189      4077  6880  6880  5814 4096 
1190      8619  9910  9910  4581 8191 
1191      4076  12772 12772 3299 4096 
1192      6679  7395  7395  2098 1    
1193      8172  2099  2099  1091 4096 
1194      7277  5187  5187  379  8191 
1195      8172  8570  8570  30   4096 
1196      6248  4126  4126  79   1    
1197      8172  80    80    523  4096 
1198      7939  4619  4619  1313 8191 
1199      8171  9504  9504  2378 4096 
1200      7749  6474  6474  3611 1    
1201      8171  3612  3612  4893 4096 
1202      9687  8989  8989  6094 8191 
1203      8173  14285 14285 7101 4096 
1204      9094  11197 11197 7813 1    
1205      8171  7814  7814  8162 4096 
1206      10133 12258 12258 8113 8191 
1207      4076  16304 16304 7669 4096 
1208      8415  11765 11765 6879 1    
1209      8173  6880  6880  5814 4096 
1210      8617  9910  9910  4581 8191 
1211      4074  12772 12772 3299 4096 
1212      6680  7395  7395  2098 1    
1213      8170  2099  2099  1091 4096 
1214      7272  5187  5187  379  8191 
1215      8173  8570  8570  30   4096 
1216      6249  4126  4126  79   1    
1217      8172  80    80    523  4096 
1218      7940  4619  4619  1313 8191 
1219      8172  9504  9504  2378 4096 
1220      7750  6474  6474  3611 1    
1221      8171  3612  3612  4893 4096 
1222      9692  8989  8989  6094 8191 
1223      4076  14285 14285 7101 4096 
1224      9093  11197 11197 7813 1    
1225      8171  7814  7814  8162 4096 
1226      10137 12258 12258 8113 8191 
1227      4077  16304 16304 7669 4096 
1228      8417  11765 11765 6879 1    
1229      4076  6880  6880  5814 4096 
1230      8616  9910  9910  4581 8191 
1231      4075  12772 12772 3299 4096 
1232      6679  7395  7395  2098 1    
1233      8172  2099  2099  1091 4096 
1234      7271  5187  5187  379  8191 
1235      8171  8570  8570  30   4096 
1236      6249  4126  4126  79   1    
1237      8171  80    80    523  4096 
1238      7939  4619  4619  1313 8191 
1239      8173  9504  9504  2378 4096 
1240      7750  6474  6474  3611 1    
1241      8171  3612  3612  4893 4096 
1242      9690  8989  8989  6094 8191 
1243      8172  14285 14285 7101 4096 
1244      9087  11197 11197 7813 1    
1245      8171  7814  7814  8162 4096 
1246      10131 12258 12258 8113 8191 
1247      4077  16304 16304 7669 4096 
1248      8418  11765 11765 6879 1    
1249      4076  6880  6880  5814 4096 
1250      8617  9910  9910  4581 8191 
1251      4075  12772 12772 3299 4096 
1252      6679  7395  7395  2098 1    
1253      8169  2099  2099  1091 4096 
1254      7275  5187  5187  379  8191 
1255      8173  8570  8570  30   4096 
1256      6251  4126  4126  79   1    
1257      8171  80    80    523  4096 
1258      7943  4619  4619  1313 8191 
1259      8170  9504  9504  2378 4096 
1260      7759  6474  6474  3611 1    
1261      8172  3612  3612  4893 4096 
1262      9694  8989  8989  6094 8191 
1263      4074  14285 14285 7101 4096 
1264      9092  11197 11197 7813 1    
1265      8170  7814  7814  8162 4096 
1266      10128 12258 12258 8113 8191 
1267      4075  16304 16304 7669 4096 
1268      8414  11765 11765 6879 1    
1269      4075  6880  6880  5814 4096 
1270      8616  9910  9910  4581 8191 
1271      4076  12772 12772 3299 4096 
1272      6681  7395  7395  2098 1    
1273      8172  2099  2099  1091 4096 
1274      7276  5187  5187  379  8191 
1275      8172  8570  8570  30   4096 
1276      6248  4126  4126  79   1    
1277      8171  80    80    523  4096 
1278      7941  4619  4619  1313 8191 
1279      8170  9504  9504  2378 4096 
1280      7748  6474  6474  3611 1    
1281      8173  3612  3612  4893 4096 
1282      9690  8989  8989  6094 8191 
1283      8172  14285 14285 7101 4096 
1284      9094  11197 11197 7813 1    
1285      8173  7814  7814  8162 4096 
1286      10134 12258 12258 8113 8191 
1287      4066  16304 16304 7669 4096 
1288      8420  11765 11765 6879 1    
1289      4075  6880  6880  5814 4096 
1290      8614  9910  9910  4581 8191 
1291      4067  12772 12772 3299 4096 
1292      6680  7395  7395  2098 1    
1293      8171  2099  2099  1091 4096 
1294      7275  5187  5187  379  8191 
1295      8173  8570  8570  30   4096 
1296      6248  4126  4126  79   1    
1297      8171  80    80    523  4096 
1298      7940  4619  4619  1313 8191 
1299      8173  9504  9504  2378 4096 
1300      7749  6474  6474  3611 1    
1301      8169  3612  3612  4893 4096 
1302      9691  8989  8989  6094 8191 
1303      8173  14285 14285 7101 4096 
1304      9094  11197 11197 7813 1    
1305      8173  7814  7814  8162 4096 
1306      10128 12258 12258 8113 8191 
1307      4076  16304 16304 7669 4096 
1308      8417  11765 11765 6879 1    
1309      8173  6880  6880  5814 4096 
1310      8616  9910  9910  4581 8191 
1311      4076  12772 12772 3299 4096 
1312      6678  7395  7395  2098 1    
1313      8167  2099  2099  1091 4096 
1314      7271  5187  5187  379  8191 
1315      8172  8570  8570  30   4096 
1316      6250  4126  4126  79   1    
1317      8170  80    80    523  4096 
1318      7939  4619  4619  1313 8191 
1319      8173  9504  9504  2378 4096 
1320      7747  6474  6474  3611 1    
1321      8171  3612  3612  4893 4096 
1322      9692  8989  8989  6094 8191 
1323      4076  14285 14285 7101 4096 
1324      9096  11197 11197 7813 1    
1325      8173  7814  7814  8162 4096 
1326      10129 12258 12258 8113 8191 
1327      4077  16304 16304 7669 4096 
1328      8418  11765 11765 6879 1    
1329      4075  6880  6880  5814 4096 
1330      8622  9910  9910  4581 8191 
1331      4076  12772 12772 3299 4096 
1332      6678  7395  7395  2098 1    
1333      8172  2099  2099  1091 4096 
1334      7271  5187  5187  379  8191 
1335      8172  8570  8570  30   4096 
1336      6249  4126  4126  79   1    
1337      8172  80    80    523  4096 
1338      7939  4619  4619  1313 8191 
1339      8172  9504  9504  2378 4096 
1340      7752  6474  6474  3611 1    
1341      8170  3612  3612  4893 4096 
1342      9689  8989  8989  6094 8191 
1343      8172  14285 14285 7101 4096 
1344      9090  11197 11197 7813 1    
1345      8170  7814  7814  8162 4096 
1346      10126 12258 12258 8113 8191 
1347      8172  16304 16304 7669 4096 
1348      8416  11765 11765 6879 1    
1349      4074  6880  6880  5814 4096 
1350      8622  9910  9910  4581 8191 
1351      4072  12772 12772 3299 4096 
1352      6679  7395  7395  2098 1    
1353      8173  2099  2099  1091 4096 
1354      7274  5187  5187  379  8191 
1355      8173  8570  8570  30   4096 
1356      6249  4126  4126  79   1    
1357      8172  80    80    523  4096 
1358      7939  4619  4619  1313 8191 
1359      8172  9504  9504  2378 4096 
1360      7748  6474  6474  3611 1    
1361      8163  3612  3612  4893 4096 
1362      9687  8989  8989  6094 8191 
1363      8170  14285 14285 7101 4096 
1364      9093  11197 11197 7813 1    
1365      8173  7814  7814  8162 4096 
1366      10129 12258 12258 8113 8191 
1367      4076  16304 16304 7669 4096 
1368      8415  11765 11765 6879 1    
1369      8172  6880  6880  5814 4096 
1370      8618  9910  9910  4581 8191 
1371      4076  12772 12772 3299 4096 
1372      6679  7395  7395  2098 1    
1373      8172  2099  2099  1091 4096 
1374      7274  5187  5187  379  8191 
1375      8172  8570  8570  30   4096 
1376      6246  4126  4126  79   1    
1377      8172  80    80    523  4096 
1378      7940  4619  4619  1313 8191 
1379      8173  9504  9504  2378 4096 
1380      7751  6474  6474  3611 1    
1381      8171  3612  3612  4893 4096 
1382      9694  8989  8989  6094 8191 
1383      4074  14285 14285 7101 4096 
1384      9095  11197 11197 7813 1    
1385      8173  7814  7814  8162 4096 
1386      10136 12258 12258 8113 8191 
1387      4075  16304 16304 7669 4096 
1388      8413  11765 11765 6879 1    
1389      8173  6880  6880  5814 4096 
1390      8620  9910  9910  4581 8191 
1391      4075  12772 12772 3299 4096 
1392      6680  7395  7395  2098 1    
1393      8172  2099  2099  1091 4096 
1394      7272  5187  5187  379  8191 
1395      8169  8570  8570  30   4096 
1396      6251  4126  4126  79   1    
1397      8173  80    80    523  4096 
1398      7940  4619  4619  1313 8191 
1399      8173  9504  9504  2378 4096 
1400      7752  6474  6474  3611 1    
1401      8171  3612  3612  4893 4096 
1402      9691  8989  8989  6094 8191 
1403      8174  14285 14285 7101 4096 
1404      9095  11197 11197 7813 1    
1405      8172  7814  7814  8162 4096 
1406      10132 12258 12258 8113 8191 
1407      4077  16304 16304 7669 4096 
1408      8416  11765 11765 6879 1    
1409      4077  6880  6880  5814 4096 
1410      8616  9910  9910  4581 8191 
1411      4076  12772 12772 3299 4096 
1412      6681  7395  7395  2098 1    
1413      8172  2099  2099  1091 4096 
1414      7274  5187  5187  379  8191 
1415      8172  8570  8570  30   4096 
1416      6249  4126  4126  79   1    
1417      8172  80    80    523  4096 
1418      7943  4619  4619  1313 8191 
1419      8172  9504  9504  2378 4096 
1420      7746  6474  6474  3611 1    
1421      8172  3612  3612  4893 4096 
1422      9691  8989  8989  6094 8191 
1423      8172  14285 14285 7101 4096 
1424      9091  11197 11197 7813 1    
1425      8171  7814  7814  8162 4096 
1426      10127 12258 12258 8113 8191 
1427      8173  16304 16304 7669 4096 
1428      8418  11765 11765 6879 1    
1429      4078  6880  6880  5814 4096 
1430      8618  9910  9910  4581 8191 
1431      4076  12772 12772 3299 4096 
1432      6679  7395  7395  2098 1    
1433      8175  2099  2099  1091 4096 
1434      7272  5187  5187  379  8191 
1435      8173  8570  8570  30   4096 
1436      6247  4126  4126  79   1    
1437      8173  80    80    523  4096 
1438      7938  4619  4619  1313 8191 
1439      8172  9504  9504  2378 4096 
1440      7753  6474  6474  3611 1    
1441      8170  3612  3612  4893 4096 
1442      9691  8989  8989  6094 8191 
1443      8171  14285 14285 7101 4096 
1444      9093  11197 11197 7813 1    
1445      8174  7814  7814  8162 4096 
1446      10128 12258 12258 8113 8191 
1447      4075  16304 16304 7669 4096 
1448      8417  11765 11765 6879 1    
1449      8173  6880  6880  5814 4096 
1450      8619  9910  9910  4581 8191 
1451      4075  12772 12772 3299 4096 
1452      6682  7395  7395  2098 1    
1453      8172  2099  2099  1091 4096 
1454      7278  5187  5187  379  8191 
1455      8171  8570  8570  30   4096 
1456      6252  4126  4126  79   1    
1457      8172  80    80    523  4096 
1458      7935  4619  4619  1313 8191 
1459      8173  9504  9504  2378 4096 
1460      7747  6474  6474  3611 1    
1461      8174  3612  3612  4893 4096 
1462      9691  8989  8989  6094 8191 
1463      8174  14285 14285 7101 4096 
1464      9093  11197 11197 7813 1    
1465      8172  7814  7814  8162 4096 
1466      10127 12258 12258 8113 8191 
1467      8173  16304 16304 7669 4096 
1468      8419  11765 11765 6879 1    
1469      4076  6880  6880  5814 4096 
1470      8617  9910  9910  4581 8191 
1471      4074  12772 12772 3299 4096 
1472      6680  7395  7395  2098 1    
1473      8171  2099  2099  1091 4096 
1474      7258  5187  5187  379  8191 
1475      8171  8570  8570  30   4096 
1476      6243  4126  4126  79   1    
1477      8173  80    80    523  4096 
1478      7941  4619  4619  1313 8191 
1479      8173  9504  9504  2378 4096 
1480      7745  6474  6474  3611 1    
1481      8174  3612  3612  4893 4096 
1482      9689  8989  8989  6094 8191 
1483      8172  14285 14285 7101 4096 
1484      9090  11197 11197 7813 1    
1485      8172  7814  7814  8162 4096 
1486      10130 12258 12258 8113 8191 
1487      4076  16304 16304 7669 4096 
1488      8421  11765 11765 6879 1    
1489      8174  6880  6880  5814 4096 
1490      8615  9910  9910  4581 8191 
1491      4076  12772 12772 3299 4096 
1492      6679  7395  7395  2098 1    
1493      8172  2099  2099  1091 4096 
1494      7272  5187  5187  379  8191 
1495      8172  8570  8570  30   4096 
1496      6245  4126  4126  79   1    
1497      8167  80    80    523  4096 
1498      7942  4619  4619  1313 8191 
1499      8173  9504  9504  2378 4096 
1500      7748  6474  6474  3611 1    
1501      8173  3612  3612  4893 4096 
1502      9688  8989  8989  6094 8191 
1503      4076  14285 14285 7101 4096 
1504      9093  11197 11197 7813 1    
1505      8174  7814  7814  8162 4096 
1506      10133 12258 12258 8113 8191 
1507      4066  16304 16304 7669 4096 
1508      8413  11765 11765 6879 1    
1509      4074  6880  6880  5814 4096 
1510      8621  9910  9910  4581 8191 
1511      4075  12772 12772 3299 4096 
1512      6680  7395  7395  2098 1    
1513      8172  2099  2099  1091 4096 
1514      7275  5187  5187  379  8191 
1515      8173  8570  8570  30   4096 
1516      6249  4126  4126  79   1    
1517      8172  80    80    523  4096 
1518      7939  4619  4619  1313 8191 
1519      8172  9504  9504  2378 4096 
1520      7752  6474  6474  3611 1    
1521      8172  3612  3612  4893 4096 
1522      9696  8989  8989  6094 8191 
1523      4076  14285 14285 7101 4096 
1524      9091  11197 11197 7813 1    
1525      8172  7814  7814  8162 4096 
1526      10128 12258 12258 8113 8191 
1527      4076  16304 16304 7669 4096 
1528      8415  11765 11765 6879 1    
1529      8173  6880  6880  5814 4096 
1530      8614  9910  9910  4581 8191 
1531      4076  12772 12772 3299 4096 
1532      6676  7395  7395  2098 1    
1533      8166  2099  2099  1091 4096 
1534      7274  5187  5187  379  8191 
1535      8173  8570  8570  30   4096 
1536      6247  4126  4126  79   1    
1537      8167  80    80    523  4096 
1538      7942  4619  4619  1313 8191 
1539      8170  9504  9504  2378 4096 
1540      7749  6474  6474  3611 1    
1541      8163  3612  3612  4893 4096 
1542      9693  8989  8989  6094 8191 
1543      4074  14285 14285 7101 4096 
1544      9099  11197 11197 7813 1    
1545      8171  7814  7814  8162 4096 
1546      10134 12258 12258 8113 8191 
1547      4067  16304 16304 7669 4096 
1548      8414  11765 11765 6879 1    
1549      4077  6880  6880  5814 4096 
1550      8618  9910  9910  4581 8191 
1551      4076  12772 12772 3299 4096 
1552      6679  7395  7395  2098 1    
1553      8174  2099  2099  1091 4096 
1554      7275  5187  5187  379  8191 
1555      8170  8570  8570  30   4096 
1556      6252  4126  4126  79   1    
1557      8172  80    80    523  4096 
1558      7939  4619  4619  1313 8191 
1559      8173  9504  9504  2378 4096 
1560      7754  6474  6474  3611 1    
1561      8170  3612  3612  4893 4096 
1562      9690  8989  8989  6094 8191 
1563      4076  14285 14285 7101 4096 
1564      9092  11197 11197 7813 1    
1565      8169  7814  7814  8162 4096 
1566      10134 12258 12258 8113 8191 
1567      4076  16304 16304 7669 4096 
1568      8416  11765 11765 6879 1    
1569      4076  6880  6880  5814 4096 
1570      8618  9910  9910  4581 8191 
1571      4074  12772 12772 3299 4096 
1572      6678  7395  7395  2098 1    
1573      8163  2099  2099  1091 4096 
1574      7272  5187  5187  379  8191 
1575      8172  8570  8570  30   4096 
1576      6250  4126  4126  79   1    
1577      8170  80    80    523  4096 
1578      7939  4619  4619  1313 8191 
1579      8172  9504  9504  2378 4096 
1580      7749  6474  6474  3611 1    
1581      8171  3612  3612  4893 4096 
1582      9688  8989  8989  6094 8191 
1583      4074  14285 14285 7101 4096 
1584      9092  11197 11197 7813 1    
1585      8173  7814  7814  8162 4096 
1586      10125 12258 12258 8113 8191 
1587      8172  16304 16304 7669 4096 
1588      8418  11765 11765 6879 1    
1589      4076  6880  6880  5814 4096 
1590      8620  9910  9910  4581 8191 
1591      4076  12772 12772 3299 4096 
1592      6679  7395  7395  2098 1    
1593      8167  2099  2099  1091 4096 
1594      7275  5187  5187  379  8191 
1595      8171  8570  8570  30   4096 
1596      6248  4126  4126  79   1    
1597      8170  80    80    523  4096 
1598      7940  4619  4619  1313 8191 
1599      8170  9504  9504  2378 4096 
1600      7757  6474  6474  3611 1    
1601      8172  3612  3612  4893 4096 
1602      9687  8989  8989  6094 8191 
1603      4078  14285 14285 7101 4096 
1604      9091  11197 11197 7813 1    
1605      8172  7814  7814  8162 4096 
1606      10131 12258 12258 8113 8191 
1607      4075  16304 16304 7669 4096 
1608      8418  11765 11765 6879 1    
1609      4076  6880  6880  5814 4096 
1610      8616  9910  9910  4581 8191 
1611      4076  12772 12772 3299 4096 
1612      6678  7395  7395  2098 1    
1613      8167  2099  2099  1091 4096 
1614      7275  5187  5187  379  8191 
1615      8172  8570  8570  30   4096 
1616      6249  4126  4126  79   1    
1617      8171  80    80    523  4096 
1618      7942  4619  4619  1313 8191 
1619      8169  9504  9504  2378 4096 
1620      7746  6474  6474  3611 1    
1621      8172  3612  3612  4893 4096 
1622      9690  8989  8989  6094 8191 
1623      4073  14285 14285 7101 4096 
1624      9089  11197 11197 7813 1    
1625      8170  7814  7814  8162 4096 
1626      10126 12258 12258 8113 8191 
1627      8172  16304 16304 7669 4096 
1628      8420  11765 11765 6879 1    
1629      4075  6880  6880  5814 4096 
1630      8619  9910  9910  4581 8191 
1631      4073  12772 12772 3299 4096 
1632      6679  7395  7395  2098 1    
1633      8174  2099  2099  1091 4096 
1634      7275  5187  5187  379  8191 
1635      8172  8570  8570  30   4096 
1636      6251  4126  4126  79   1    
1637      8172  80    80    523  4096 
1638      7940  4619  4619  1313 8191 
1639      8172  9504  9504  2378 4096 
1640      7749  6474  6474  3611 1    
1641      8169  3612  3612  4893 4096 
1642      9689  8989  8989  6094 8191 
1643      8173  14285 14285 7101 4096 
1644      9090  11197 11197 7813 1    
1645      8171  7814  7814  8162 4096 
1646      10126 12258 12258 8113 8191 
1647      8172  16304 16304 7669 4096 
1648      8415  11765 11765 6879 1    
1649      8172  6880  6880  5814 4096 
1650      8621  9910  9910  4581 8191 
1651      4075  12772 12772 3299 4096 
1652      6676  7395  7395  2098 1    
1653      8161  2099  2099  1091 4096 
1654      7275  5187  5187  379  8191 
1655      8172  8570  8570  30   4096 
1656      6251  4126  4126  79   1    
1657      8171  80    80    523  4096 
1658      7938  4619  4619  1313 8191 
1659      8172  9504  9504  2378 4096 
1660      7752  6474  6474  3611 1    
1661      8172  3612  3612  4893 4096 
1662      9691  8989  8989  6094 8191 
1663      8169  14285 14285 7101 4096 
1664      9093  11197 11197 7813 1    
1665      8171  7814  7814  8162 4096 
1666      10135 12258 12258 8113 8191 
1667      8173  16304 16304 7669 4096 
1668      8415  11765 11765 6879 1    
1669      8172  6880  6880  5814 4096 
1670      8617  9910  9910  4581 8191 
1671      4077  12772 12772 3299 4096 
1672      6682  7395  7395  2098 1    
1673      8172  2099  2099  1091 4096 
1674      7279  5187  5187  379  8191 
1675      8170  8570  8570  30   4096 
1676      6252  4126  4126  79   1    
1677      8172  80    80    523  4096 
1678      7939  4619  4619  1313 8191 
1679      8175  9504  9504  2378 4096 
1680      7751  6474  6474  3611 1    
1681      8171  3612  3612  4893 4096 
1682      9690  8989  8989  6094 8191 
1683      4078  14285 14285 7101 4096 
1684      9090  11197 11197 7813 1    
1685      8170  7814  7814  8162 4096 
1686      10133 12258 12258 8113 8191 
1687      4077  16304 16304 7669 4096 
1688      8417  11765 11765 6879 1    
1689      4074  6880  6880  5814 4096 
1690      8619  9910  9910  4581 8191 
1691      8171  12772 12772 3299 4096 
1692      6679  7395  7395  2098 1    
1693      8171  2099  2099  1091 4096 
1694      7269  5187  5187  379  8191 
1695      8173  8570  8570  30   4096 
1696      6249  4126  4126  79   1    
1697      8173  80    80    523  4096 
1698      7941  4619  4619  1313 8191 
1699      8173  9504  9504  2378 4096 
1700      7750  6474  6474  3611 1    
1701      8163  3612  3612  4893 4096 
1702      9689  8989  8989  6094 8191 
1703      8172  14285 14285 7101 4096 
1704      9089  11197 11197 7813 1    
1705      8169  7814  7814  8162 4096 
1706      10122 12258 12258 8113 8191 
1707      4075  16304 16304 7669 4096 
1708      8418  11765 11765 6879 1    
1709      8172  6880  6880  5814 4096 
1710      8617  9910  9910  4581 8191 
1711      4076  12772 12772 3299 4096 
1712      6679  7395  7395  2098 1    
1713      8175  2099  2099  1091 4096 
1714      7272  5187  5187  379  8191 
1715      8173  8570  8570  30   4096 
1716      6248  4126  4126  79   1    
1717      8170  80    80    523  4096 
1718      7942  4619  4619  1313 8191 
1719      8174  9504  9504  2378 4096 
1720      7748  6474  6474  3611 1    
1721      8172  3612  3612  4893 4096 
1722      9687  8989  8989  6094 8191 
1723      8174  14285 14285 7101 4096 
1724      9092  11197 11197 7813 1    
1725      8172  7814  7814  8162 4096 
1726      10128 12258 12258 8113 8191 
1727      4076  16304 16304 7669 4096 
1728      8417  11765 11765 6879 1    
1729      8173  6880  6880  5814 4096 
1730      8621  9910  9910  4581 8191 
1731      4077  12772 12772 3299 4096 
1732      6679  7395  7395  2098 1    
1733      8165  2099  2099  1091 4096 
1734      7269  5187  5187  379  8191 
1735      8173  8570  8570  30   4096 
1736      6249  4126  4126  79   1    
1737      8169  80    80    523  4096 
1738      7941  4619  4619  1313 8191 
1739      8171  9504  9504  2378 4096 
1740      7748  6474  6474  3611 1    
1741      8172  3612  3612  4893 4096 
1742      9689  8989  8989  6094 8191 
1743      4075  14285 14285 7101 4096 
1744      9097  11197 11197 7813 1    
1745      8173  7814  7814  8162 4096 
1746      10126 12258 12258 8113 8191 
1747      8172  16304 16304 7669 4096 
1748      8414  11765 11765 6879 1    
1749      4075  6880  6880  5814 4096 
1750      8616  9910  9910  4581 8191 
1751      4074  12772 12772 3299 4096 
1752      6680  7395  7395  2098 1    
1753      8170  2099  2099  1091 4096 
1754      7273  5187  5187  379  8191 
1755      8170  8570  8570  30   4096 
1756      6246  4126  4126  79   1    
1757      8163  80    80    523  4096 
1758      7937  4619  4619  1313 8191 
1759      8172  9504  9504  2378 4096 
1760      7753  6474  6474  3611 1    
1761      8173  3612  3612  4893 4096 
1762      9690  8989  8989  6094 8191 
1763      4076  14285 14285 7101 4096 
1764      9095  11197 11197 7813 1    
1765      8173  7814  7814  8162 4096 
1766      10132 12258 12258 8113 8191 
1767      4077  16304 16304 7669 4096 
1768      8420  11765 11765 6879 1    
1769      8172  6880  6880  5814 4096 
1770      8615  9910  9910  4581 8191 
1771      4074  12772 12772 3299 4096 
1772      6677  7395  7395  2098 1    
1773      8165  2099  2099  1091 4096 
1774      7278  5187  5187  379  8191 
1775      8173  8570  8570  30   4096 
1776      6252  4126  4126  79   1    
1777      8171  80    80    523  4096 
1778      7941  4619  4619  1313 8191 
1779      8172  9504  9504  2378 4096 
1780      7749  6474  6474  3611 1    
1781      8173  3612  3612  4893 4096 
1782      9692  8989  8989  6094 8191 
1783      4074  14285 14285 7101 4096 
1784      9095  11197 11197 7813 1    
1785      8173  7814  7814  8162 4096 
1786      10129 12258 12258 8113 8191 
1787      4075  16304 16304 7669 4096 
1788      8415  11765 11765 6879 1    
1789      8171  6880  6880  5814 4096 
1790      8615  9910  9910  4581 8191 
1791      4074  12772 12772 3299 4096 
