Signal Legend:

Key        Signal Name

0        = HSMB_ADC_DB
1        = HSMB_DAC_DA
2        = HSMB_DAC_DB
3        = DE4_ADDA_HSMB_TOP:U1|lpm_add:lpm|dataa
4        = DE4_ADDA_HSMB_TOP:U1|lpm_add:lpm|datab

Data Table:

Signals-> 0     1     2     3    4    

sample

-256      10829 15722 15722 8052 4096 
-255      8443  12148 12148 8185 1    
-254      8378  8186  8186  7919 4096 
-253      10699 12015 12015 7277 8191 
-252      10699 15468 15468 6325 4096 
-251      15400 10421 10421 5155 1    
-250      7208  5156  5156  3881 4096 
-249      13048 7977  7977  2627 8191 
-248      8952  10818 10818 1519 4096 
-247      14284 5615  5615  661  1    
-246      5572  662   662   140  4096 
-245      8019  4236  4236  7    8191 
-244      8019  8198  8198  273  4096 
-243      5714  4369  4369  915  1    
-242      5714  916   916   1867 4096 
-241      13279 5963  5963  3037 8191 
-240      9181  11228 11228 4311 4096 
-239      15675 8407  8407  5565 1    
-238      7482  5566  5566  6673 4096 
-237      15187 10769 10769 7531 8191 
-236      10833 15722 15722 8052 4096 
-235      8443  12148 12148 8185 1    
-234      8378  8186  8186  7919 4096 
-233      10698 12015 12015 7277 8191 
-232      10698 15468 15468 6325 4096 
-231      15403 10421 10421 5155 1    
-230      7209  5156  5156  3881 4096 
-229      13053 7977  7977  2627 8191 
-228      8957  10818 10818 1519 4096 
-227      14275 5615  5615  661  1    
-226      5571  662   662   140  4096 
-225      8023  4236  4236  7    8191 
-224      8023  8198  8198  273  4096 
-223      5727  4369  4369  915  1    
-222      5723  916   916   1867 4096 
-221      13279 5963  5963  3037 8191 
-220      9183  11228 11228 4311 4096 
-219      15671 8407  8407  5565 1    
-218      7479  5566  5566  6673 4096 
-217      15185 10769 10769 7531 8191 
-216      10833 15722 15722 8052 4096 
-215      8441  12148 12148 8185 1    
-214      8377  8186  8186  7919 4096 
-213      10703 12015 12015 7277 8191 
-212      10694 15468 15468 6325 4096 
-211      15404 10421 10421 5155 1    
-210      7212  5156  5156  3881 4096 
-209      13053 7977  7977  2627 8191 
-208      8957  10818 10818 1519 4096 
-207      14277 5615  5615  661  1    
-206      5573  662   662   140  4096 
-205      8028  4236  4236  7    8191 
-204      8024  8198  8198  273  4096 
-203      5720  4369  4369  915  1    
-202      5720  916   916   1867 4096 
-201      13279 5963  5963  3037 8191 
-200      9183  11228 11228 4311 4096 
-199      15672 8407  8407  5565 1    
-198      7480  5566  5566  6673 4096 
-197      15183 10769 10769 7531 8191 
-196      10831 15722 15722 8052 4096 
-195      8443  12148 12148 8185 1    
-194      8379  8186  8186  7919 4096 
-193      10703 12015 12015 7277 8191 
-192      10695 15468 15468 6325 4096 
-191      15403 10421 10421 5155 1    
-190      7211  5156  5156  3881 4096 
-189      13053 7977  7977  2627 8191 
-188      8957  10818 10818 1519 4096 
-187      14276 5615  5615  661  1    
-186      5572  662   662   140  4096 
-185      8021  4236  4236  7    8191 
-184      8021  8198  8198  273  4096 
-183      5727  4369  4369  915  1    
-182      5726  916   916   1867 4096 
-181      13283 5963  5963  3037 8191 
-180      9187  11228 11228 4311 4096 
-179      15672 8407  8407  5565 1    
-178      7480  5566  5566  6673 4096 
-177      15185 10769 10769 7531 8191 
-176      10833 15722 15722 8052 4096 
-175      8443  12148 12148 8185 1    
-174      8379  8186  8186  7919 4096 
-173      10703 12015 12015 7277 8191 
-172      10695 15468 15468 6325 4096 
-171      15401 10421 10421 5155 1    
-170      7209  5156  5156  3881 4096 
-169      13051 7977  7977  2627 8191 
-168      8954  10818 10818 1519 4096 
-167      14284 5615  5615  661  1    
-166      5572  662   662   140  4096 
-165      8021  4236  4236  7    8191 
-164      8021  8198  8198  273  4096 
-163      5724  4369  4369  915  1    
-162      5720  916   916   1867 4096 
-161      13279 5963  5963  3037 8191 
-160      9183  11228 11228 4311 4096 
-159      15669 8407  8407  5565 1    
-158      7477  5566  5566  6673 4096 
-157      15183 10769 10769 7531 8191 
-156      10831 15722 15722 8052 4096 
-155      8444  12148 12148 8185 1    
-154      8380  8186  8186  7919 4096 
-153      10695 12015 12015 7277 8191 
-152      10695 15468 15468 6325 4096 
-151      15406 10421 10421 5155 1    
-150      7210  5156  5156  3881 4096 
-149      13052 7977  7977  2627 8191 
-148      8956  10818 10818 1519 4096 
-147      14279 5615  5615  661  1    
-146      5575  662   662   140  4096 
-145      8025  4236  4236  7    8191 
-144      8025  8198  8198  273  4096 
-143      5727  4369  4369  915  1    
-142      5726  916   916   1867 4096 
-141      13279 5963  5963  3037 8191 
-140      9183  11228 11228 4311 4096 
-139      15675 8407  8407  5565 1    
-138      7483  5566  5566  6673 4096 
-137      15183 10769 10769 7531 8191 
-136      10831 15722 15722 8052 4096 
-135      8439  12148 12148 8185 1    
-134      8375  8186  8186  7919 4096 
-133      10693 12015 12015 7277 8191 
-132      10693 15468 15468 6325 4096 
-131      15399 10421 10421 5155 1    
-130      7207  5156  5156  3881 4096 
-129      13055 7977  7977  2627 8191 
-128      8955  10818 10818 1519 4096 
-127      14275 5615  5615  661  1    
-126      5571  662   662   140  4096 
-125      8022  4236  4236  7    8191 
-124      8022  8198  8198  273  4096 
-123      5726  4369  4369  915  1    
-122      5722  916   916   1867 4096 
-121      13279 5963  5963  3037 8191 
-120      9183  11228 11228 4311 4096 
-119      15674 8407  8407  5565 1    
-118      7482  5566  5566  6673 4096 
-117      15186 10769 10769 7531 8191 
-116      10834 15722 15722 8052 4096 
-115      8440  12148 12148 8185 1    
-114      8376  8186  8186  7919 4096 
-113      10697 12015 12015 7277 8191 
-112      10697 15468 15468 6325 4096 
-111      15403 10421 10421 5155 1    
-110      7210  5156  5156  3881 4096 
-109      13055 7977  7977  2627 8191 
-108      8957  10818 10818 1519 4096 
-107      14277 5615  5615  661  1    
-106      5573  662   662   140  4096 
-105      8023  4236  4236  7    8191 
-104      8023  8198  8198  273  4096 
-103      5726  4369  4369  915  1    
-102      5722  916   916   1867 4096 
-101      13278 5963  5963  3037 8191 
-100      9182  11228 11228 4311 4096 
-99       15675 8407  8407  5565 1    
-98       7481  5566  5566  6673 4096 
-97       15185 10769 10769 7531 8191 
-96       10833 15722 15722 8052 4096 
-95       8444  12148 12148 8185 1    
-94       8380  8186  8186  7919 4096 
-93       10698 12015 12015 7277 8191 
-92       10698 15468 15468 6325 4096 
-91       15403 10421 10421 5155 1    
-90       7209  5156  5156  3881 4096 
-89       13051 7977  7977  2627 8191 
-88       8954  10818 10818 1519 4096 
-87       14286 5615  5615  661  1    
-86       5574  662   662   140  4096 
-85       8023  4236  4236  7    8191 
-84       8023  8198  8198  273  4096 
-83       5720  4369  4369  915  1    
-82       5720  916   916   1867 4096 
-81       13279 5963  5963  3037 8191 
-80       9183  11228 11228 4311 4096 
-79       15675 8407  8407  5565 1    
-78       7483  5566  5566  6673 4096 
-77       15182 10769 10769 7531 8191 
-76       10830 15722 15722 8052 4096 
-75       8438  12148 12148 8185 1    
-74       8374  8186  8186  7919 4096 
-73       10694 12015 12015 7277 8191 
-72       10694 15468 15468 6325 4096 
-71       15407 10421 10421 5155 1    
-70       7211  5156  5156  3881 4096 
-69       13052 7977  7977  2627 8191 
-68       8956  10818 10818 1519 4096 
-67       14278 5615  5615  661  1    
-66       5574  662   662   140  4096 
-65       8030  4236  4236  7    8191 
-64       8026  8198  8198  273  4096 
-63       5723  4369  4369  915  1    
-62       5721  916   916   1867 4096 
-61       13280 5963  5963  3037 8191 
-60       9184  11228 11228 4311 4096 
-59       15677 8407  8407  5565 1    
-58       7485  5566  5566  6673 4096 
-57       15183 10769 10769 7531 8191 
-56       10831 15722 15722 8052 4096 
-55       8440  12148 12148 8185 1    
-54       8376  8186  8186  7919 4096 
-53       10701 12015 12015 7277 8191 
-52       10693 15468 15468 6325 4096 
-51       15405 10421 10421 5155 1    
-50       7209  5156  5156  3881 4096 
-49       13055 7977  7977  2627 8191 
-48       8958  10818 10818 1519 4096 
-47       14279 5615  5615  661  1    
-46       5573  662   662   140  4096 
-45       8021  4236  4236  7    8191 
-44       8021  8198  8198  273  4096 
-43       5719  4369  4369  915  1    
-42       5719  916   916   1867 4096 
-41       13279 5963  5963  3037 8191 
-40       9183  11228 11228 4311 4096 
-39       15676 8407  8407  5565 1    
-38       7484  5566  5566  6673 4096 
-37       15186 10769 10769 7531 8191 
-36       10834 15722 15722 8052 4096 
-35       8442  12148 12148 8185 1    
-34       8378  8186  8186  7919 4096 
-33       10699 12015 12015 7277 8191 
-32       10699 15468 15468 6325 4096 
-31       15403 10421 10421 5155 1    
-30       7211  5156  5156  3881 4096 
-29       13049 7977  7977  2627 8191 
-28       8953  10818 10818 1519 4096 
-27       14285 5615  5615  661  1    
-26       5573  662   662   140  4096 
-25       8025  4236  4236  7    8191 
-24       8025  8198  8198  273  4096 
-23       5723  4369  4369  915  1    
-22       5722  916   916   1867 4096 
-21       13283 5963  5963  3037 8191 
-20       9185  11228 11228 4311 4096 
-19       15675 8407  8407  5565 1    
-18       7482  5566  5566  6673 4096 
-17       15184 10769 10769 7531 8191 
-16       10832 15722 15722 8052 4096 
-15       8439  12148 12148 8185 1    
-14       8375  8186  8186  7919 4096 
-13       10694 12015 12015 7277 8191 
-12       10694 15468 15468 6325 4096 
-11       15407 10421 10421 5155 1    
-10       7211  5156  5156  3881 4096 
-9        13055 7977  7977  2627 8191 
-8        8951  10818 10818 1519 4096 
-7        14274 5615  5615  661  1    
-6        5570  662   662   140  4096 
-5        8018  4236  4236  7    8191 
-4        8018  8198  8198  273  4096 
-3        5719  4369  4369  915  1    
-2        5717  916   916   1867 4096 
-1        13277 5963  5963  3037 8191 
0         9181  11228 11228 4311 4096 
1         15672 8407  8407  5565 1    
2         7480  5566  5566  6673 4096 
3         15182 10769 10769 7531 8191 
4         10830 15722 15722 8052 4096 
5         8440  12148 12148 8185 1    
6         8376  8186  8186  7919 4096 
7         10702 12015 12015 7277 8191 
8         10694 15468 15468 6325 4096 
9         15407 10421 10421 5155 1    
10        7213  5156  5156  3881 4096 
11        13049 7977  7977  2627 8191 
12        8953  10818 10818 1519 4096 
13        14273 5615  5615  661  1    
14        5569  662   662   140  4096 
15        8024  4236  4236  7    8191 
16        8024  8198  8198  273  4096 
17        5723  4369  4369  915  1    
18        5723  916   916   1867 4096 
19        13279 5963  5963  3037 8191 
20        9183  11228 11228 4311 4096 
21        15674 8407  8407  5565 1    
22        7482  5566  5566  6673 4096 
23        15184 10769 10769 7531 8191 
24        10832 15722 15722 8052 4096 
25        8441  12148 12148 8185 1    
26        8377  8186  8186  7919 4096 
27        10703 12015 12015 7277 8191 
28        10695 15468 15468 6325 4096 
29        15401 10421 10421 5155 1    
30        7209  5156  5156  3881 4096 
31        13052 7977  7977  2627 8191 
32        8956  10818 10818 1519 4096 
33        14276 5615  5615  661  1    
34        5572  662   662   140  4096 
35        8029  4236  4236  7    8191 
36        8025  8198  8198  273  4096 
37        5723  4369  4369  915  1    
38        5723  916   916   1867 4096 
39        13278 5963  5963  3037 8191 
40        9182  11228 11228 4311 4096 
41        15671 8407  8407  5565 1    
42        7477  5566  5566  6673 4096 
43        15183 10769 10769 7531 8191 
44        10831 15722 15722 8052 4096 
45        8441  12148 12148 8185 1    
46        8377  8186  8186  7919 4096 
47        10703 12015 12015 7277 8191 
48        10694 15468 15468 6325 4096 
49        15407 10421 10421 5155 1    
50        7211  5156  5156  3881 4096 
51        13054 7977  7977  2627 8191 
52        8958  10818 10818 1519 4096 
53        14279 5615  5615  661  1    
54        5573  662   662   140  4096 
55        8022  4236  4236  7    8191 
56        8022  8198  8198  273  4096 
57        5726  4369  4369  915  1    
58        5722  916   916   1867 4096 
59        13278 5963  5963  3037 8191 
60        9182  11228 11228 4311 4096 
61        15679 8407  8407  5565 1    
62        7485  5566  5566  6673 4096 
63        15179 10769 10769 7531 8191 
64        10827 15722 15722 8052 4096 
65        8440  12148 12148 8185 1    
66        8376  8186  8186  7919 4096 
67        10698 12015 12015 7277 8191 
68        10698 15468 15468 6325 4096 
69        15403 10421 10421 5155 1    
70        7211  5156  5156  3881 4096 
71        13048 7977  7977  2627 8191 
72        8952  10818 10818 1519 4096 
73        14285 5615  5615  661  1    
74        5573  662   662   140  4096 
75        8024  4236  4236  7    8191 
76        8024  8198  8198  273  4096 
77        5721  4369  4369  915  1    
78        5721  916   916   1867 4096 
79        13279 5963  5963  3037 8191 
80        9182  11228 11228 4311 4096 
81        15679 8407  8407  5565 1    
82        7485  5566  5566  6673 4096 
83        15187 10769 10769 7531 8191 
84        10834 15722 15722 8052 4096 
85        8436  12148 12148 8185 1    
86        8372  8186  8186  7919 4096 
87        10692 12015 12015 7277 8191 
88        10692 15468 15468 6325 4096 
89        15405 10421 10421 5155 1    
90        7209  5156  5156  3881 4096 
91        13051 7977  7977  2627 8191 
92        8955  10818 10818 1519 4096 
93        14274 5615  5615  661  1    
94        5570  662   662   140  4096 
95        8024  4236  4236  7    8191 
96        8024  8198  8198  273  4096 
97        5720  4369  4369  915  1    
98        5720  916   916   1867 4096 
99        13278 5963  5963  3037 8191 
100       9182  11228 11228 4311 4096 
101       15670 8407  8407  5565 1    
102       7478  5566  5566  6673 4096 
103       15184 10769 10769 7531 8191 
104       10832 15722 15722 8052 4096 
105       8439  12148 12148 8185 1    
106       8375  8186  8186  7919 4096 
107       10696 12015 12015 7277 8191 
108       10696 15468 15468 6325 4096 
109       15402 10421 10421 5155 1    
110       7210  5156  5156  3881 4096 
111       13052 7977  7977  2627 8191 
112       8956  10818 10818 1519 4096 
113       14278 5615  5615  661  1    
114       5574  662   662   140  4096 
115       8023  4236  4236  7    8191 
116       8023  8198  8198  273  4096 
117       5719  4369  4369  915  1    
118       5719  916   916   1867 4096 
119       13277 5963  5963  3037 8191 
120       9181  11228 11228 4311 4096 
121       15669 8407  8407  5565 1    
122       7477  5566  5566  6673 4096 
123       15183 10769 10769 7531 8191 
124       10826 15722 15722 8052 4096 
125       8440  12148 12148 8185 1    
126       8376  8186  8186  7919 4096 
127       10701 12015 12015 7277 8191 
128       10701 15468 15468 6325 4096 
129       15403 10421 10421 5155 1    
130       7211  5156  5156  3881 4096 
131       13053 7977  7977  2627 8191 
132       8957  10818 10818 1519 4096 
133       14279 5615  5615  661  1    
134       5574  662   662   140  4096 
135       8023  4236  4236  7    8191 
136       8021  8198  8198  273  4096 
137       5719  4369  4369  915  1    
138       5719  916   916   1867 4096 
139       13277 5963  5963  3037 8191 
140       9181  11228 11228 4311 4096 
141       15675 8407  8407  5565 1    
142       7483  5566  5566  6673 4096 
143       15197 10769 10769 7531 8191 
144       10837 15722 15722 8052 4096 
145       8447  12148 12148 8185 1    
146       8378  8186  8186  7919 4096 
147       10699 12015 12015 7277 8191 
148       10697 15468 15468 6325 4096 
149       15401 10421 10421 5155 1    
150       7209  5156  5156  3881 4096 
151       13051 7977  7977  2627 8191 
152       8955  10818 10818 1519 4096 
153       14275 5615  5615  661  1    
154       5571  662   662   140  4096 
155       8024  4236  4236  7    8191 
156       8024  8198  8198  273  4096 
157       5722  4369  4369  915  1    
158       5722  916   916   1867 4096 
159       13279 5963  5963  3037 8191 
160       9183  11228 11228 4311 4096 
161       15670 8407  8407  5565 1    
162       7478  5566  5566  6673 4096 
163       15183 10769 10769 7531 8191 
164       10831 15722 15722 8052 4096 
165       8443  12148 12148 8185 1    
166       8379  8186  8186  7919 4096 
167       10697 12015 12015 7277 8191 
168       10697 15468 15468 6325 4096 
169       15403 10421 10421 5155 1    
170       7210  5156  5156  3881 4096 
171       13052 7977  7977  2627 8191 
172       8956  10818 10818 1519 4096 
173       14275 5615  5615  661  1    
174       5571  662   662   140  4096 
175       8021  4236  4236  7    8191 
176       8021  8198  8198  273  4096 
177       5720  4369  4369  915  1    
178       5720  916   916   1867 4096 
179       13277 5963  5963  3037 8191 
180       9181  11228 11228 4311 4096 
181       15672 8407  8407  5565 1    
182       7480  5566  5566  6673 4096 
183       15181 10769 10769 7531 8191 
184       10829 15722 15722 8052 4096 
185       8441  12148 12148 8185 1    
186       8377  8186  8186  7919 4096 
187       10703 12015 12015 7277 8191 
188       10695 15468 15468 6325 4096 
189       15407 10421 10421 5155 1    
190       7211  5156  5156  3881 4096 
191       13049 7977  7977  2627 8191 
192       8953  10818 10818 1519 4096 
193       14287 5615  5615  661  1    
194       5574  662   662   140  4096 
195       8024  4236  4236  7    8191 
196       8024  8198  8198  273  4096 
197       5723  4369  4369  915  1    
198       5723  916   916   1867 4096 
199       13278 5963  5963  3037 8191 
200       9182  11228 11228 4311 4096 
201       15674 8407  8407  5565 1    
202       7482  5566  5566  6673 4096 
203       15186 10769 10769 7531 8191 
204       10834 15722 15722 8052 4096 
205       8439  12148 12148 8185 1    
206       8375  8186  8186  7919 4096 
207       10695 12015 12015 7277 8191 
208       10695 15468 15468 6325 4096 
209       15406 10421 10421 5155 1    
210       7210  5156  5156  3881 4096 
211       13050 7977  7977  2627 8191 
212       8954  10818 10818 1519 4096 
213       14275 5615  5615  661  1    
214       5569  662   662   140  4096 
215       8023  4236  4236  7    8191 
216       8023  8198  8198  273  4096 
217       5722  4369  4369  915  1    
218       5722  916   916   1867 4096 
219       13278 5963  5963  3037 8191 
220       9182  11228 11228 4311 4096 
221       15671 8407  8407  5565 1    
222       7479  5566  5566  6673 4096 
223       15184 10769 10769 7531 8191 
224       10832 15722 15722 8052 4096 
225       8442  12148 12148 8185 1    
226       8378  8186  8186  7919 4096 
227       10702 12015 12015 7277 8191 
228       10694 15468 15468 6325 4096 
229       15407 10421 10421 5155 1    
230       7211  5156  5156  3881 4096 
231       13053 7977  7977  2627 8191 
232       8957  10818 10818 1519 4096 
233       14277 5615  5615  661  1    
234       5573  662   662   140  4096 
235       8023  4236  4236  7    8191 
236       8023  8198  8198  273  4096 
237       5719  4369  4369  915  1    
238       5719  916   916   1867 4096 
239       13279 5963  5963  3037 8191 
240       9183  11228 11228 4311 4096 
241       15672 8407  8407  5565 1    
242       7480  5566  5566  6673 4096 
243       15186 10769 10769 7531 8191 
244       10834 15722 15722 8052 4096 
245       8442  12148 12148 8185 1    
246       8378  8186  8186  7919 4096 
247       10696 12015 12015 7277 8191 
248       10696 15468 15468 6325 4096 
249       15401 10421 10421 5155 1    
250       7209  5156  5156  3881 4096 
251       13052 7977  7977  2627 8191 
252       8956  10818 10818 1519 4096 
253       14275 5615  5615  661  1    
254       5571  662   662   140  4096 
255       8022  4236  4236  7    8191 
256       8022  8198  8198  273  4096 
257       5727  4369  4369  915  1    
258       5723  916   916   1867 4096 
259       13280 5963  5963  3037 8191 
260       9184  11228 11228 4311 4096 
261       15670 8407  8407  5565 1    
262       7478  5566  5566  6673 4096 
263       15183 10769 10769 7531 8191 
264       10831 15722 15722 8052 4096 
265       8439  12148 12148 8185 1    
266       8375  8186  8186  7919 4096 
267       10696 12015 12015 7277 8191 
268       10696 15468 15468 6325 4096 
269       15401 10421 10421 5155 1    
270       7209  5156  5156  3881 4096 
271       13051 7977  7977  2627 8191 
272       8954  10818 10818 1519 4096 
273       14275 5615  5615  661  1    
274       5571  662   662   140  4096 
275       8021  4236  4236  7    8191 
276       8021  8198  8198  273  4096 
277       5717  4369  4369  915  1    
278       5717  916   916   1867 4096 
279       13279 5963  5963  3037 8191 
280       9183  11228 11228 4311 4096 
281       15675 8407  8407  5565 1    
282       7483  5566  5566  6673 4096 
283       15184 10769 10769 7531 8191 
284       10832 15722 15722 8052 4096 
285       8437  12148 12148 8185 1    
286       8373  8186  8186  7919 4096 
287       10692 12015 12015 7277 8191 
288       10692 15468 15468 6325 4096 
289       15406 10421 10421 5155 1    
290       7210  5156  5156  3881 4096 
291       13050 7977  7977  2627 8191 
292       8954  10818 10818 1519 4096 
293       14287 5615  5615  661  1    
294       5573  662   662   140  4096 
295       8028  4236  4236  7    8191 
296       8024  8198  8198  273  4096 
297       5723  4369  4369  915  1    
298       5723  916   916   1867 4096 
299       13278 5963  5963  3037 8191 
300       9182  11228 11228 4311 4096 
301       15671 8407  8407  5565 1    
302       7477  5566  5566  6673 4096 
303       15183 10769 10769 7531 8191 
304       10831 15722 15722 8052 4096 
305       8443  12148 12148 8185 1    
306       8379  8186  8186  7919 4096 
307       10699 12015 12015 7277 8191 
308       10699 15468 15468 6325 4096 
309       15406 10421 10421 5155 1    
310       7206  5156  5156  3881 4096 
311       13052 7977  7977  2627 8191 
312       8956  10818 10818 1519 4096 
313       14276 5615  5615  661  1    
314       5572  662   662   140  4096 
315       8021  4236  4236  7    8191 
316       8021  8198  8198  273  4096 
317       5725  4369  4369  915  1    
318       5721  916   916   1867 4096 
319       13280 5963  5963  3037 8191 
320       9184  11228 11228 4311 4096 
321       15673 8407  8407  5565 1    
322       7481  5566  5566  6673 4096 
323       15187 10769 10769 7531 8191 
324       10834 15722 15722 8052 4096 
325       8443  12148 12148 8185 1    
326       8377  8186  8186  7919 4096 
327       10703 12015 12015 7277 8191 
328       10694 15468 15468 6325 4096 
329       15407 10421 10421 5155 1    
330       7209  5156  5156  3881 4096 
331       13055 7977  7977  2627 8191 
332       8958  10818 10818 1519 4096 
333       14279 5615  5615  661  1    
334       5575  662   662   140  4096 
335       8023  4236  4236  7    8191 
336       8023  8198  8198  273  4096 
337       5720  4369  4369  915  1    
338       5720  916   916   1867 4096 
339       13278 5963  5963  3037 8191 
340       9182  11228 11228 4311 4096 
341       15672 8407  8407  5565 1    
342       7480  5566  5566  6673 4096 
343       15184 10769 10769 7531 8191 
344       10832 15722 15722 8052 4096 
345       8441  12148 12148 8185 1    
346       8377  8186  8186  7919 4096 
347       10701 12015 12015 7277 8191 
348       10693 15468 15468 6325 4096 
349       15407 10421 10421 5155 1    
350       7210  5156  5156  3881 4096 
351       13054 7977  7977  2627 8191 
352       8958  10818 10818 1519 4096 
353       14280 5615  5615  661  1    
354       5576  662   662   140  4096 
355       8029  4236  4236  7    8191 
356       8021  8198  8198  273  4096 
357       5727  4369  4369  915  1    
358       5722  916   916   1867 4096 
359       13296 5963  5963  3037 8191 
360       9184  11228 11228 4311 4096 
361       15671 8407  8407  5565 1    
362       7479  5566  5566  6673 4096 
363       15182 10769 10769 7531 8191 
364       10830 15722 15722 8052 4096 
365       8442  12148 12148 8185 1    
366       8378  8186  8186  7919 4096 
367       10699 12015 12015 7277 8191 
368       10697 15468 15468 6325 4096 
369       15404 10421 10421 5155 1    
370       7212  5156  5156  3881 4096 
371       13053 7977  7977  2627 8191 
372       8957  10818 10818 1519 4096 
373       14279 5615  5615  661  1    
374       5575  662   662   140  4096 
375       8020  4236  4236  7    8191 
376       8020  8198  8198  273  4096 
377       5718  4369  4369  915  1    
378       5718  916   916   1867 4096 
379       13278 5963  5963  3037 8191 
380       9182  11228 11228 4311 4096 
381       15675 8407  8407  5565 1    
382       7483  5566  5566  6673 4096 
383       15186 10769 10769 7531 8191 
384       10834 15722 15722 8052 4096 
385       8440  12148 12148 8185 1    
386       8376  8186  8186  7919 4096 
387       10697 12015 12015 7277 8191 
388       10697 15468 15468 6325 4096 
389       15403 10421 10421 5155 1    
390       7211  5156  5156  3881 4096 
391       13051 7977  7977  2627 8191 
392       8955  10818 10818 1519 4096 
393       14285 5615  5615  661  1    
394       5573  662   662   140  4096 
395       8023  4236  4236  7    8191 
396       8023  8198  8198  273  4096 
397       5721  4369  4369  915  1    
398       5721  916   916   1867 4096 
399       13296 5963  5963  3037 8191 
400       9184  11228 11228 4311 4096 
401       15673 8407  8407  5565 1    
402       7481  5566  5566  6673 4096 
403       15187 10769 10769 7531 8191 
404       10835 15722 15722 8052 4096 
405       8441  12148 12148 8185 1    
406       8377  8186  8186  7919 4096 
407       10703 12015 12015 7277 8191 
408       10695 15468 15468 6325 4096 
409       15407 10421 10421 5155 1    
410       7211  5156  5156  3881 4096 
411       13052 7977  7977  2627 8191 
412       8956  10818 10818 1519 4096 
413       14279 5615  5615  661  1    
414       5575  662   662   140  4096 
415       8021  4236  4236  7    8191 
416       8021  8198  8198  273  4096 
417       5713  4369  4369  915  1    
418       5713  916   916   1867 4096 
419       13277 5963  5963  3037 8191 
420       9181  11228 11228 4311 4096 
421       15675 8407  8407  5565 1    
422       7482  5566  5566  6673 4096 
423       15182 10769 10769 7531 8191 
424       10830 15722 15722 8052 4096 
425       8443  12148 12148 8185 1    
426       8377  8186  8186  7919 4096 
427       10697 12015 12015 7277 8191 
428       10697 15468 15468 6325 4096 
429       15407 10421 10421 5155 1    
430       7207  5156  5156  3881 4096 
431       13055 7977  7977  2627 8191 
432       8955  10818 10818 1519 4096 
433       14287 5615  5615  661  1    
434       5575  662   662   140  4096 
435       8023  4236  4236  7    8191 
436       8023  8198  8198  273  4096 
437       5726  4369  4369  915  1    
438       5722  916   916   1867 4096 
439       13278 5963  5963  3037 8191 
440       9182  11228 11228 4311 4096 
441       15675 8407  8407  5565 1    
442       7483  5566  5566  6673 4096 
443       15182 10769 10769 7531 8191 
444       10830 15722 15722 8052 4096 
445       8440  12148 12148 8185 1    
446       8376  8186  8186  7919 4096 
447       10696 12015 12015 7277 8191 
448       10696 15468 15468 6325 4096 
449       15402 10421 10421 5155 1    
450       7210  5156  5156  3881 4096 
451       13055 7977  7977  2627 8191 
452       8959  10818 10818 1519 4096 
453       14276 5615  5615  661  1    
454       5572  662   662   140  4096 
455       8022  4236  4236  7    8191 
456       8022  8198  8198  273  4096 
457       5718  4369  4369  915  1    
458       5718  916   916   1867 4096 
459       13278 5963  5963  3037 8191 
460       9182  11228 11228 4311 4096 
461       15674 8407  8407  5565 1    
462       7482  5566  5566  6673 4096 
463       15187 10769 10769 7531 8191 
464       10833 15722 15722 8052 4096 
465       8439  12148 12148 8185 1    
466       8375  8186  8186  7919 4096 
467       10698 12015 12015 7277 8191 
468       10698 15468 15468 6325 4096 
469       15403 10421 10421 5155 1    
470       7211  5156  5156  3881 4096 
471       13053 7977  7977  2627 8191 
472       8957  10818 10818 1519 4096 
473       14273 5615  5615  661  1    
474       5569  662   662   140  4096 
475       8023  4236  4236  7    8191 
476       8022  8198  8198  273  4096 
477       5719  4369  4369  915  1    
478       5719  916   916   1867 4096 
479       13276 5963  5963  3037 8191 
480       9180  11228 11228 4311 4096 
481       15668 8407  8407  5565 1    
482       7476  5566  5566  6673 4096 
483       15180 10769 10769 7531 8191 
484       10828 15722 15722 8052 4096 
485       8441  12148 12148 8185 1    
486       8377  8186  8186  7919 4096 
487       10696 12015 12015 7277 8191 
488       10696 15468 15468 6325 4096 
489       15402 10421 10421 5155 1    
490       7210  5156  5156  3881 4096 
491       13052 7977  7977  2627 8191 
492       8956  10818 10818 1519 4096 
493       14275 5615  5615  661  1    
494       5571  662   662   140  4096 
495       8020  4236  4236  7    8191 
496       8020  8198  8198  273  4096 
497       5718  4369  4369  915  1    
498       5718  916   916   1867 4096 
499       13296 5963  5963  3037 8191 
500       9184  11228 11228 4311 4096 
501       15673 8407  8407  5565 1    
502       7481  5566  5566  6673 4096 
503       15183 10769 10769 7531 8191 
504       10831 15722 15722 8052 4096 
505       8441  12148 12148 8185 1    
506       8377  8186  8186  7919 4096 
507       10703 12015 12015 7277 8191 
508       10695 15468 15468 6325 4096 
509       15406 10421 10421 5155 1    
510       7210  5156  5156  3881 4096 
511       13052 7977  7977  2627 8191 
512       8956  10818 10818 1519 4096 
513       14272 5615  5615  661  1    
514       5568  662   662   140  4096 
515       8024  4236  4236  7    8191 
516       8024  8198  8198  273  4096 
517       5727  4369  4369  915  1    
518       5719  916   916   1867 4096 
519       13278 5963  5963  3037 8191 
520       9182  11228 11228 4311 4096 
521       15672 8407  8407  5565 1    
522       7480  5566  5566  6673 4096 
523       15185 10769 10769 7531 8191 
524       10833 15722 15722 8052 4096 
525       8441  12148 12148 8185 1    
526       8377  8186  8186  7919 4096 
527       10701 12015 12015 7277 8191 
528       10693 15468 15468 6325 4096 
529       15407 10421 10421 5155 1    
530       7210  5156  5156  3881 4096 
531       13055 7977  7977  2627 8191 
532       8957  10818 10818 1519 4096 
533       14275 5615  5615  661  1    
534       5570  662   662   140  4096 
535       8022  4236  4236  7    8191 
536       8022  8198  8198  273  4096 
537       5727  4369  4369  915  1    
538       5725  916   916   1867 4096 
539       13281 5963  5963  3037 8191 
540       9185  11228 11228 4311 4096 
541       15671 8407  8407  5565 1    
542       7478  5566  5566  6673 4096 
543       15182 10769 10769 7531 8191 
544       10830 15722 15722 8052 4096 
545       8443  12148 12148 8185 1    
546       8377  8186  8186  7919 4096 
547       10696 12015 12015 7277 8191 
548       10696 15468 15468 6325 4096 
549       15403 10421 10421 5155 1    
550       7211  5156  5156  3881 4096 
551       13048 7977  7977  2627 8191 
552       8952  10818 10818 1519 4096 
553       14286 5615  5615  661  1    
554       5574  662   662   140  4096 
555       8022  4236  4236  7    8191 
556       8022  8198  8198  273  4096 
557       5726  4369  4369  915  1    
558       5722  916   916   1867 4096 
559       13279 5963  5963  3037 8191 
560       9181  11228 11228 4311 4096 
561       15673 8407  8407  5565 1    
562       7481  5566  5566  6673 4096 
563       15183 10769 10769 7531 8191 
564       10830 15722 15722 8052 4096 
565       8440  12148 12148 8185 1    
566       8376  8186  8186  7919 4096 
567       10703 12015 12015 7277 8191 
568       10695 15468 15468 6325 4096 
569       15400 10421 10421 5155 1    
570       7208  5156  5156  3881 4096 
571       13052 7977  7977  2627 8191 
572       8956  10818 10818 1519 4096 
573       14277 5615  5615  661  1    
574       5573  662   662   140  4096 
575       8023  4236  4236  7    8191 
576       8022  8198  8198  273  4096 
577       5719  4369  4369  915  1    
578       5719  916   916   1867 4096 
579       13278 5963  5963  3037 8191 
580       9178  11228 11228 4311 4096 
581       15676 8407  8407  5565 1    
582       7484  5566  5566  6673 4096 
583       15183 10769 10769 7531 8191 
584       10831 15722 15722 8052 4096 
585       8444  12148 12148 8185 1    
586       8380  8186  8186  7919 4096 
587       10699 12015 12015 7277 8191 
588       10699 15468 15468 6325 4096 
589       15402 10421 10421 5155 1    
590       7210  5156  5156  3881 4096 
591       13052 7977  7977  2627 8191 
592       8956  10818 10818 1519 4096 
593       14275 5615  5615  661  1    
594       5571  662   662   140  4096 
595       8024  4236  4236  7    8191 
596       8024  8198  8198  273  4096 
597       5722  4369  4369  915  1    
598       5722  916   916   1867 4096 
599       13278 5963  5963  3037 8191 
600       9182  11228 11228 4311 4096 
601       15675 8407  8407  5565 1    
602       7481  5566  5566  6673 4096 
603       15187 10769 10769 7531 8191 
604       10834 15722 15722 8052 4096 
605       8440  12148 12148 8185 1    
606       8376  8186  8186  7919 4096 
607       10702 12015 12015 7277 8191 
608       10694 15468 15468 6325 4096 
609       15406 10421 10421 5155 1    
610       7210  5156  5156  3881 4096 
611       13055 7977  7977  2627 8191 
612       8957  10818 10818 1519 4096 
613       14276 5615  5615  661  1    
614       5572  662   662   140  4096 
615       8023  4236  4236  7    8191 
616       8023  8198  8198  273  4096 
617       5727  4369  4369  915  1    
618       5723  916   916   1867 4096 
619       13277 5963  5963  3037 8191 
620       9181  11228 11228 4311 4096 
621       15673 8407  8407  5565 1    
622       7481  5566  5566  6673 4096 
623       15183 10769 10769 7531 8191 
624       10830 15722 15722 8052 4096 
625       8443  12148 12148 8185 1    
626       8379  8186  8186  7919 4096 
627       10703 12015 12015 7277 8191 
628       10695 15468 15468 6325 4096 
629       15407 10421 10421 5155 1    
630       7211  5156  5156  3881 4096 
631       13052 7977  7977  2627 8191 
632       8956  10818 10818 1519 4096 
633       14275 5615  5615  661  1    
634       5571  662   662   140  4096 
635       8023  4236  4236  7    8191 
636       8023  8198  8198  273  4096 
637       5721  4369  4369  915  1    
638       5721  916   916   1867 4096 
639       13281 5963  5963  3037 8191 
640       9185  11228 11228 4311 4096 
641       15673 8407  8407  5565 1    
642       7481  5566  5566  6673 4096 
643       15185 10769 10769 7531 8191 
644       10833 15722 15722 8052 4096 
645       8440  12148 12148 8185 1    
646       8376  8186  8186  7919 4096 
647       10701 12015 12015 7277 8191 
648       10693 15468 15468 6325 4096 
649       15404 10421 10421 5155 1    
650       7208  5156  5156  3881 4096 
651       13054 7977  7977  2627 8191 
652       8958  10818 10818 1519 4096 
653       14279 5615  5615  661  1    
654       5575  662   662   140  4096 
655       8023  4236  4236  7    8191 
656       8023  8198  8198  273  4096 
657       5719  4369  4369  915  1    
658       5719  916   916   1867 4096 
659       13279 5963  5963  3037 8191 
660       9183  11228 11228 4311 4096 
661       15672 8407  8407  5565 1    
662       7480  5566  5566  6673 4096 
663       15181 10769 10769 7531 8191 
664       10829 15722 15722 8052 4096 
665       8443  12148 12148 8185 1    
666       8379  8186  8186  7919 4096 
667       10697 12015 12015 7277 8191 
668       10697 15468 15468 6325 4096 
669       15403 10421 10421 5155 1    
670       7210  5156  5156  3881 4096 
671       13051 7977  7977  2627 8191 
672       8955  10818 10818 1519 4096 
673       14286 5615  5615  661  1    
674       5574  662   662   140  4096 
675       8031  4236  4236  7    8191 
676       8027  8198  8198  273  4096 
677       5721  4369  4369  915  1    
678       5721  916   916   1867 4096 
679       13296 5963  5963  3037 8191 
680       9184  11228 11228 4311 4096 
681       15673 8407  8407  5565 1    
682       7481  5566  5566  6673 4096 
683       15183 10769 10769 7531 8191 
684       10831 15722 15722 8052 4096 
685       8441  12148 12148 8185 1    
686       8377  8186  8186  7919 4096 
687       10699 12015 12015 7277 8191 
688       10699 15468 15468 6325 4096 
689       15406 10421 10421 5155 1    
690       7214  5156  5156  3881 4096 
691       13051 7977  7977  2627 8191 
692       8955  10818 10818 1519 4096 
693       14285 5615  5615  661  1    
694       5573  662   662   140  4096 
695       8023  4236  4236  7    8191 
696       8022  8198  8198  273  4096 
697       5720  4369  4369  915  1    
698       5720  916   916   1867 4096 
699       13280 5963  5963  3037 8191 
700       9184  11228 11228 4311 4096 
701       15674 8407  8407  5565 1    
702       7482  5566  5566  6673 4096 
703       15184 10769 10769 7531 8191 
704       10832 15722 15722 8052 4096 
705       8440  12148 12148 8185 1    
706       8376  8186  8186  7919 4096 
707       10703 12015 12015 7277 8191 
708       10695 15468 15468 6325 4096 
709       15407 10421 10421 5155 1    
710       7211  5156  5156  3881 4096 
711       13053 7977  7977  2627 8191 
712       8957  10818 10818 1519 4096 
713       14281 5615  5615  661  1    
714       5577  662   662   140  4096 
715       8031  4236  4236  7    8191 
716       8023  8198  8198  273  4096 
717       5715  4369  4369  915  1    
718       5715  916   916   1867 4096 
719       13275 5963  5963  3037 8191 
720       9179  11228 11228 4311 4096 
721       15673 8407  8407  5565 1    
722       7481  5566  5566  6673 4096 
723       15184 10769 10769 7531 8191 
724       10832 15722 15722 8052 4096 
725       8440  12148 12148 8185 1    
726       8376  8186  8186  7919 4096 
727       10700 12015 12015 7277 8191 
728       10692 15468 15468 6325 4096 
729       15404 10421 10421 5155 1    
730       7212  5156  5156  3881 4096 
731       13052 7977  7977  2627 8191 
732       8956  10818 10818 1519 4096 
733       14275 5615  5615  661  1    
734       5571  662   662   140  4096 
735       8024  4236  4236  7    8191 
736       8024  8198  8198  273  4096 
737       5722  4369  4369  915  1    
738       5722  916   916   1867 4096 
739       13279 5963  5963  3037 8191 
740       9183  11228 11228 4311 4096 
741       15671 8407  8407  5565 1    
742       7479  5566  5566  6673 4096 
743       15183 10769 10769 7531 8191 
744       10831 15722 15722 8052 4096 
745       8441  12148 12148 8185 1    
746       8377  8186  8186  7919 4096 
747       10697 12015 12015 7277 8191 
748       10697 15468 15468 6325 4096 
749       15400 10421 10421 5155 1    
750       7208  5156  5156  3881 4096 
751       13051 7977  7977  2627 8191 
752       8955  10818 10818 1519 4096 
753       14286 5615  5615  661  1    
754       5574  662   662   140  4096 
755       8023  4236  4236  7    8191 
756       8023  8198  8198  273  4096 
757       5721  4369  4369  915  1    
758       5721  916   916   1867 4096 
759       13279 5963  5963  3037 8191 
760       9183  11228 11228 4311 4096 
761       15675 8407  8407  5565 1    
762       7483  5566  5566  6673 4096 
763       15179 10769 10769 7531 8191 
764       10827 15722 15722 8052 4096 
765       8447  12148 12148 8185 1    
766       8375  8186  8186  7919 4096 
767       10703 12015 12015 7277 8191 
768       10699 15468 15468 6325 4096 
769       15406 10421 10421 5155 1    
770       7214  5156  5156  3881 4096 
771       13055 7977  7977  2627 8191 
772       8957  10818 10818 1519 4096 
773       14280 5615  5615  661  1    
774       5576  662   662   140  4096 
775       8025  4236  4236  7    8191 
776       8025  8198  8198  273  4096 
777       5723  4369  4369  915  1    
778       5722  916   916   1867 4096 
779       13279 5963  5963  3037 8191 
780       9183  11228 11228 4311 4096 
781       15674 8407  8407  5565 1    
782       7482  5566  5566  6673 4096 
783       15183 10769 10769 7531 8191 
784       10829 15722 15722 8052 4096 
785       8441  12148 12148 8185 1    
786       8377  8186  8186  7919 4096 
787       10703 12015 12015 7277 8191 
788       10695 15468 15468 6325 4096 
789       15405 10421 10421 5155 1    
790       7213  5156  5156  3881 4096 
791       13052 7977  7977  2627 8191 
792       8956  10818 10818 1519 4096 
793       14275 5615  5615  661  1    
794       5571  662   662   140  4096 
795       8026  4236  4236  7    8191 
796       8026  8198  8198  273  4096 
797       5722  4369  4369  915  1    
798       5722  916   916   1867 4096 
799       13279 5963  5963  3037 8191 
800       9181  11228 11228 4311 4096 
801       15671 8407  8407  5565 1    
802       7479  5566  5566  6673 4096 
803       15183 10769 10769 7531 8191 
804       10831 15722 15722 8052 4096 
805       8443  12148 12148 8185 1    
806       8379  8186  8186  7919 4096 
807       10697 12015 12015 7277 8191 
808       10697 15468 15468 6325 4096 
809       15401 10421 10421 5155 1    
810       7209  5156  5156  3881 4096 
811       13051 7977  7977  2627 8191 
812       8954  10818 10818 1519 4096 
813       14286 5615  5615  661  1    
814       5574  662   662   140  4096 
815       8024  4236  4236  7    8191 
816       8024  8198  8198  273  4096 
817       5721  4369  4369  915  1    
818       5721  916   916   1867 4096 
819       13279 5963  5963  3037 8191 
820       9183  11228 11228 4311 4096 
821       15672 8407  8407  5565 1    
822       7480  5566  5566  6673 4096 
823       15180 10769 10769 7531 8191 
824       10828 15722 15722 8052 4096 
825       8439  12148 12148 8185 1    
826       8375  8186  8186  7919 4096 
827       10696 12015 12015 7277 8191 
828       10696 15468 15468 6325 4096 
829       15402 10421 10421 5155 1    
830       7210  5156  5156  3881 4096 
831       13050 7977  7977  2627 8191 
832       8954  10818 10818 1519 4096 
833       14275 5615  5615  661  1    
834       5569  662   662   140  4096 
835       8024  4236  4236  7    8191 
836       8024  8198  8198  273  4096 
837       5722  4369  4369  915  1    
838       5722  916   916   1867 4096 
839       13279 5963  5963  3037 8191 
840       9183  11228 11228 4311 4096 
841       15672 8407  8407  5565 1    
842       7480  5566  5566  6673 4096 
843       15180 10769 10769 7531 8191 
844       10828 15722 15722 8052 4096 
845       8439  12148 12148 8185 1    
846       8375  8186  8186  7919 4096 
847       10697 12015 12015 7277 8191 
848       10697 15468 15468 6325 4096 
849       15403 10421 10421 5155 1    
850       7211  5156  5156  3881 4096 
851       13054 7977  7977  2627 8191 
852       8958  10818 10818 1519 4096 
853       14276 5615  5615  661  1    
854       5572  662   662   140  4096 
855       8029  4236  4236  7    8191 
856       8025  8198  8198  273  4096 
857       5723  4369  4369  915  1    
858       5722  916   916   1867 4096 
859       13299 5963  5963  3037 8191 
860       9185  11228 11228 4311 4096 
861       15672 8407  8407  5565 1    
862       7480  5566  5566  6673 4096 
863       15181 10769 10769 7531 8191 
864       10829 15722 15722 8052 4096 
865       8441  12148 12148 8185 1    
866       8377  8186  8186  7919 4096 
867       10699 12015 12015 7277 8191 
868       10698 15468 15468 6325 4096 
869       15406 10421 10421 5155 1    
870       7214  5156  5156  3881 4096 
871       13050 7977  7977  2627 8191 
872       8954  10818 10818 1519 4096 
873       14284 5615  5615  661  1    
874       5572  662   662   140  4096 
875       8022  4236  4236  7    8191 
876       8022  8198  8198  273  4096 
877       5720  4369  4369  915  1    
878       5720  916   916   1867 4096 
879       13279 5963  5963  3037 8191 
880       9183  11228 11228 4311 4096 
881       15676 8407  8407  5565 1    
882       7484  5566  5566  6673 4096 
883       15184 10769 10769 7531 8191 
884       10832 15722 15722 8052 4096 
885       8439  12148 12148 8185 1    
886       8375  8186  8186  7919 4096 
887       10695 12015 12015 7277 8191 
888       10695 15468 15468 6325 4096 
889       15407 10421 10421 5155 1    
890       7211  5156  5156  3881 4096 
891       13054 7977  7977  2627 8191 
892       8958  10818 10818 1519 4096 
893       14279 5615  5615  661  1    
894       5575  662   662   140  4096 
895       8024  4236  4236  7    8191 
896       8024  8198  8198  273  4096 
897       5721  4369  4369  915  1    
898       5721  916   916   1867 4096 
899       13279 5963  5963  3037 8191 
900       9182  11228 11228 4311 4096 
901       15670 8407  8407  5565 1    
902       7478  5566  5566  6673 4096 
903       15187 10769 10769 7531 8191 
904       10833 15722 15722 8052 4096 
905       8441  12148 12148 8185 1    
906       8377  8186  8186  7919 4096 
907       10697 12015 12015 7277 8191 
908       10697 15468 15468 6325 4096 
909       15403 10421 10421 5155 1    
910       7211  5156  5156  3881 4096 
911       13049 7977  7977  2627 8191 
912       8953  10818 10818 1519 4096 
913       14284 5615  5615  661  1    
914       5572  662   662   140  4096 
915       8021  4236  4236  7    8191 
916       8021  8198  8198  273  4096 
917       5727  4369  4369  915  1    
918       5722  916   916   1867 4096 
919       13279 5963  5963  3037 8191 
920       9183  11228 11228 4311 4096 
921       15674 8407  8407  5565 1    
922       7482  5566  5566  6673 4096 
923       15187 10769 10769 7531 8191 
924       10833 15722 15722 8052 4096 
925       8441  12148 12148 8185 1    
926       8377  8186  8186  7919 4096 
927       10701 12015 12015 7277 8191 
928       10693 15468 15468 6325 4096 
929       15407 10421 10421 5155 1    
930       7210  5156  5156  3881 4096 
931       13048 7977  7977  2627 8191 
932       8952  10818 10818 1519 4096 
933       14280 5615  5615  661  1    
934       5576  662   662   140  4096 
935       8029  4236  4236  7    8191 
936       8021  8198  8198  273  4096 
937       5721  4369  4369  915  1    
938       5721  916   916   1867 4096 
939       13279 5963  5963  3037 8191 
940       9182  11228 11228 4311 4096 
941       15671 8407  8407  5565 1    
942       7477  5566  5566  6673 4096 
943       15183 10769 10769 7531 8191 
944       10831 15722 15722 8052 4096 
945       8442  12148 12148 8185 1    
946       8378  8186  8186  7919 4096 
947       10696 12015 12015 7277 8191 
948       10696 15468 15468 6325 4096 
949       15400 10421 10421 5155 1    
950       7208  5156  5156  3881 4096 
951       13053 7977  7977  2627 8191 
952       8957  10818 10818 1519 4096 
953       14279 5615  5615  661  1    
954       5575  662   662   140  4096 
955       8024  4236  4236  7    8191 
956       8024  8198  8198  273  4096 
957       5720  4369  4369  915  1    
958       5720  916   916   1867 4096 
959       13278 5963  5963  3037 8191 
960       9182  11228 11228 4311 4096 
961       15675 8407  8407  5565 1    
962       7483  5566  5566  6673 4096 
963       15180 10769 10769 7531 8191 
964       10828 15722 15722 8052 4096 
965       8439  12148 12148 8185 1    
966       8375  8186  8186  7919 4096 
967       10697 12015 12015 7277 8191 
968       10697 15468 15468 6325 4096 
969       15400 10421 10421 5155 1    
970       7208  5156  5156  3881 4096 
971       13051 7977  7977  2627 8191 
972       8955  10818 10818 1519 4096 
973       14284 5615  5615  661  1    
974       5572  662   662   140  4096 
975       8031  4236  4236  7    8191 
976       8027  8198  8198  273  4096 
977       5720  4369  4369  915  1    
978       5720  916   916   1867 4096 
979       13278 5963  5963  3037 8191 
980       9182  11228 11228 4311 4096 
981       15670 8407  8407  5565 1    
982       7478  5566  5566  6673 4096 
983       15180 10769 10769 7531 8191 
984       10828 15722 15722 8052 4096 
985       8442  12148 12148 8185 1    
986       8378  8186  8186  7919 4096 
987       10700 12015 12015 7277 8191 
988       10700 15468 15468 6325 4096 
989       15406 10421 10421 5155 1    
990       7214  5156  5156  3881 4096 
991       13054 7977  7977  2627 8191 
992       8958  10818 10818 1519 4096 
993       14279 5615  5615  661  1    
994       5575  662   662   140  4096 
995       8025  4236  4236  7    8191 
996       8025  8198  8198  273  4096 
997       5720  4369  4369  915  1    
998       5720  916   916   1867 4096 
999       13279 5963  5963  3037 8191 
1000      9183  11228 11228 4311 4096 
1001      15673 8407  8407  5565 1    
1002      7481  5566  5566  6673 4096 
1003      15185 10769 10769 7531 8191 
1004      10833 15722 15722 8052 4096 
1005      8439  12148 12148 8185 1    
1006      8374  8186  8186  7919 4096 
1007      10703 12015 12015 7277 8191 
1008      10697 15468 15468 6325 4096 
1009      15403 10421 10421 5155 1    
1010      7210  5156  5156  3881 4096 
1011      13051 7977  7977  2627 8191 
1012      8955  10818 10818 1519 4096 
1013      14286 5615  5615  661  1    
1014      5574  662   662   140  4096 
1015      8023  4236  4236  7    8191 
1016      8023  8198  8198  273  4096 
1017      5726  4369  4369  915  1    
1018      5726  916   916   1867 4096 
1019      13278 5963  5963  3037 8191 
1020      9182  11228 11228 4311 4096 
1021      15671 8407  8407  5565 1    
1022      7479  5566  5566  6673 4096 
1023      15182 10769 10769 7531 8191 
1024      10830 15722 15722 8052 4096 
1025      8442  12148 12148 8185 1    
1026      8378  8186  8186  7919 4096 
1027      10698 12015 12015 7277 8191 
1028      10698 15468 15468 6325 4096 
1029      15402 10421 10421 5155 1    
1030      7210  5156  5156  3881 4096 
1031      13052 7977  7977  2627 8191 
1032      8956  10818 10818 1519 4096 
1033      14276 5615  5615  661  1    
1034      5572  662   662   140  4096 
1035      8023  4236  4236  7    8191 
1036      8023  8198  8198  273  4096 
1037      5715  4369  4369  915  1    
1038      5715  916   916   1867 4096 
1039      13275 5963  5963  3037 8191 
1040      9179  11228 11228 4311 4096 
1041      15675 8407  8407  5565 1    
1042      7483  5566  5566  6673 4096 
1043      15184 10769 10769 7531 8191 
1044      10832 15722 15722 8052 4096 
1045      8442  12148 12148 8185 1    
1046      8378  8186  8186  7919 4096 
1047      10699 12015 12015 7277 8191 
1048      10697 15468 15468 6325 4096 
1049      15403 10421 10421 5155 1    
1050      7210  5156  5156  3881 4096 
1051      13051 7977  7977  2627 8191 
1052      8955  10818 10818 1519 4096 
1053      14286 5615  5615  661  1    
1054      5574  662   662   140  4096 
1055      8024  4236  4236  7    8191 
1056      8024  8198  8198  273  4096 
1057      5722  4369  4369  915  1    
1058      5722  916   916   1867 4096 
1059      13278 5963  5963  3037 8191 
1060      9182  11228 11228 4311 4096 
1061      15668 8407  8407  5565 1    
1062      7476  5566  5566  6673 4096 
1063      15183 10769 10769 7531 8191 
1064      10827 15722 15722 8052 4096 
1065      8440  12148 12148 8185 1    
1066      8376  8186  8186  7919 4096 
1067      10703 12015 12015 7277 8191 
1068      10695 15468 15468 6325 4096 
1069      15405 10421 10421 5155 1    
1070      7213  5156  5156  3881 4096 
1071      13049 7977  7977  2627 8191 
1072      8953  10818 10818 1519 4096 
1073      14275 5615  5615  661  1    
1074      5570  662   662   140  4096 
1075      8027  4236  4236  7    8191 
1076      8025  8198  8198  273  4096 
1077      5724  4369  4369  915  1    
1078      5724  916   916   1867 4096 
1079      13278 5963  5963  3037 8191 
1080      9182  11228 11228 4311 4096 
1081      15672 8407  8407  5565 1    
1082      7480  5566  5566  6673 4096 
1083      15181 10769 10769 7531 8191 
1084      10829 15722 15722 8052 4096 
1085      8440  12148 12148 8185 1    
1086      8376  8186  8186  7919 4096 
1087      10701 12015 12015 7277 8191 
1088      10693 15468 15468 6325 4096 
1089      15405 10421 10421 5155 1    
1090      7213  5156  5156  3881 4096 
1091      13051 7977  7977  2627 8191 
1092      8954  10818 10818 1519 4096 
1093      14275 5615  5615  661  1    
1094      5571  662   662   140  4096 
1095      8023  4236  4236  7    8191 
1096      8023  8198  8198  273  4096 
1097      5725  4369  4369  915  1    
1098      5725  916   916   1867 4096 
1099      13296 5963  5963  3037 8191 
1100      9184  11228 11228 4311 4096 
1101      15675 8407  8407  5565 1    
1102      7483  5566  5566  6673 4096 
1103      15186 10769 10769 7531 8191 
1104      10834 15722 15722 8052 4096 
1105      8439  12148 12148 8185 1    
1106      8375  8186  8186  7919 4096 
1107      10695 12015 12015 7277 8191 
1108      10695 15468 15468 6325 4096 
1109      15406 10421 10421 5155 1    
1110      7210  5156  5156  3881 4096 
1111      13059 7977  7977  2627 8191 
1112      8961  10818 10818 1519 4096 
1113      13767 5615  5615  661  1    
1114      5575  662   662   140  4096 
1115      8020  4236  4236  7    8191 
1116      8020  8198  8198  273  4096 
1117      5714  4369  4369  915  1    
1118      5714  916   916   1867 4096 
1119      13279 5963  5963  3037 8191 
1120      9183  11228 11228 4311 4096 
1121      15671 8407  8407  5565 1    
1122      7479  5566  5566  6673 4096 
1123      15183 10769 10769 7531 8191 
1124      10831 15722 15722 8052 4096 
1125      8440  12148 12148 8185 1    
1126      8376  8186  8186  7919 4096 
1127      10703 12015 12015 7277 8191 
1128      10695 15468 15468 6325 4096 
1129      15398 10421 10421 5155 1    
1130      7206  5156  5156  3881 4096 
1131      13052 7977  7977  2627 8191 
1132      8956  10818 10818 1519 4096 
1133      14281 5615  5615  661  1    
1134      5577  662   662   140  4096 
1135      8028  4236  4236  7    8191 
1136      8028  8198  8198  273  4096 
1137      5719  4369  4369  915  1    
1138      5719  916   916   1867 4096 
1139      13278 5963  5963  3037 8191 
1140      9182  11228 11228 4311 4096 
1141      15671 8407  8407  5565 1    
1142      7479  5566  5566  6673 4096 
1143      15183 10769 10769 7531 8191 
1144      10831 15722 15722 8052 4096 
1145      8441  12148 12148 8185 1    
1146      8377  8186  8186  7919 4096 
1147      10697 12015 12015 7277 8191 
1148      10697 15468 15468 6325 4096 
1149      15401 10421 10421 5155 1    
1150      7209  5156  5156  3881 4096 
1151      13048 7977  7977  2627 8191 
1152      8952  10818 10818 1519 4096 
1153      14284 5615  5615  661  1    
1154      5572  662   662   140  4096 
1155      8022  4236  4236  7    8191 
1156      8022  8198  8198  273  4096 
1157      5719  4369  4369  915  1    
1158      5719  916   916   1867 4096 
1159      13296 5963  5963  3037 8191 
1160      9184  11228 11228 4311 4096 
1161      15676 8407  8407  5565 1    
1162      7484  5566  5566  6673 4096 
1163      15184 10769 10769 7531 8191 
1164      10832 15722 15722 8052 4096 
1165      8439  12148 12148 8185 1    
1166      8375  8186  8186  7919 4096 
1167      10695 12015 12015 7277 8191 
1168      10695 15468 15468 6325 4096 
1169      15405 10421 10421 5155 1    
1170      7209  5156  5156  3881 4096 
1171      13052 7977  7977  2627 8191 
1172      8956  10818 10818 1519 4096 
1173      14275 5615  5615  661  1    
1174      5571  662   662   140  4096 
1175      8021  4236  4236  7    8191 
1176      8021  8198  8198  273  4096 
1177      5717  4369  4369  915  1    
1178      5717  916   916   1867 4096 
1179      13279 5963  5963  3037 8191 
1180      9182  11228 11228 4311 4096 
1181      15664 8407  8407  5565 1    
1182      7472  5566  5566  6673 4096 
1183      15185 10769 10769 7531 8191 
1184      10833 15722 15722 8052 4096 
1185      8441  12148 12148 8185 1    
1186      8377  8186  8186  7919 4096 
1187      10691 12015 12015 7277 8191 
1188      10691 15468 15468 6325 4096 
1189      15401 10421 10421 5155 1    
1190      7209  5156  5156  3881 4096 
1191      13051 7977  7977  2627 8191 
1192      8955  10818 10818 1519 4096 
1193      14286 5615  5615  661  1    
1194      5574  662   662   140  4096 
1195      8023  4236  4236  7    8191 
1196      8021  8198  8198  273  4096 
1197      5727  4369  4369  915  1    
1198      5722  916   916   1867 4096 
1199      13279 5963  5963  3037 8191 
1200      9183  11228 11228 4311 4096 
1201      15671 8407  8407  5565 1    
1202      7479  5566  5566  6673 4096 
1203      15184 10769 10769 7531 8191 
1204      10832 15722 15722 8052 4096 
1205      8440  12148 12148 8185 1    
1206      8376  8186  8186  7919 4096 
1207      10697 12015 12015 7277 8191 
1208      10697 15468 15468 6325 4096 
1209      15401 10421 10421 5155 1    
1210      7209  5156  5156  3881 4096 
1211      13051 7977  7977  2627 8191 
1212      8955  10818 10818 1519 4096 
1213      14286 5615  5615  661  1    
1214      5574  662   662   140  4096 
1215      8024  4236  4236  7    8191 
1216      8024  8198  8198  273  4096 
1217      5721  4369  4369  915  1    
1218      5721  916   916   1867 4096 
1219      13277 5963  5963  3037 8191 
1220      9181  11228 11228 4311 4096 
1221      15673 8407  8407  5565 1    
1222      7481  5566  5566  6673 4096 
1223      15187 10769 10769 7531 8191 
1224      10834 15722 15722 8052 4096 
1225      8443  12148 12148 8185 1    
1226      8377  8186  8186  7919 4096 
1227      10696 12015 12015 7277 8191 
1228      10696 15468 15468 6325 4096 
1229      15404 10421 10421 5155 1    
1230      7212  5156  5156  3881 4096 
1231      13050 7977  7977  2627 8191 
1232      8954  10818 10818 1519 4096 
1233      14284 5615  5615  661  1    
1234      5572  662   662   140  4096 
1235      8022  4236  4236  7    8191 
1236      8022  8198  8198  273  4096 
1237      5719  4369  4369  915  1    
1238      5719  916   916   1867 4096 
1239      13276 5963  5963  3037 8191 
1240      9180  11228 11228 4311 4096 
1241      15670 8407  8407  5565 1    
1242      7478  5566  5566  6673 4096 
1243      15180 10769 10769 7531 8191 
1244      10828 15722 15722 8052 4096 
1245      8440  12148 12148 8185 1    
1246      8376  8186  8186  7919 4096 
1247      10696 12015 12015 7277 8191 
1248      10696 15468 15468 6325 4096 
1249      15403 10421 10421 5155 1    
1250      7211  5156  5156  3881 4096 
1251      13057 7977  7977  2627 8191 
1252      8961  10818 10818 1519 4096 
1253      13764 5615  5615  661  1    
1254      5572  662   662   140  4096 
1255      8022  4236  4236  7    8191 
1256      8022  8198  8198  273  4096 
1257      5718  4369  4369  915  1    
1258      5718  916   916   1867 4096 
1259      13279 5963  5963  3037 8191 
1260      9181  11228 11228 4311 4096 
1261      15673 8407  8407  5565 1    
1262      7481  5566  5566  6673 4096 
1263      15183 10769 10769 7531 8191 
1264      10830 15722 15722 8052 4096 
1265      8439  12148 12148 8185 1    
1266      8375  8186  8186  7919 4096 
1267      10693 12015 12015 7277 8191 
1268      10693 15468 15468 6325 4096 
1269      15405 10421 10421 5155 1    
1270      7209  5156  5156  3881 4096 
1271      13051 7977  7977  2627 8191 
1272      8955  10818 10818 1519 4096 
1273      14287 5615  5615  661  1    
1274      5575  662   662   140  4096 
1275      8023  4236  4236  7    8191 
1276      8023  8198  8198  273  4096 
1277      5718  4369  4369  915  1    
1278      5718  916   916   1867 4096 
1279      13279 5963  5963  3037 8191 
1280      9183  11228 11228 4311 4096 
1281      15672 8407  8407  5565 1    
1282      7480  5566  5566  6673 4096 
1283      15180 10769 10769 7531 8191 
1284      10828 15722 15722 8052 4096 
1285      8442  12148 12148 8185 1    
1286      8378  8186  8186  7919 4096 
1287      10700 12015 12015 7277 8191 
1288      10700 15468 15468 6325 4096 
1289      15403 10421 10421 5155 1    
1290      7211  5156  5156  3881 4096 
1291      13049 7977  7977  2627 8191 
1292      8953  10818 10818 1519 4096 
1293      14287 5615  5615  661  1    
1294      5574  662   662   140  4096 
1295      8024  4236  4236  7    8191 
1296      8024  8198  8198  273  4096 
1297      5724  4369  4369  915  1    
1298      5724  916   916   1867 4096 
1299      13277 5963  5963  3037 8191 
1300      9181  11228 11228 4311 4096 
1301      15671 8407  8407  5565 1    
1302      7478  5566  5566  6673 4096 
1303      15184 10769 10769 7531 8191 
1304      10832 15722 15722 8052 4096 
1305      8442  12148 12148 8185 1    
1306      8378  8186  8186  7919 4096 
1307      10700 12015 12015 7277 8191 
1308      10692 15468 15468 6325 4096 
1309      15405 10421 10421 5155 1    
1310      7209  5156  5156  3881 4096 
1311      13053 7977  7977  2627 8191 
1312      8957  10818 10818 1519 4096 
1313      14275 5615  5615  661  1    
1314      5570  662   662   140  4096 
1315      8022  4236  4236  7    8191 
1316      8022  8198  8198  273  4096 
1317      5720  4369  4369  915  1    
1318      5720  916   916   1867 4096 
1319      13279 5963  5963  3037 8191 
1320      9183  11228 11228 4311 4096 
1321      15670 8407  8407  5565 1    
1322      7478  5566  5566  6673 4096 
1323      15180 10769 10769 7531 8191 
1324      10828 15722 15722 8052 4096 
1325      8439  12148 12148 8185 1    
1326      8375  8186  8186  7919 4096 
1327      10701 12015 12015 7277 8191 
1328      10697 15468 15468 6325 4096 
1329      15403 10421 10421 5155 1    
1330      7211  5156  5156  3881 4096 
1331      13055 7977  7977  2627 8191 
1332      8959  10818 10818 1519 4096 
1333      14280 5615  5615  661  1    
1334      5576  662   662   140  4096 
1335      8024  4236  4236  7    8191 
1336      8024  8198  8198  273  4096 
1337      5724  4369  4369  915  1    
1338      5724  916   916   1867 4096 
1339      13277 5963  5963  3037 8191 
1340      9181  11228 11228 4311 4096 
1341      15669 8407  8407  5565 1    
1342      7477  5566  5566  6673 4096 
1343      15180 10769 10769 7531 8191 
1344      10828 15722 15722 8052 4096 
1345      8440  12148 12148 8185 1    
1346      8376  8186  8186  7919 4096 
1347      10696 12015 12015 7277 8191 
1348      10696 15468 15468 6325 4096 
1349      15406 10421 10421 5155 1    
1350      7214  5156  5156  3881 4096 
1351      13055 7977  7977  2627 8191 
1352      8959  10818 10818 1519 4096 
1353      14279 5615  5615  661  1    
1354      5575  662   662   140  4096 
1355      8022  4236  4236  7    8191 
1356      8022  8198  8198  273  4096 
1357      5726  4369  4369  915  1    
1358      5722  916   916   1867 4096 
1359      13279 5963  5963  3037 8191 
1360      9181  11228 11228 4311 4096 
1361      15672 8407  8407  5565 1    
1362      7480  5566  5566  6673 4096 
1363      15183 10769 10769 7531 8191 
1364      10831 15722 15722 8052 4096 
1365      8439  12148 12148 8185 1    
1366      8375  8186  8186  7919 4096 
1367      10700 12015 12015 7277 8191 
1368      10700 15468 15468 6325 4096 
1369      15402 10421 10421 5155 1    
1370      7210  5156  5156  3881 4096 
1371      13051 7977  7977  2627 8191 
1372      8955  10818 10818 1519 4096 
1373      14287 5615  5615  661  1    
1374      5575  662   662   140  4096 
1375      8023  4236  4236  7    8191 
1376      8023  8198  8198  273  4096 
1377      5725  4369  4369  915  1    
1378      5721  916   916   1867 4096 
1379      13296 5963  5963  3037 8191 
1380      9184  11228 11228 4311 4096 
1381      15671 8407  8407  5565 1    
1382      7479  5566  5566  6673 4096 
1383      15182 10769 10769 7531 8191 
1384      10826 15722 15722 8052 4096 
1385      8447  12148 12148 8185 1    
1386      8375  8186  8186  7919 4096 
1387      10696 12015 12015 7277 8191 
1388      10696 15468 15468 6325 4096 
1389      15401 10421 10421 5155 1    
1390      7209  5156  5156  3881 4096 
1391      13053 7977  7977  2627 8191 
1392      8957  10818 10818 1519 4096 
1393      14279 5615  5615  661  1    
1394      5575  662   662   140  4096 
1395      8022  4236  4236  7    8191 
1396      8022  8198  8198  273  4096 
1397      5715  4369  4369  915  1    
1398      5715  916   916   1867 4096 
1399      13277 5963  5963  3037 8191 
1400      9181  11228 11228 4311 4096 
1401      15672 8407  8407  5565 1    
1402      7480  5566  5566  6673 4096 
1403      15179 10769 10769 7531 8191 
1404      10827 15722 15722 8052 4096 
1405      8442  12148 12148 8185 1    
1406      8378  8186  8186  7919 4096 
1407      10696 12015 12015 7277 8191 
1408      10696 15468 15468 6325 4096 
1409      15401 10421 10421 5155 1    
1410      7209  5156  5156  3881 4096 
1411      13051 7977  7977  2627 8191 
1412      8955  10818 10818 1519 4096 
1413      14279 5615  5615  661  1    
1414      5575  662   662   140  4096 
1415      8023  4236  4236  7    8191 
1416      8023  8198  8198  273  4096 
1417      5719  4369  4369  915  1    
1418      5719  916   916   1867 4096 
1419      13279 5963  5963  3037 8191 
1420      9183  11228 11228 4311 4096 
1421      15674 8407  8407  5565 1    
1422      7482  5566  5566  6673 4096 
1423      15182 10769 10769 7531 8191 
1424      10830 15722 15722 8052 4096 
1425      8443  12148 12148 8185 1    
1426      8377  8186  8186  7919 4096 
1427      10699 12015 12015 7277 8191 
1428      10699 15468 15468 6325 4096 
1429      15405 10421 10421 5155 1    
1430      7213  5156  5156  3881 4096 
1431      13051 7977  7977  2627 8191 
1432      8954  10818 10818 1519 4096 
1433      14284 5615  5615  661  1    
1434      5580  662   662   140  4096 
1435      8024  4236  4236  7    8191 
1436      8024  8198  8198  273  4096 
1437      5720  4369  4369  915  1    
1438      5720  916   916   1867 4096 
1439      13276 5963  5963  3037 8191 
1440      9180  11228 11228 4311 4096 
1441      15675 8407  8407  5565 1    
1442      7483  5566  5566  6673 4096 
1443      15183 10769 10769 7531 8191 
1444      10831 15722 15722 8052 4096 
1445      8437  12148 12148 8185 1    
1446      8373  8186  8186  7919 4096 
1447      10703 12015 12015 7277 8191 
1448      10698 15468 15468 6325 4096 
1449      15402 10421 10421 5155 1    
1450      7210  5156  5156  3881 4096 
1451      13051 7977  7977  2627 8191 
1452      8955  10818 10818 1519 4096 
1453      14284 5615  5615  661  1    
1454      5572  662   662   140  4096 
1455      8030  4236  4236  7    8191 
1456      8026  8198  8198  273  4096 
1457      5727  4369  4369  915  1    
1458      5719  916   916   1867 4096 
1459      13278 5963  5963  3037 8191 
1460      9182  11228 11228 4311 4096 
1461      15675 8407  8407  5565 1    
1462      7481  5566  5566  6673 4096 
1463      15183 10769 10769 7531 8191 
1464      10830 15722 15722 8052 4096 
1465      8442  12148 12148 8185 1    
1466      8378  8186  8186  7919 4096 
1467      10703 12015 12015 7277 8191 
1468      10695 15468 15468 6325 4096 
1469      15405 10421 10421 5155 1    
1470      7213  5156  5156  3881 4096 
1471      13051 7977  7977  2627 8191 
1472      8954  10818 10818 1519 4096 
1473      14275 5615  5615  661  1    
1474      5571  662   662   140  4096 
1475      8025  4236  4236  7    8191 
1476      8025  8198  8198  273  4096 
1477      5724  4369  4369  915  1    
1478      5724  916   916   1867 4096 
1479      13279 5963  5963  3037 8191 
1480      9183  11228 11228 4311 4096 
1481      15673 8407  8407  5565 1    
1482      7481  5566  5566  6673 4096 
1483      15183 10769 10769 7531 8191 
1484      10830 15722 15722 8052 4096 
1485      8440  12148 12148 8185 1    
1486      8376  8186  8186  7919 4096 
1487      10703 12015 12015 7277 8191 
1488      10695 15468 15468 6325 4096 
1489      15406 10421 10421 5155 1    
1490      7210  5156  5156  3881 4096 
1491      13048 7977  7977  2627 8191 
1492      8952  10818 10818 1519 4096 
1493      14287 5615  5615  661  1    
1494      5575  662   662   140  4096 
1495      8025  4236  4236  7    8191 
1496      8025  8198  8198  273  4096 
1497      5721  4369  4369  915  1    
1498      5721  916   916   1867 4096 
1499      13279 5963  5963  3037 8191 
1500      9183  11228 11228 4311 4096 
1501      15674 8407  8407  5565 1    
1502      7482  5566  5566  6673 4096 
1503      15183 10769 10769 7531 8191 
1504      10831 15722 15722 8052 4096 
1505      8441  12148 12148 8185 1    
1506      8377  8186  8186  7919 4096 
1507      10697 12015 12015 7277 8191 
1508      10697 15468 15468 6325 4096 
1509      15400 10421 10421 5155 1    
1510      7208  5156  5156  3881 4096 
1511      13051 7977  7977  2627 8191 
1512      8955  10818 10818 1519 4096 
1513      14287 5615  5615  661  1    
1514      5575  662   662   140  4096 
1515      8025  4236  4236  7    8191 
1516      8025  8198  8198  273  4096 
1517      5723  4369  4369  915  1    
1518      5723  916   916   1867 4096 
1519      13279 5963  5963  3037 8191 
1520      9183  11228 11228 4311 4096 
1521      15676 8407  8407  5565 1    
1522      7484  5566  5566  6673 4096 
1523      15185 10769 10769 7531 8191 
1524      10833 15722 15722 8052 4096 
1525      8440  12148 12148 8185 1    
1526      8376  8186  8186  7919 4096 
1527      10696 12015 12015 7277 8191 
1528      10696 15468 15468 6325 4096 
1529      15400 10421 10421 5155 1    
1530      7208  5156  5156  3881 4096 
1531      13054 7977  7977  2627 8191 
1532      8958  10818 10818 1519 4096 
1533      14278 5615  5615  661  1    
1534      5574  662   662   140  4096 
1535      8024  4236  4236  7    8191 
1536      8024  8198  8198  273  4096 
1537      5720  4369  4369  915  1    
1538      5720  916   916   1867 4096 
1539      13278 5963  5963  3037 8191 
1540      9182  11228 11228 4311 4096 
1541      15675 8407  8407  5565 1    
1542      7483  5566  5566  6673 4096 
1543      15184 10769 10769 7531 8191 
1544      10832 15722 15722 8052 4096 
1545      8440  12148 12148 8185 1    
1546      8376  8186  8186  7919 4096 
1547      10699 12015 12015 7277 8191 
1548      10699 15468 15468 6325 4096 
1549      15403 10421 10421 5155 1    
1550      7211  5156  5156  3881 4096 
1551      13051 7977  7977  2627 8191 
1552      8955  10818 10818 1519 4096 
1553      14273 5615  5615  661  1    
1554      5569  662   662   140  4096 
1555      8027  4236  4236  7    8191 
1556      8027  8198  8198  273  4096 
1557      5724  4369  4369  915  1    
1558      5724  916   916   1867 4096 
1559      13277 5963  5963  3037 8191 
1560      9181  11228 11228 4311 4096 
1561      15673 8407  8407  5565 1    
1562      7481  5566  5566  6673 4096 
1563      15185 10769 10769 7531 8191 
1564      10833 15722 15722 8052 4096 
1565      8441  12148 12148 8185 1    
1566      8377  8186  8186  7919 4096 
1567      10703 12015 12015 7277 8191 
1568      10695 15468 15468 6325 4096 
1569      15404 10421 10421 5155 1    
1570      7212  5156  5156  3881 4096 
1571      13053 7977  7977  2627 8191 
1572      8957  10818 10818 1519 4096 
1573      14280 5615  5615  661  1    
1574      5576  662   662   140  4096 
1575      8025  4236  4236  7    8191 
1576      8025  8198  8198  273  4096 
1577      5720  4369  4369  915  1    
1578      5720  916   916   1867 4096 
1579      13277 5963  5963  3037 8191 
1580      9181  11228 11228 4311 4096 
1581      15673 8407  8407  5565 1    
1582      7481  5566  5566  6673 4096 
1583      15183 10769 10769 7531 8191 
1584      10830 15722 15722 8052 4096 
1585      8443  12148 12148 8185 1    
1586      8379  8186  8186  7919 4096 
1587      10697 12015 12015 7277 8191 
1588      10697 15468 15468 6325 4096 
1589      15403 10421 10421 5155 1    
1590      7211  5156  5156  3881 4096 
1591      13051 7977  7977  2627 8191 
1592      8955  10818 10818 1519 4096 
1593      14285 5615  5615  661  1    
1594      5573  662   662   140  4096 
1595      8031  4236  4236  7    8191 
1596      8026  8198  8198  273  4096 
1597      5723  4369  4369  915  1    
1598      5721  916   916   1867 4096 
1599      13277 5963  5963  3037 8191 
1600      9181  11228 11228 4311 4096 
1601      15671 8407  8407  5565 1    
1602      7479  5566  5566  6673 4096 
1603      15182 10769 10769 7531 8191 
1604      10826 15722 15722 8052 4096 
1605      8447  12148 12148 8185 1    
1606      8375  8186  8186  7919 4096 
1607      10696 12015 12015 7277 8191 
1608      10696 15468 15468 6325 4096 
1609      15403 10421 10421 5155 1    
1610      7211  5156  5156  3881 4096 
1611      13051 7977  7977  2627 8191 
1612      8955  10818 10818 1519 4096 
1613      14286 5615  5615  661  1    
1614      5574  662   662   140  4096 
1615      8023  4236  4236  7    8191 
1616      8023  8198  8198  273  4096 
1617      5720  4369  4369  915  1    
1618      5720  916   916   1867 4096 
1619      13276 5963  5963  3037 8191 
1620      9180  11228 11228 4311 4096 
1621      15671 8407  8407  5565 1    
1622      7479  5566  5566  6673 4096 
1623      15180 10769 10769 7531 8191 
1624      10828 15722 15722 8052 4096 
1625      8442  12148 12148 8185 1    
1626      8378  8186  8186  7919 4096 
1627      10703 12015 12015 7277 8191 
1628      10695 15468 15468 6325 4096 
1629      15399 10421 10421 5155 1    
1630      7207  5156  5156  3881 4096 
1631      13054 7977  7977  2627 8191 
1632      8958  10818 10818 1519 4096 
1633      14283 5615  5615  661  1    
1634      5577  662   662   140  4096 
1635      8031  4236  4236  7    8191 
1636      8023  8198  8198  273  4096 
1637      5717  4369  4369  915  1    
1638      5717  916   916   1867 4096 
1639      13279 5963  5963  3037 8191 
1640      9182  11228 11228 4311 4096 
1641      15671 8407  8407  5565 1    
1642      7477  5566  5566  6673 4096 
1643      15183 10769 10769 7531 8191 
1644      10830 15722 15722 8052 4096 
1645      8443  12148 12148 8185 1    
1646      8379  8186  8186  7919 4096 
1647      10699 12015 12015 7277 8191 
1648      10699 15468 15468 6325 4096 
1649      15401 10421 10421 5155 1    
1650      7209  5156  5156  3881 4096 
1651      13055 7977  7977  2627 8191 
1652      8958  10818 10818 1519 4096 
1653      14280 5615  5615  661  1    
1654      5576  662   662   140  4096 
1655      8024  4236  4236  7    8191 
1656      8024  8198  8198  273  4096 
1657      5727  4369  4369  915  1    
1658      5719  916   916   1867 4096 
1659      13277 5963  5963  3037 8191 
1660      9181  11228 11228 4311 4096 
1661      15673 8407  8407  5565 1    
1662      7481  5566  5566  6673 4096 
1663      15183 10769 10769 7531 8191 
1664      10831 15722 15722 8052 4096 
1665      8442  12148 12148 8185 1    
1666      8378  8186  8186  7919 4096 
1667      10698 12015 12015 7277 8191 
1668      10698 15468 15468 6325 4096 
1669      15403 10421 10421 5155 1    
1670      7211  5156  5156  3881 4096 
1671      13050 7977  7977  2627 8191 
1672      8954  10818 10818 1519 4096 
1673      14275 5615  5615  661  1    
1674      5571  662   662   140  4096 
1675      8025  4236  4236  7    8191 
1676      8025  8198  8198  273  4096 
1677      5727  4369  4369  915  1    
1678      5718  916   916   1867 4096 
1679      13279 5963  5963  3037 8191 
1680      9183  11228 11228 4311 4096 
1681      15673 8407  8407  5565 1    
1682      7481  5566  5566  6673 4096 
1683      15187 10769 10769 7531 8191 
1684      10834 15722 15722 8052 4096 
1685      8440  12148 12148 8185 1    
1686      8376  8186  8186  7919 4096 
1687      10703 12015 12015 7277 8191 
1688      10695 15468 15468 6325 4096 
1689      15400 10421 10421 5155 1    
1690      7208  5156  5156  3881 4096 
1691      13053 7977  7977  2627 8191 
1692      8957  10818 10818 1519 4096 
1693      14279 5615  5615  661  1    
1694      5574  662   662   140  4096 
1695      8023  4236  4236  7    8191 
1696      8023  8198  8198  273  4096 
1697      5726  4369  4369  915  1    
1698      5722  916   916   1867 4096 
1699      13278 5963  5963  3037 8191 
1700      9182  11228 11228 4311 4096 
1701      15675 8407  8407  5565 1    
1702      7481  5566  5566  6673 4096 
1703      15183 10769 10769 7531 8191 
1704      10830 15722 15722 8052 4096 
1705      8447  12148 12148 8185 1    
1706      8381  8186  8186  7919 4096 
1707      10700 12015 12015 7277 8191 
1708      10700 15468 15468 6325 4096 
1709      15399 10421 10421 5155 1    
1710      7207  5156  5156  3881 4096 
1711      13053 7977  7977  2627 8191 
1712      8957  10818 10818 1519 4096 
1713      14281 5615  5615  661  1    
1714      5577  662   662   140  4096 
1715      8024  4236  4236  7    8191 
1716      8024  8198  8198  273  4096 
1717      5721  4369  4369  915  1    
1718      5721  916   916   1867 4096 
1719      13279 5963  5963  3037 8191 
1720      9183  11228 11228 4311 4096 
1721      15672 8407  8407  5565 1    
1722      7480  5566  5566  6673 4096 
1723      15179 10769 10769 7531 8191 
1724      10827 15722 15722 8052 4096 
1725      8447  12148 12148 8185 1    
1726      8375  8186  8186  7919 4096 
1727      10699 12015 12015 7277 8191 
1728      10699 15468 15468 6325 4096 
1729      15401 10421 10421 5155 1    
1730      7209  5156  5156  3881 4096 
1731      13052 7977  7977  2627 8191 
1732      8956  10818 10818 1519 4096 
1733      14277 5615  5615  661  1    
1734      5573  662   662   140  4096 
1735      8028  4236  4236  7    8191 
1736      8024  8198  8198  273  4096 
1737      5727  4369  4369  915  1    
1738      5719  916   916   1867 4096 
1739      13278 5963  5963  3037 8191 
1740      9182  11228 11228 4311 4096 
1741      15671 8407  8407  5565 1    
1742      7479  5566  5566  6673 4096 
1743      15181 10769 10769 7531 8191 
1744      10829 15722 15722 8052 4096 
1745      8440  12148 12148 8185 1    
1746      8376  8186  8186  7919 4096 
1747      10700 12015 12015 7277 8191 
1748      10700 15468 15468 6325 4096 
1749      15402 10421 10421 5155 1    
1750      7210  5156  5156  3881 4096 
1751      13054 7977  7977  2627 8191 
1752      8958  10818 10818 1519 4096 
1753      14278 5615  5615  661  1    
1754      5574  662   662   140  4096 
1755      8024  4236  4236  7    8191 
1756      8024  8198  8198  273  4096 
1757      5727  4369  4369  915  1    
1758      5719  916   916   1867 4096 
1759      13277 5963  5963  3037 8191 
1760      9181  11228 11228 4311 4096 
1761      15675 8407  8407  5565 1    
1762      7483  5566  5566  6673 4096 
1763      15182 10769 10769 7531 8191 
1764      10830 15722 15722 8052 4096 
1765      8440  12148 12148 8185 1    
1766      8376  8186  8186  7919 4096 
1767      10699 12015 12015 7277 8191 
1768      10699 15468 15468 6325 4096 
1769      15403 10421 10421 5155 1    
1770      7211  5156  5156  3881 4096 
1771      13051 7977  7977  2627 8191 
1772      8955  10818 10818 1519 4096 
1773      14275 5615  5615  661  1    
1774      5571  662   662   140  4096 
1775      8021  4236  4236  7    8191 
1776      8021  8198  8198  273  4096 
1777      5719  4369  4369  915  1    
1778      5718  916   916   1867 4096 
1779      13279 5963  5963  3037 8191 
1780      9181  11228 11228 4311 4096 
1781      15676 8407  8407  5565 1    
1782      7484  5566  5566  6673 4096 
1783      15184 10769 10769 7531 8191 
1784      10832 15722 15722 8052 4096 
1785      8437  12148 12148 8185 1    
1786      8373  8186  8186  7919 4096 
1787      10700 12015 12015 7277 8191 
1788      10696 15468 15468 6325 4096 
1789      15401 10421 10421 5155 1    
1790      7209  5156  5156  3881 4096 
1791      13049 7977  7977  2627 8191 
