Signal Legend:

Key        Signal Name

0        = ADC_DB
1        = DAC_DA
2        = DAC_DB
3        = DE4_ADDA_HSMB_TOP:U1|lpm_add:lpm|dataa
4        = DE4_ADDA_HSMB_TOP:U1|lpm_add:lpm|datab

Data Table:

Signals-> 0     1     2     3    4    

sample

-256      8364  7996  7996  5173 8191 
-255      8919  13364 13364 6341 4096 
-254      8919  10437 10437 7289 1    
-253      9773  7290  7290  7926 4096 
-252      9773  12022 12022 8186 8191 
-251      9440  16377 16377 8046 4096 
-250      9440  12142 12142 7520 1    
-249      9208  7521  7521  6659 4096 
-248      9208  10755 10755 5547 8191 
-247      16188 13738 13738 4292 4096 
-246      7988  8388  8388  3019 1    
-245      7442  3020  3020  1851 4096 
-244      7442  5947  5947  903  8191 
-243      6585  9094  9094  266  4096 
-242      6585  4362  4362  6    1    
-241      6919  7     7     146  4096 
-240      6919  4242  4242  672  8191 
-239      7136  8863  8863  1533 4096 
-238      7136  5629  5629  2645 1    
-237      12460 2646  2646  3900 4096 
-236      8364  7996  7996  5173 8191 
-235      8953  13364 13364 6341 4096 
-234      8921  10437 10437 7289 1    
-233      9773  7290  7290  7926 4096 
-232      9773  12022 12022 8186 8191 
-231      9471  16377 16377 8046 4096 
-230      9439  12142 12142 7520 1    
-229      9209  7521  7521  6659 4096 
-228      9209  10755 10755 5547 8191 
-227      16189 13738 13738 4292 4096 
-226      7989  8388  8388  3019 1    
-225      7443  3020  3020  1851 4096 
-224      7443  5947  5947  903  8191 
-223      6584  9094  9094  266  4096 
-222      6584  4362  4362  6    1    
-221      6915  7     7     146  4096 
-220      6915  4242  4242  672  8191 
-219      7135  8863  8863  1533 4096 
-218      7135  5629  5629  2645 1    
-217      12463 2646  2646  3900 4096 
-216      8367  7996  7996  5173 8191 
-215      8952  13364 13364 6341 4096 
-214      8920  10437 10437 7289 1    
-213      9771  7290  7290  7926 4096 
-212      9771  12022 12022 8186 8191 
-211      9471  16377 16377 8046 4096 
-210      9439  12142 12142 7520 1    
-209      9208  7521  7521  6659 4096 
-208      9208  10755 10755 5547 8191 
-207      16178 13738 13738 4292 4096 
-206      7986  8388  8388  3019 1    
-205      7447  3020  3020  1851 4096 
-204      7445  5947  5947  903  8191 
-203      6583  9094  9094  266  4096 
-202      6582  4362  4362  6    1    
-201      6918  7     7     146  4096 
-200      6918  4242  4242  672  8191 
-199      7136  8863  8863  1533 4096 
-198      7136  5629  5629  2645 1    
-197      12465 2646  2646  3900 4096 
-196      8369  7996  7996  5173 8191 
-195      8919  13364 13364 6341 4096 
-194      8919  10437 10437 7289 1    
-193      9790  7290  7290  7926 4096 
-192      9774  12022 12022 8186 8191 
-191      9471  16377 16377 8046 4096 
-190      9439  12142 12142 7520 1    
-189      9208  7521  7521  6659 4096 
-188      9208  10755 10755 5547 8191 
-187      16179 13738 13738 4292 4096 
-186      7987  8388  8388  3019 1    
-185      7444  3020  3020  1851 4096 
-184      7444  5947  5947  903  8191 
-183      6583  9094  9094  266  4096 
-182      6583  4362  4362  6    1    
-181      6917  7     7     146  4096 
-180      6917  4242  4242  672  8191 
-179      7133  8863  8863  1533 4096 
-178      7133  5629  5629  2645 1    
-177      12464 2646  2646  3900 4096 
-176      8368  7996  7996  5173 8191 
-175      8921  13364 13364 6341 4096 
-174      8921  10437 10437 7289 1    
-173      9791  7290  7290  7926 4096 
-172      9774  12022 12022 8186 8191 
-171      9442  16377 16377 8046 4096 
-170      9442  12142 12142 7520 1    
-169      9210  7521  7521  6659 4096 
-168      9210  10755 10755 5547 8191 
-167      16176 13738 13738 4292 4096 
-166      7984  8388  8388  3019 1    
-165      7445  3020  3020  1851 4096 
-164      7445  5947  5947  903  8191 
-163      6589  9094  9094  266  4096 
-162      6585  4362  4362  6    1    
-161      6920  7     7     146  4096 
-160      6920  4242  4242  672  8191 
-159      7138  8863  8863  1533 4096 
-158      7138  5629  5629  2645 1    
-157      12461 2646  2646  3900 4096 
-156      8365  7996  7996  5173 8191 
-155      8955  13364 13364 6341 4096 
-154      8923  10437 10437 7289 1    
-153      9774  7290  7290  7926 4096 
-152      9774  12022 12022 8186 8191 
-151      9471  16377 16377 8046 4096 
-150      9439  12142 12142 7520 1    
-149      9208  7521  7521  6659 4096 
-148      9208  10755 10755 5547 8191 
-147      16180 13738 13738 4292 4096 
-146      7988  8388  8388  3019 1    
-145      7446  3020  3020  1851 4096 
-144      7446  5947  5947  903  8191 
-143      6584  9094  9094  266  4096 
-142      6584  4362  4362  6    1    
-141      6917  7     7     146  4096 
-140      6917  4242  4242  672  8191 
-139      7136  8863  8863  1533 4096 
-138      7136  5629  5629  2645 1    
-137      12468 2646  2646  3900 4096 
-136      8372  7996  7996  5173 8191 
-135      8919  13364 13364 6341 4096 
-134      8919  10437 10437 7289 1    
-133      9791  7290  7290  7926 4096 
-132      9775  12022 12022 8186 8191 
-131      9442  16377 16377 8046 4096 
-130      9442  12142 12142 7520 1    
-129      9207  7521  7521  6659 4096 
-128      9207  10755 10755 5547 8191 
-127      16180 13738 13738 4292 4096 
-126      7988  8388  8388  3019 1    
-125      7442  3020  3020  1851 4096 
-124      7442  5947  5947  903  8191 
-123      6584  9094  9094  266  4096 
-122      6584  4362  4362  6    1    
-121      6918  7     7     146  4096 
-120      6918  4242  4242  672  8191 
-119      7134  8863  8863  1533 4096 
-118      7134  5629  5629  2645 1    
-117      12464 2646  2646  3900 4096 
-116      8368  7996  7996  5173 8191 
-115      8919  13364 13364 6341 4096 
-114      8919  10437 10437 7289 1    
-113      9787  7290  7290  7926 4096 
-112      9771  12022 12022 8186 8191 
-111      9440  16377 16377 8046 4096 
-110      9440  12142 12142 7520 1    
-109      9208  7521  7521  6659 4096 
-108      9208  10755 10755 5547 8191 
-107      16188 13738 13738 4292 4096 
-106      7988  8388  8388  3019 1    
-105      7444  3020  3020  1851 4096 
-104      7444  5947  5947  903  8191 
-103      6588  9094  9094  266  4096 
-102      6588  4362  4362  6    1    
-101      6925  7     7     146  4096 
-100      6925  4242  4242  672  8191 
-99       7139  8863  8863  1533 4096 
-98       7139  5629  5629  2645 1    
-97       12463 2646  2646  3900 4096 
-96       8367  7996  7996  5173 8191 
-95       8951  13364 13364 6341 4096 
-94       8919  10437 10437 7289 1    
-93       9771  7290  7290  7926 4096 
-92       9771  12022 12022 8186 8191 
-91       9442  16377 16377 8046 4096 
-90       9442  12142 12142 7520 1    
-89       9211  7521  7521  6659 4096 
-88       9211  10755 10755 5547 8191 
-87       16179 13738 13738 4292 4096 
-86       7987  8388  8388  3019 1    
-85       7443  3020  3020  1851 4096 
-84       7443  5947  5947  903  8191 
-83       6584  9094  9094  266  4096 
-82       6584  4362  4362  6    1    
-81       6916  7     7     146  4096 
-80       6916  4242  4242  672  8191 
-79       7137  8863  8863  1533 4096 
-78       7137  5629  5629  2645 1    
-77       12463 2646  2646  3900 4096 
-76       8366  7996  7996  5173 8191 
-75       8952  13364 13364 6341 4096 
-74       8920  10437 10437 7289 1    
-73       9771  7290  7290  7926 4096 
-72       9771  12022 12022 8186 8191 
-71       9442  16377 16377 8046 4096 
-70       9442  12142 12142 7520 1    
-69       9206  7521  7521  6659 4096 
-68       9206  10755 10755 5547 8191 
-67       16180 13738 13738 4292 4096 
-66       7988  8388  8388  3019 1    
-65       7445  3020  3020  1851 4096 
-64       7445  5947  5947  903  8191 
-63       6588  9094  9094  266  4096 
-62       6584  4362  4362  6    1    
-61       6916  7     7     146  4096 
-60       6916  4242  4242  672  8191 
-59       7134  8863  8863  1533 4096 
-58       7134  5629  5629  2645 1    
-57       12464 2646  2646  3900 4096 
-56       8368  7996  7996  5173 8191 
-55       8919  13364 13364 6341 4096 
-54       8919  10437 10437 7289 1    
-53       9788  7290  7290  7926 4096 
-52       9772  12022 12022 8186 8191 
-51       9441  16377 16377 8046 4096 
-50       9441  12142 12142 7520 1    
-49       9205  7521  7521  6659 4096 
-48       9205  10755 10755 5547 8191 
-47       16177 13738 13738 4292 4096 
-46       7985  8388  8388  3019 1    
-45       7443  3020  3020  1851 4096 
-44       7443  5947  5947  903  8191 
-43       6585  9094  9094  266  4096 
-42       6585  4362  4362  6    1    
-41       6923  7     7     146  4096 
-40       6923  4242  4242  672  8191 
-39       7135  8863  8863  1533 4096 
-38       7135  5629  5629  2645 1    
-37       12464 2646  2646  3900 4096 
-36       8368  7996  7996  5173 8191 
-35       8921  13364 13364 6341 4096 
-34       8921  10437 10437 7289 1    
-33       9771  7290  7290  7926 4096 
-32       9771  12022 12022 8186 8191 
-31       9442  16377 16377 8046 4096 
-30       9442  12142 12142 7520 1    
-29       9206  7521  7521  6659 4096 
-28       9206  10755 10755 5547 8191 
-27       16180 13738 13738 4292 4096 
-26       7988  8388  8388  3019 1    
-25       7444  3020  3020  1851 4096 
-24       7444  5947  5947  903  8191 
-23       6588  9094  9094  266  4096 
-22       6584  4362  4362  6    1    
-21       6924  7     7     146  4096 
-20       6924  4242  4242  672  8191 
-19       7136  8863  8863  1533 4096 
-18       7136  5629  5629  2645 1    
-17       12464 2646  2646  3900 4096 
-16       8368  7996  7996  5173 8191 
-15       8918  13364 13364 6341 4096 
-14       8918  10437 10437 7289 1    
-13       9788  7290  7290  7926 4096 
-12       9772  12022 12022 8186 8191 
-11       9440  16377 16377 8046 4096 
-10       9440  12142 12142 7520 1    
-9        9207  7521  7521  6659 4096 
-8        9207  10755 10755 5547 8191 
-7        16180 13738 13738 4292 4096 
-6        7988  8388  8388  3019 1    
-5        7442  3020  3020  1851 4096 
-4        7442  5947  5947  903  8191 
-3        6587  9094  9094  266  4096 
-2        6585  4362  4362  6    1    
-1        6917  7     7     146  4096 
0         6917  4242  4242  672  8191 
1         7136  8863  8863  1533 4096 
2         7136  5629  5629  2645 1    
3         12464 2646  2646  3900 4096 
4         8368  7996  7996  5173 8191 
5         8921  13364 13364 6341 4096 
6         8921  10437 10437 7289 1    
7         9773  7290  7290  7926 4096 
8         9773  12022 12022 8186 8191 
9         9471  16377 16377 8046 4096 
10        9439  12142 12142 7520 1    
11        9210  7521  7521  6659 4096 
12        9210  10755 10755 5547 8191 
13        16191 13738 13738 4292 4096 
14        7989  8388  8388  3019 1    
15        7443  3020  3020  1851 4096 
16        7443  5947  5947  903  8191 
17        6578  9094  9094  266  4096 
18        6578  4362  4362  6    1    
19        6924  7     7     146  4096 
20        6924  4242  4242  672  8191 
21        7134  8863  8863  1533 4096 
22        7134  5629  5629  2645 1    
23        12463 2646  2646  3900 4096 
24        8367  7996  7996  5173 8191 
25        8922  13364 13364 6341 4096 
26        8922  10437 10437 7289 1    
27        9775  7290  7290  7926 4096 
28        9775  12022 12022 8186 8191 
29        9443  16377 16377 8046 4096 
30        9443  12142 12142 7520 1    
31        9210  7521  7521  6659 4096 
32        9210  10755 10755 5547 8191 
33        16190 13738 13738 4292 4096 
34        7990  8388  8388  3019 1    
35        7442  3020  3020  1851 4096 
36        7442  5947  5947  903  8191 
37        6582  9094  9094  266  4096 
38        6582  4362  4362  6    1    
39        6915  7     7     146  4096 
40        6915  4242  4242  672  8191 
41        7133  8863  8863  1533 4096 
42        7133  5629  5629  2645 1    
43        12461 2646  2646  3900 4096 
44        8365  7996  7996  5173 8191 
45        8952  13364 13364 6341 4096 
46        8920  10437 10437 7289 1    
47        9773  7290  7290  7926 4096 
48        9773  12022 12022 8186 8191 
49        9441  16377 16377 8046 4096 
50        9441  12142 12142 7520 1    
51        9208  7521  7521  6659 4096 
52        9208  10755 10755 5547 8191 
53        16189 13738 13738 4292 4096 
54        7989  8388  8388  3019 1    
55        7444  3020  3020  1851 4096 
56        7444  5947  5947  903  8191 
57        6582  9094  9094  266  4096 
58        6582  4362  4362  6    1    
59        6914  7     7     146  4096 
60        6914  4242  4242  672  8191 
61        7135  8863  8863  1533 4096 
62        7135  5629  5629  2645 1    
63        12459 2646  2646  3900 4096 
64        8363  7996  7996  5173 8191 
65        8953  13364 13364 6341 4096 
66        8921  10437 10437 7289 1    
67        9772  7290  7290  7926 4096 
68        9772  12022 12022 8186 8191 
69        9440  16377 16377 8046 4096 
70        9440  12142 12142 7520 1    
71        9207  7521  7521  6659 4096 
72        9207  10755 10755 5547 8191 
73        16180 13738 13738 4292 4096 
74        7988  8388  8388  3019 1    
75        7445  3020  3020  1851 4096 
76        7445  5947  5947  903  8191 
77        6589  9094  9094  266  4096 
78        6585  4362  4362  6    1    
79        6916  7     7     146  4096 
80        6916  4242  4242  672  8191 
81        7134  8863  8863  1533 4096 
82        7134  5629  5629  2645 1    
83        12460 2646  2646  3900 4096 
84        8364  7996  7996  5173 8191 
85        8953  13364 13364 6341 4096 
86        8921  10437 10437 7289 1    
87        9768  7290  7290  7926 4096 
88        9768  12022 12022 8186 8191 
89        9440  16377 16377 8046 4096 
90        9440  12142 12142 7520 1    
91        9209  7521  7521  6659 4096 
92        9209  10755 10755 5547 8191 
93        16179 13738 13738 4292 4096 
94        7987  8388  8388  3019 1    
95        7447  3020  3020  1851 4096 
96        7447  5947  5947  903  8191 
97        6590  9094  9094  266  4096 
98        6586  4362  4362  6    1    
99        6919  7     7     146  4096 
100       6919  4242  4242  672  8191 
101       7136  8863  8863  1533 4096 
102       7136  5629  5629  2645 1    
103       12466 2646  2646  3900 4096 
104       8370  7996  7996  5173 8191 
105       8923  13364 13364 6341 4096 
106       8921  10437 10437 7289 1    
107       9772  7290  7290  7926 4096 
108       9772  12022 12022 8186 8191 
109       9470  16377 16377 8046 4096 
110       9438  12142 12142 7520 1    
111       9205  7521  7521  6659 4096 
112       9205  10755 10755 5547 8191 
113       16181 13738 13738 4292 4096 
114       7989  8388  8388  3019 1    
115       7443  3020  3020  1851 4096 
116       7443  5947  5947  903  8191 
117       6584  9094  9094  266  4096 
118       6584  4362  4362  6    1    
119       6917  7     7     146  4096 
120       6917  4242  4242  672  8191 
121       7139  8863  8863  1533 4096 
122       7138  5629  5629  2645 1    
123       12465 2646  2646  3900 4096 
124       8369  7996  7996  5173 8191 
125       8921  13364 13364 6341 4096 
126       8921  10437 10437 7289 1    
127       9775  7290  7290  7926 4096 
128       9775  12022 12022 8186 8191 
129       9444  16377 16377 8046 4096 
130       9444  12142 12142 7520 1    
131       9206  7521  7521  6659 4096 
132       9206  10755 10755 5547 8191 
133       16179 13738 13738 4292 4096 
134       7987  8388  8388  3019 1    
135       7442  3020  3020  1851 4096 
136       7442  5947  5947  903  8191 
137       6583  9094  9094  266  4096 
138       6583  4362  4362  6    1    
139       6916  7     7     146  4096 
140       6916  4242  4242  672  8191 
141       7137  8863  8863  1533 4096 
142       7137  5629  5629  2645 1    
143       12463 2646  2646  3900 4096 
144       8367  7996  7996  5173 8191 
145       8919  13364 13364 6341 4096 
146       8919  10437 10437 7289 1    
147       9788  7290  7290  7926 4096 
148       9772  12022 12022 8186 8191 
149       9442  16377 16377 8046 4096 
150       9442  12142 12142 7520 1    
151       9211  7521  7521  6659 4096 
152       9209  10755 10755 5547 8191 
153       16180 13738 13738 4292 4096 
154       7988  8388  8388  3019 1    
155       7446  3020  3020  1851 4096 
156       7446  5947  5947  903  8191 
157       6583  9094  9094  266  4096 
158       6583  4362  4362  6    1    
159       6913  7     7     146  4096 
160       6913  4242  4242  672  8191 
161       7133  8863  8863  1533 4096 
162       7133  5629  5629  2645 1    
163       12465 2646  2646  3900 4096 
164       8369  7996  7996  5173 8191 
165       8920  13364 13364 6341 4096 
166       8920  10437 10437 7289 1    
167       9788  7290  7290  7926 4096 
168       9772  12022 12022 8186 8191 
169       9441  16377 16377 8046 4096 
170       9441  12142 12142 7520 1    
171       9208  7521  7521  6659 4096 
172       9208  10755 10755 5547 8191 
173       16190 13738 13738 4292 4096 
174       7990  8388  8388  3019 1    
175       7445  3020  3020  1851 4096 
176       7445  5947  5947  903  8191 
177       6588  9094  9094  266  4096 
178       6588  4362  4362  6    1    
179       6920  7     7     146  4096 
180       6920  4242  4242  672  8191 
181       7136  8863  8863  1533 4096 
182       7136  5629  5629  2645 1    
183       12459 2646  2646  3900 4096 
184       8363  7996  7996  5173 8191 
185       8951  13364 13364 6341 4096 
186       8919  10437 10437 7289 1    
187       9791  7290  7290  7926 4096 
188       9775  12022 12022 8186 8191 
189       9471  16377 16377 8046 4096 
190       9439  12142 12142 7520 1    
191       9207  7521  7521  6659 4096 
192       9207  10755 10755 5547 8191 
193       16179 13738 13738 4292 4096 
194       7987  8388  8388  3019 1    
195       7444  3020  3020  1851 4096 
196       7444  5947  5947  903  8191 
197       6589  9094  9094  266  4096 
198       6585  4362  4362  6    1    
199       6914  7     7     146  4096 
200       6914  4242  4242  672  8191 
201       7135  8863  8863  1533 4096 
202       7135  5629  5629  2645 1    
203       12463 2646  2646  3900 4096 
204       8367  7996  7996  5173 8191 
205       8956  13364 13364 6341 4096 
206       8924  10437 10437 7289 1    
207       9770  7290  7290  7926 4096 
208       9770  12022 12022 8186 8191 
209       9440  16377 16377 8046 4096 
210       9440  12142 12142 7520 1    
211       9210  7521  7521  6659 4096 
212       9210  10755 10755 5547 8191 
213       16181 13738 13738 4292 4096 
214       7989  8388  8388  3019 1    
215       7445  3020  3020  1851 4096 
216       7445  5947  5947  903  8191 
217       6589  9094  9094  266  4096 
218       6585  4362  4362  6    1    
219       6916  7     7     146  4096 
220       6916  4242  4242  672  8191 
221       7134  8863  8863  1533 4096 
222       7134  5629  5629  2645 1    
223       12462 2646  2646  3900 4096 
224       8366  7996  7996  5173 8191 
225       8952  13364 13364 6341 4096 
226       8920  10437 10437 7289 1    
227       9770  7290  7290  7926 4096 
228       9770  12022 12022 8186 8191 
229       9471  16377 16377 8046 4096 
230       9439  12142 12142 7520 1    
231       9209  7521  7521  6659 4096 
232       9209  10755 10755 5547 8191 
233       16188 13738 13738 4292 4096 
234       7988  8388  8388  3019 1    
235       7446  3020  3020  1851 4096 
236       7446  5947  5947  903  8191 
237       6591  9094  9094  266  4096 
238       6587  4362  4362  6    1    
239       6918  7     7     146  4096 
240       6918  4242  4242  672  8191 
241       7135  8863  8863  1533 4096 
242       7135  5629  5629  2645 1    
243       12463 2646  2646  3900 4096 
244       8367  7996  7996  5173 8191 
245       8953  13364 13364 6341 4096 
246       8921  10437 10437 7289 1    
247       9775  7290  7290  7926 4096 
248       9775  12022 12022 8186 8191 
249       9440  16377 16377 8046 4096 
250       9440  12142 12142 7520 1    
251       9208  7521  7521  6659 4096 
252       9208  10755 10755 5547 8191 
253       16188 13738 13738 4292 4096 
254       7988  8388  8388  3019 1    
255       7445  3020  3020  1851 4096 
256       7445  5947  5947  903  8191 
257       6589  9094  9094  266  4096 
258       6585  4362  4362  6    1    
259       6915  7     7     146  4096 
260       6915  4242  4242  672  8191 
261       7134  8863  8863  1533 4096 
262       7134  5629  5629  2645 1    
263       12461 2646  2646  3900 4096 
264       8365  7996  7996  5173 8191 
265       8918  13364 13364 6341 4096 
266       8918  10437 10437 7289 1    
267       9775  7290  7290  7926 4096 
268       9771  12022 12022 8186 8191 
269       9442  16377 16377 8046 4096 
270       9442  12142 12142 7520 1    
271       9207  7521  7521  6659 4096 
272       9207  10755 10755 5547 8191 
273       16176 13738 13738 4292 4096 
274       7984  8388  8388  3019 1    
275       7441  3020  3020  1851 4096 
276       7441  5947  5947  903  8191 
277       6583  9094  9094  266  4096 
278       6583  4362  4362  6    1    
279       6918  7     7     146  4096 
280       6918  4242  4242  672  8191 
281       7136  8863  8863  1533 4096 
282       7136  5629  5629  2645 1    
283       12463 2646  2646  3900 4096 
284       8367  7996  7996  5173 8191 
285       8952  13364 13364 6341 4096 
286       8920  10437 10437 7289 1    
287       9771  7290  7290  7926 4096 
288       9771  12022 12022 8186 8191 
289       9471  16377 16377 8046 4096 
290       9439  12142 12142 7520 1    
291       9208  7521  7521  6659 4096 
292       9208  10755 10755 5547 8191 
293       16184 13738 13738 4292 4096 
294       7992  8388  8388  3019 1    
295       7454  3020  3020  1851 4096 
296       7446  5947  5947  903  8191 
297       6585  9094  9094  266  4096 
298       6585  4362  4362  6    1    
299       6914  7     7     146  4096 
300       6914  4242  4242  672  8191 
301       7135  8863  8863  1533 4096 
302       7133  5629  5629  2645 1    
303       12463 2646  2646  3900 4096 
304       8367  7996  7996  5173 8191 
305       8952  13364 13364 6341 4096 
306       8920  10437 10437 7289 1    
307       9773  7290  7290  7926 4096 
308       9773  12022 12022 8186 8191 
309       9469  16377 16377 8046 4096 
310       9437  12142 12142 7520 1    
311       9207  7521  7521  6659 4096 
312       9207  10755 10755 5547 8191 
313       16179 13738 13738 4292 4096 
314       7987  8388  8388  3019 1    
315       7447  3020  3020  1851 4096 
316       7447  5947  5947  903  8191 
317       6590  9094  9094  266  4096 
318       6586  4362  4362  6    1    
319       6917  7     7     146  4096 
320       6917  4242  4242  672  8191 
321       7133  8863  8863  1533 4096 
322       7133  5629  5629  2645 1    
323       12463 2646  2646  3900 4096 
324       8367  7996  7996  5173 8191 
325       8954  13364 13364 6341 4096 
326       8922  10437 10437 7289 1    
327       9775  7290  7290  7926 4096 
328       9773  12022 12022 8186 8191 
329       9441  16377 16377 8046 4096 
330       9441  12142 12142 7520 1    
331       9209  7521  7521  6659 4096 
332       9209  10755 10755 5547 8191 
333       16191 13738 13738 4292 4096 
334       7990  8388  8388  3019 1    
335       7444  3020  3020  1851 4096 
336       7444  5947  5947  903  8191 
337       6591  9094  9094  266  4096 
338       6587  4362  4362  6    1    
339       6916  7     7     146  4096 
340       6916  4242  4242  672  8191 
341       7135  8863  8863  1533 4096 
342       7135  5629  5629  2645 1    
343       12465 2646  2646  3900 4096 
344       8369  7996  7996  5173 8191 
345       8921  13364 13364 6341 4096 
346       8921  10437 10437 7289 1    
347       9771  7290  7290  7926 4096 
348       9771  12022 12022 8186 8191 
349       9453  16377 16377 8046 4096 
350       9445  12142 12142 7520 1    
351       9215  7521  7521  6659 4096 
352       9210  10755 10755 5547 8191 
353       16189 13738 13738 4292 4096 
354       7989  8388  8388  3019 1    
355       7448  3020  3020  1851 4096 
356       7448  5947  5947  903  8191 
357       6591  9094  9094  266  4096 
358       6583  4362  4362  6    1    
359       6920  7     7     146  4096 
360       6920  4242  4242  672  8191 
361       7135  8863  8863  1533 4096 
362       7135  5629  5629  2645 1    
363       12464 2646  2646  3900 4096 
364       8368  7996  7996  5173 8191 
365       8919  13364 13364 6341 4096 
366       8919  10437 10437 7289 1    
367       9789  7290  7290  7926 4096 
368       9773  12022 12022 8186 8191 
369       9440  16377 16377 8046 4096 
370       9440  12142 12142 7520 1    
371       9211  7521  7521  6659 4096 
372       9211  10755 10755 5547 8191 
373       16181 13738 13738 4292 4096 
374       7989  8388  8388  3019 1    
375       7448  3020  3020  1851 4096 
376       7448  5947  5947  903  8191 
377       6590  9094  9094  266  4096 
378       6582  4362  4362  6    1    
379       6923  7     7     146  4096 
380       6923  4242  4242  672  8191 
381       7136  8863  8863  1533 4096 
382       7136  5629  5629  2645 1    
383       12465 2646  2646  3900 4096 
384       8369  7996  7996  5173 8191 
385       8922  13364 13364 6341 4096 
386       8922  10437 10437 7289 1    
387       9770  7290  7290  7926 4096 
388       9770  12022 12022 8186 8191 
389       9471  16377 16377 8046 4096 
390       9439  12142 12142 7520 1    
391       9210  7521  7521  6659 4096 
392       9210  10755 10755 5547 8191 
393       16178 13738 13738 4292 4096 
394       7986  8388  8388  3019 1    
395       7442  3020  3020  1851 4096 
396       7442  5947  5947  903  8191 
397       6584  9094  9094  266  4096 
398       6584  4362  4362  6    1    
399       6915  7     7     146  4096 
400       6915  4242  4242  672  8191 
401       7134  8863  8863  1533 4096 
402       7134  5629  5629  2645 1    
403       12465 2646  2646  3900 4096 
404       8369  7996  7996  5173 8191 
405       8922  13364 13364 6341 4096 
406       8922  10437 10437 7289 1    
407       9771  7290  7290  7926 4096 
408       9771  12022 12022 8186 8191 
409       9440  16377 16377 8046 4096 
410       9440  12142 12142 7520 1    
411       9209  7521  7521  6659 4096 
412       9209  10755 10755 5547 8191 
413       16178 13738 13738 4292 4096 
414       7986  8388  8388  3019 1    
415       7447  3020  3020  1851 4096 
416       7445  5947  5947  903  8191 
417       6583  9094  9094  266  4096 
418       6582  4362  4362  6    1    
419       6919  7     7     146  4096 
420       6919  4242  4242  672  8191 
421       7135  8863  8863  1533 4096 
422       7135  5629  5629  2645 1    
423       12462 2646  2646  3900 4096 
424       8366  7996  7996  5173 8191 
425       8919  13364 13364 6341 4096 
426       8919  10437 10437 7289 1    
427       9787  7290  7290  7926 4096 
428       9771  12022 12022 8186 8191 
429       9441  16377 16377 8046 4096 
430       9441  12142 12142 7520 1    
431       9209  7521  7521  6659 4096 
432       9209  10755 10755 5547 8191 
433       16179 13738 13738 4292 4096 
434       7987  8388  8388  3019 1    
435       7444  3020  3020  1851 4096 
436       7444  5947  5947  903  8191 
437       6582  9094  9094  266  4096 
438       6582  4362  4362  6    1    
439       6918  7     7     146  4096 
440       6918  4242  4242  672  8191 
441       7135  8863  8863  1533 4096 
442       7133  5629  5629  2645 1    
443       12464 2646  2646  3900 4096 
444       8368  7996  7996  5173 8191 
445       8921  13364 13364 6341 4096 
446       8921  10437 10437 7289 1    
447       9775  7290  7290  7926 4096 
448       9775  12022 12022 8186 8191 
449       9471  16377 16377 8046 4096 
450       9439  12142 12142 7520 1    
451       9208  7521  7521  6659 4096 
452       9208  10755 10755 5547 8191 
453       16183 13738 13738 4292 4096 
454       7991  8388  8388  3019 1    
455       7444  3020  3020  1851 4096 
456       7444  5947  5947  903  8191 
457       6589  9094  9094  266  4096 
458       6585  4362  4362  6    1    
459       6922  7     7     146  4096 
460       6922  4242  4242  672  8191 
461       7135  8863  8863  1533 4096 
462       7135  5629  5629  2645 1    
463       12463 2646  2646  3900 4096 
464       8367  7996  7996  5173 8191 
465       8950  13364 13364 6341 4096 
466       8918  10437 10437 7289 1    
467       9791  7290  7290  7926 4096 
468       9775  12022 12022 8186 8191 
469       9440  16377 16377 8046 4096 
470       9440  12142 12142 7520 1    
471       9206  7521  7521  6659 4096 
472       9206  10755 10755 5547 8191 
473       16182 13738 13738 4292 4096 
474       7990  8388  8388  3019 1    
475       7446  3020  3020  1851 4096 
476       7446  5947  5947  903  8191 
477       6589  9094  9094  266  4096 
478       6585  4362  4362  6    1    
479       6917  7     7     146  4096 
480       6917  4242  4242  672  8191 
481       7135  8863  8863  1533 4096 
482       7134  5629  5629  2645 1    
483       12463 2646  2646  3900 4096 
484       8367  7996  7996  5173 8191 
485       8952  13364 13364 6341 4096 
486       8920  10437 10437 7289 1    
487       9772  7290  7290  7926 4096 
488       9772  12022 12022 8186 8191 
489       9471  16377 16377 8046 4096 
490       9439  12142 12142 7520 1    
491       9209  7521  7521  6659 4096 
492       9209  10755 10755 5547 8191 
493       16191 13738 13738 4292 4096 
494       7990  8388  8388  3019 1    
495       7445  3020  3020  1851 4096 
496       7445  5947  5947  903  8191 
497       6591  9094  9094  266  4096 
498       6586  4362  4362  6    1    
499       6914  7     7     146  4096 
500       6914  4242  4242  672  8191 
501       7134  8863  8863  1533 4096 
502       7134  5629  5629  2645 1    
503       12459 2646  2646  3900 4096 
504       8363  7996  7996  5173 8191 
505       8925  13364 13364 6341 4096 
506       8925  10437 10437 7289 1    
507       9773  7290  7290  7926 4096 
508       9773  12022 12022 8186 8191 
509       9440  16377 16377 8046 4096 
510       9440  12142 12142 7520 1    
511       9209  7521  7521  6659 4096 
512       9209  10755 10755 5547 8191 
513       16181 13738 13738 4292 4096 
514       7989  8388  8388  3019 1    
515       7443  3020  3020  1851 4096 
516       7443  5947  5947  903  8191 
517       6584  9094  9094  266  4096 
518       6584  4362  4362  6    1    
519       6917  7     7     146  4096 
520       6917  4242  4242  672  8191 
521       7135  8863  8863  1533 4096 
522       7134  5629  5629  2645 1    
523       12464 2646  2646  3900 4096 
524       8368  7996  7996  5173 8191 
525       8921  13364 13364 6341 4096 
526       8921  10437 10437 7289 1    
527       9788  7290  7290  7926 4096 
528       9772  12022 12022 8186 8191 
529       9440  16377 16377 8046 4096 
530       9440  12142 12142 7520 1    
531       9207  7521  7521  6659 4096 
532       9207  10755 10755 5547 8191 
533       16180 13738 13738 4292 4096 
534       7988  8388  8388  3019 1    
535       7445  3020  3020  1851 4096 
536       7445  5947  5947  903  8191 
537       6588  9094  9094  266  4096 
538       6584  4362  4362  6    1    
539       6919  7     7     146  4096 
540       6919  4242  4242  672  8191 
541       7136  8863  8863  1533 4096 
542       7136  5629  5629  2645 1    
543       12462 2646  2646  3900 4096 
544       8366  7996  7996  5173 8191 
545       8919  13364 13364 6341 4096 
546       8919  10437 10437 7289 1    
547       9791  7290  7290  7926 4096 
548       9771  12022 12022 8186 8191 
549       9470  16377 16377 8046 4096 
550       9438  12142 12142 7520 1    
551       9209  7521  7521  6659 4096 
552       9209  10755 10755 5547 8191 
553       16178 13738 13738 4292 4096 
554       7986  8388  8388  3019 1    
555       7442  3020  3020  1851 4096 
556       7442  5947  5947  903  8191 
557       6584  9094  9094  266  4096 
558       6584  4362  4362  6    1    
559       6915  7     7     146  4096 
560       6915  4242  4242  672  8191 
561       7134  8863  8863  1533 4096 
562       7134  5629  5629  2645 1    
563       12462 2646  2646  3900 4096 
564       8366  7996  7996  5173 8191 
565       8918  13364 13364 6341 4096 
566       8918  10437 10437 7289 1    
567       9791  7290  7290  7926 4096 
568       9773  12022 12022 8186 8191 
569       9469  16377 16377 8046 4096 
570       9437  12142 12142 7520 1    
571       9207  7521  7521  6659 4096 
572       9207  10755 10755 5547 8191 
573       16184 13738 13738 4292 4096 
574       7992  8388  8388  3019 1    
575       7452  3020  3020  1851 4096 
576       7444  5947  5947  903  8191 
577       6589  9094  9094  266  4096 
578       6585  4362  4362  6    1    
579       6919  7     7     146  4096 
580       6918  4242  4242  672  8191 
581       7135  8863  8863  1533 4096 
582       7133  5629  5629  2645 1    
583       12463 2646  2646  3900 4096 
584       8367  7996  7996  5173 8191 
585       8921  13364 13364 6341 4096 
586       8921  10437 10437 7289 1    
587       9773  7290  7290  7926 4096 
588       9773  12022 12022 8186 8191 
589       9471  16377 16377 8046 4096 
590       9438  12142 12142 7520 1    
591       9210  7521  7521  6659 4096 
592       9210  10755 10755 5547 8191 
593       16179 13738 13738 4292 4096 
594       7987  8388  8388  3019 1    
595       7445  3020  3020  1851 4096 
596       7445  5947  5947  903  8191 
597       6589  9094  9094  266  4096 
598       6585  4362  4362  6    1    
599       6916  7     7     146  4096 
600       6916  4242  4242  672  8191 
601       7137  8863  8863  1533 4096 
602       7137  5629  5629  2645 1    
603       12460 2646  2646  3900 4096 
604       8364  7996  7996  5173 8191 
605       8952  13364 13364 6341 4096 
606       8920  10437 10437 7289 1    
607       9770  7290  7290  7926 4096 
608       9770  12022 12022 8186 8191 
609       9441  16377 16377 8046 4096 
610       9441  12142 12142 7520 1    
611       9211  7521  7521  6659 4096 
612       9210  10755 10755 5547 8191 
613       16188 13738 13738 4292 4096 
614       7988  8388  8388  3019 1    
615       7445  3020  3020  1851 4096 
616       7445  5947  5947  903  8191 
617       6591  9094  9094  266  4096 
618       6586  4362  4362  6    1    
619       6918  7     7     146  4096 
620       6918  4242  4242  672  8191 
621       7134  8863  8863  1533 4096 
622       7134  5629  5629  2645 1    
623       12462 2646  2646  3900 4096 
624       8366  7996  7996  5173 8191 
625       8952  13364 13364 6341 4096 
626       8920  10437 10437 7289 1    
627       9773  7290  7290  7926 4096 
628       9773  12022 12022 8186 8191 
629       9442  16377 16377 8046 4096 
630       9442  12142 12142 7520 1    
631       9208  7521  7521  6659 4096 
632       9208  10755 10755 5547 8191 
633       16190 13738 13738 4292 4096 
634       7990  8388  8388  3019 1    
635       7445  3020  3020  1851 4096 
636       7445  5947  5947  903  8191 
637       6589  9094  9094  266  4096 
638       6585  4362  4362  6    1    
639       6917  7     7     146  4096 
640       6917  4242  4242  672  8191 
641       7135  8863  8863  1533 4096 
642       7134  5629  5629  2645 1    
643       12460 2646  2646  3900 4096 
644       8364  7996  7996  5173 8191 
645       8949  13364 13364 6341 4096 
646       8917  10437 10437 7289 1    
647       9789  7290  7290  7926 4096 
648       9773  12022 12022 8186 8191 
649       9440  16377 16377 8046 4096 
650       9440  12142 12142 7520 1    
651       9208  7521  7521  6659 4096 
652       9208  10755 10755 5547 8191 
653       16190 13738 13738 4292 4096 
654       7990  8388  8388  3019 1    
655       7444  3020  3020  1851 4096 
656       7444  5947  5947  903  8191 
657       6588  9094  9094  266  4096 
658       6584  4362  4362  6    1    
659       6920  7     7     146  4096 
660       6920  4242  4242  672  8191 
661       7137  8863  8863  1533 4096 
662       7137  5629  5629  2645 1    
663       12453 2646  2646  3900 4096 
664       8357  7996  7996  5173 8191 
665       8951  13364 13364 6341 4096 
666       8919  10437 10437 7289 1    
667       9790  7290  7290  7926 4096 
668       9774  12022 12022 8186 8191 
669       9471  16377 16377 8046 4096 
670       9439  12142 12142 7520 1    
671       9209  7521  7521  6659 4096 
672       9209  10755 10755 5547 8191 
673       16181 13738 13738 4292 4096 
674       7989  8388  8388  3019 1    
675       7444  3020  3020  1851 4096 
676       7444  5947  5947  903  8191 
677       6588  9094  9094  266  4096 
678       6584  4362  4362  6    1    
679       6916  7     7     146  4096 
680       6916  4242  4242  672  8191 
681       7135  8863  8863  1533 4096 
682       7135  5629  5629  2645 1    
683       12462 2646  2646  3900 4096 
684       8366  7996  7996  5173 8191 
685       8920  13364 13364 6341 4096 
686       8920  10437 10437 7289 1    
687       9775  7290  7290  7926 4096 
688       9775  12022 12022 8186 8191 
689       9471  16377 16377 8046 4096 
690       9439  12142 12142 7520 1    
691       9207  7521  7521  6659 4096 
692       9207  10755 10755 5547 8191 
693       16179 13738 13738 4292 4096 
694       7987  8388  8388  3019 1    
695       7445  3020  3020  1851 4096 
696       7445  5947  5947  903  8191 
697       6589  9094  9094  266  4096 
698       6585  4362  4362  6    1    
699       6921  7     7     146  4096 
700       6921  4242  4242  672  8191 
701       7135  8863  8863  1533 4096 
702       7135  5629  5629  2645 1    
703       12462 2646  2646  3900 4096 
704       8366  7996  7996  5173 8191 
705       8952  13364 13364 6341 4096 
706       8920  10437 10437 7289 1    
707       9773  7290  7290  7926 4096 
708       9773  12022 12022 8186 8191 
709       9470  16377 16377 8046 4096 
710       9438  12142 12142 7520 1    
711       9208  7521  7521  6659 4096 
712       9208  10755 10755 5547 8191 
713       16178 13738 13738 4292 4096 
714       7986  8388  8388  3019 1    
715       7446  3020  3020  1851 4096 
716       7446  5947  5947  903  8191 
717       6585  9094  9094  266  4096 
718       6585  4362  4362  6    1    
719       6915  7     7     146  4096 
720       6915  4242  4242  672  8191 
721       7136  8863  8863  1533 4096 
722       7136  5629  5629  2645 1    
723       12466 2646  2646  3900 4096 
724       8370  7996  7996  5173 8191 
725       8919  13364 13364 6341 4096 
726       8919  10437 10437 7289 1    
727       9791  7290  7290  7926 4096 
728       9775  12022 12022 8186 8191 
729       9442  16377 16377 8046 4096 
730       9442  12142 12142 7520 1    
731       9206  7521  7521  6659 4096 
732       9206  10755 10755 5547 8191 
733       16179 13738 13738 4292 4096 
734       7987  8388  8388  3019 1    
735       7442  3020  3020  1851 4096 
736       7442  5947  5947  903  8191 
737       6583  9094  9094  266  4096 
738       6583  4362  4362  6    1    
739       6918  7     7     146  4096 
740       6918  4242  4242  672  8191 
741       7136  8863  8863  1533 4096 
742       7136  5629  5629  2645 1    
743       12462 2646  2646  3900 4096 
744       8366  7996  7996  5173 8191 
745       8949  13364 13364 6341 4096 
746       8917  10437 10437 7289 1    
747       9772  7290  7290  7926 4096 
748       9772  12022 12022 8186 8191 
749       9440  16377 16377 8046 4096 
750       9440  12142 12142 7520 1    
751       9208  7521  7521  6659 4096 
752       9208  10755 10755 5547 8191 
753       16184 13738 13738 4292 4096 
754       7992  8388  8388  3019 1    
755       7453  3020  3020  1851 4096 
756       7445  5947  5947  903  8191 
757       6583  9094  9094  266  4096 
758       6583  4362  4362  6    1    
759       6914  7     7     146  4096 
760       6914  4242  4242  672  8191 
761       7135  8863  8863  1533 4096 
762       7135  5629  5629  2645 1    
763       12465 2646  2646  3900 4096 
764       8369  7996  7996  5173 8191 
765       8918  13364 13364 6341 4096 
766       8918  10437 10437 7289 1    
767       9787  7290  7290  7926 4096 
768       9771  12022 12022 8186 8191 
769       9443  16377 16377 8046 4096 
770       9443  12142 12142 7520 1    
771       9207  7521  7521  6659 4096 
772       9207  10755 10755 5547 8191 
773       16180 13738 13738 4292 4096 
774       7988  8388  8388  3019 1    
775       7446  3020  3020  1851 4096 
776       7446  5947  5947  903  8191 
777       6591  9094  9094  266  4096 
778       6587  4362  4362  6    1    
779       6919  7     7     146  4096 
780       6919  4242  4242  672  8191 
781       7135  8863  8863  1533 4096 
782       7135  5629  5629  2645 1    
783       12465 2646  2646  3900 4096 
784       8369  7996  7996  5173 8191 
785       8920  13364 13364 6341 4096 
786       8920  10437 10437 7289 1    
787       9771  7290  7290  7926 4096 
788       9771  12022 12022 8186 8191 
789       9470  16377 16377 8046 4096 
790       9438  12142 12142 7520 1    
791       9209  7521  7521  6659 4096 
792       9209  10755 10755 5547 8191 
793       16189 13738 13738 4292 4096 
794       7989  8388  8388  3019 1    
795       7443  3020  3020  1851 4096 
796       7443  5947  5947  903  8191 
797       6584  9094  9094  266  4096 
798       6584  4362  4362  6    1    
799       6921  7     7     146  4096 
800       6921  4242  4242  672  8191 
801       7135  8863  8863  1533 4096 
802       7135  5629  5629  2645 1    
803       12463 2646  2646  3900 4096 
804       8367  7996  7996  5173 8191 
805       8951  13364 13364 6341 4096 
806       8919  10437 10437 7289 1    
807       9773  7290  7290  7926 4096 
808       9773  12022 12022 8186 8191 
809       9442  16377 16377 8046 4096 
810       9442  12142 12142 7520 1    
811       9207  7521  7521  6659 4096 
812       9207  10755 10755 5547 8191 
813       16178 13738 13738 4292 4096 
814       7986  8388  8388  3019 1    
815       7444  3020  3020  1851 4096 
816       7444  5947  5947  903  8191 
817       6583  9094  9094  266  4096 
818       6583  4362  4362  6    1    
819       6915  7     7     146  4096 
820       6915  4242  4242  672  8191 
821       7135  8863  8863  1533 4096 
822       7135  5629  5629  2645 1    
823       12463 2646  2646  3900 4096 
824       8367  7996  7996  5173 8191 
825       8951  13364 13364 6341 4096 
826       8919  10437 10437 7289 1    
827       9777  7290  7290  7926 4096 
828       9777  12022 12022 8186 8191 
829       9439  16377 16377 8046 4096 
830       9439  12142 12142 7520 1    
831       9208  7521  7521  6659 4096 
832       9208  10755 10755 5547 8191 
833       16184 13738 13738 4292 4096 
834       7992  8388  8388  3019 1    
835       7453  3020  3020  1851 4096 
836       7445  5947  5947  903  8191 
837       6583  9094  9094  266  4096 
838       6583  4362  4362  6    1    
839       6918  7     7     146  4096 
840       6918  4242  4242  672  8191 
841       7134  8863  8863  1533 4096 
842       7134  5629  5629  2645 1    
843       12466 2646  2646  3900 4096 
844       8370  7996  7996  5173 8191 
845       8920  13364 13364 6341 4096 
846       8920  10437 10437 7289 1    
847       9790  7290  7290  7926 4096 
848       9774  12022 12022 8186 8191 
849       9440  16377 16377 8046 4096 
850       9440  12142 12142 7520 1    
851       9207  7521  7521  6659 4096 
852       9207  10755 10755 5547 8191 
853       16179 13738 13738 4292 4096 
854       7987  8388  8388  3019 1    
855       7444  3020  3020  1851 4096 
856       7444  5947  5947  903  8191 
857       6584  9094  9094  266  4096 
858       6584  4362  4362  6    1    
859       6919  7     7     146  4096 
860       6919  4242  4242  672  8191 
861       7135  8863  8863  1533 4096 
862       7135  5629  5629  2645 1    
863       12462 2646  2646  3900 4096 
864       8366  7996  7996  5173 8191 
865       8919  13364 13364 6341 4096 
866       8919  10437 10437 7289 1    
867       9788  7290  7290  7926 4096 
868       9772  12022 12022 8186 8191 
869       9469  16377 16377 8046 4096 
870       9437  12142 12142 7520 1    
871       9211  7521  7521  6659 4096 
872       9211  10755 10755 5547 8191 
873       16177 13738 13738 4292 4096 
874       7985  8388  8388  3019 1    
875       7445  3020  3020  1851 4096 
876       7445  5947  5947  903  8191 
877       6589  9094  9094  266  4096 
878       6585  4362  4362  6    1    
879       6919  7     7     146  4096 
880       6918  4242  4242  672  8191 
881       7134  8863  8863  1533 4096 
882       7134  5629  5629  2645 1    
883       12467 2646  2646  3900 4096 
884       8371  7996  7996  5173 8191 
885       8918  13364 13364 6341 4096 
886       8918  10437 10437 7289 1    
887       9790  7290  7290  7926 4096 
888       9774  12022 12022 8186 8191 
889       9468  16377 16377 8046 4096 
890       9436  12142 12142 7520 1    
891       9208  7521  7521  6659 4096 
892       9208  10755 10755 5547 8191 
893       16179 13738 13738 4292 4096 
894       7987  8388  8388  3019 1    
895       7444  3020  3020  1851 4096 
896       7444  5947  5947  903  8191 
897       6589  9094  9094  266  4096 
898       6585  4362  4362  6    1    
899       6920  7     7     146  4096 
900       6920  4242  4242  672  8191 
901       7132  8863  8863  1533 4096 
902       7132  5629  5629  2645 1    
903       12461 2646  2646  3900 4096 
904       8365  7996  7996  5173 8191 
905       8950  13364 13364 6341 4096 
906       8918  10437 10437 7289 1    
907       9789  7290  7290  7926 4096 
908       9773  12022 12022 8186 8191 
909       9471  16377 16377 8046 4096 
910       9439  12142 12142 7520 1    
911       9212  7521  7521  6659 4096 
912       9212  10755 10755 5547 8191 
913       16182 13738 13738 4292 4096 
914       7990  8388  8388  3019 1    
915       7445  3020  3020  1851 4096 
916       7445  5947  5947  903  8191 
917       6591  9094  9094  266  4096 
918       6587  4362  4362  6    1    
919       6919  7     7     146  4096 
920       6919  4242  4242  672  8191 
921       7135  8863  8863  1533 4096 
922       7135  5629  5629  2645 1    
923       12462 2646  2646  3900 4096 
924       8366  7996  7996  5173 8191 
925       8953  13364 13364 6341 4096 
926       8921  10437 10437 7289 1    
927       9775  7290  7290  7926 4096 
928       9775  12022 12022 8186 8191 
929       9471  16377 16377 8046 4096 
930       9439  12142 12142 7520 1    
931       9209  7521  7521  6659 4096 
932       9209  10755 10755 5547 8191 
933       16179 13738 13738 4292 4096 
934       7986  8388  8388  3019 1    
935       7444  3020  3020  1851 4096 
936       7444  5947  5947  903  8191 
937       6583  9094  9094  266  4096 
938       6583  4362  4362  6    1    
939       6917  7     7     146  4096 
940       6917  4242  4242  672  8191 
941       7136  8863  8863  1533 4096 
942       7136  5629  5629  2645 1    
943       12464 2646  2646  3900 4096 
944       8368  7996  7996  5173 8191 
945       8920  13364 13364 6341 4096 
946       8920  10437 10437 7289 1    
947       9769  7290  7290  7926 4096 
948       9769  12022 12022 8186 8191 
949       9471  16377 16377 8046 4096 
950       9439  12142 12142 7520 1    
951       9209  7521  7521  6659 4096 
952       9209  10755 10755 5547 8191 
953       16179 13738 13738 4292 4096 
954       7987  8388  8388  3019 1    
955       7445  3020  3020  1851 4096 
956       7445  5947  5947  903  8191 
957       6583  9094  9094  266  4096 
958       6582  4362  4362  6    1    
959       6919  7     7     146  4096 
960       6919  4242  4242  672  8191 
961       7136  8863  8863  1533 4096 
962       7136  5629  5629  2645 1    
963       12464 2646  2646  3900 4096 
964       8368  7996  7996  5173 8191 
965       8920  13364 13364 6341 4096 
966       8920  10437 10437 7289 1    
967       9787  7290  7290  7926 4096 
968       9771  12022 12022 8186 8191 
969       9469  16377 16377 8046 4096 
970       9437  12142 12142 7520 1    
971       9209  7521  7521  6659 4096 
972       9209  10755 10755 5547 8191 
973       16178 13738 13738 4292 4096 
974       7986  8388  8388  3019 1    
975       7441  3020  3020  1851 4096 
976       7441  5947  5947  903  8191 
977       6583  9094  9094  266  4096 
978       6583  4362  4362  6    1    
979       6918  7     7     146  4096 
980       6918  4242  4242  672  8191 
981       7135  8863  8863  1533 4096 
982       7135  5629  5629  2645 1    
983       12462 2646  2646  3900 4096 
984       8366  7996  7996  5173 8191 
985       8950  13364 13364 6341 4096 
986       8918  10437 10437 7289 1    
987       9773  7290  7290  7926 4096 
988       9773  12022 12022 8186 8191 
989       9464  16377 16377 8046 4096 
990       9432  12142 12142 7520 1    
991       9210  7521  7521  6659 4096 
992       9210  10755 10755 5547 8191 
993       16185 13738 13738 4292 4096 
994       7993  8388  8388  3019 1    
995       7455  3020  3020  1851 4096 
996       7447  5947  5947  903  8191 
997       6584  9094  9094  266  4096 
998       6584  4362  4362  6    1    
999       6918  7     7     146  4096 
1000      6918  4242  4242  672  8191 
1001      7135  8863  8863  1533 4096 
1002      7135  5629  5629  2645 1    
1003      12465 2646  2646  3900 4096 
1004      8369  7996  7996  5173 8191 
1005      8920  13364 13364 6341 4096 
1006      8920  10437 10437 7289 1    
1007      9773  7290  7290  7926 4096 
1008      9773  12022 12022 8186 8191 
1009      9440  16377 16377 8046 4096 
1010      9440  12142 12142 7520 1    
1011      9207  7521  7521  6659 4096 
1012      9207  10755 10755 5547 8191 
1013      16179 13738 13738 4292 4096 
1014      7987  8388  8388  3019 1    
1015      7445  3020  3020  1851 4096 
1016      7445  5947  5947  903  8191 
1017      6585  9094  9094  266  4096 
1018      6585  4362  4362  6    1    
1019      6920  7     7     146  4096 
1020      6920  4242  4242  672  8191 
1021      7136  8863  8863  1533 4096 
1022      7136  5629  5629  2645 1    
1023      12462 2646  2646  3900 4096 
1024      8366  7996  7996  5173 8191 
1025      8949  13364 13364 6341 4096 
1026      8917  10437 10437 7289 1    
1027      9775  7290  7290  7926 4096 
1028      9770  12022 12022 8186 8191 
1029      9440  16377 16377 8046 4096 
1030      9440  12142 12142 7520 1    
1031      9207  7521  7521  6659 4096 
1032      9207  10755 10755 5547 8191 
1033      16178 13738 13738 4292 4096 
1034      7986  8388  8388  3019 1    
1035      7447  3020  3020  1851 4096 
1036      7447  5947  5947  903  8191 
1037      6584  9094  9094  266  4096 
1038      6584  4362  4362  6    1    
1039      6914  7     7     146  4096 
1040      6914  4242  4242  672  8191 
1041      7135  8863  8863  1533 4096 
1042      7133  5629  5629  2645 1    
1043      12466 2646  2646  3900 4096 
1044      8370  7996  7996  5173 8191 
1045      8920  13364 13364 6341 4096 
1046      8920  10437 10437 7289 1    
1047      9788  7290  7290  7926 4096 
1048      9772  12022 12022 8186 8191 
1049      9469  16377 16377 8046 4096 
1050      9437  12142 12142 7520 1    
1051      9207  7521  7521  6659 4096 
1052      9207  10755 10755 5547 8191 
1053      16179 13738 13738 4292 4096 
1054      7987  8388  8388  3019 1    
1055      7445  3020  3020  1851 4096 
1056      7445  5947  5947  903  8191 
1057      6591  9094  9094  266  4096 
1058      6586  4362  4362  6    1    
1059      6918  7     7     146  4096 
1060      6918  4242  4242  672  8191 
1061      7136  8863  8863  1533 4096 
1062      7136  5629  5629  2645 1    
1063      12462 2646  2646  3900 4096 
1064      8366  7996  7996  5173 8191 
1065      8952  13364 13364 6341 4096 
1066      8920  10437 10437 7289 1    
1067      9773  7290  7290  7926 4096 
1068      9773  12022 12022 8186 8191 
1069      9444  16377 16377 8046 4096 
1070      9444  12142 12142 7520 1    
1071      9214  7521  7521  6659 4096 
1072      9210  10755 10755 5547 8191 
1073      16179 13738 13738 4292 4096 
1074      7987  8388  8388  3019 1    
1075      7443  3020  3020  1851 4096 
1076      7443  5947  5947  903  8191 
1077      6585  9094  9094  266  4096 
1078      6585  4362  4362  6    1    
1079      6915  7     7     146  4096 
1080      6914  4242  4242  672  8191 
1081      7136  8863  8863  1533 4096 
1082      7136  5629  5629  2645 1    
1083      12461 2646  2646  3900 4096 
1084      8365  7996  7996  5173 8191 
1085      8951  13364 13364 6341 4096 
1086      8919  10437 10437 7289 1    
1087      9772  7290  7290  7926 4096 
1088      9772  12022 12022 8186 8191 
1089      9440  16377 16377 8046 4096 
1090      9440  12142 12142 7520 1    
1091      9207  7521  7521  6659 4096 
1092      9207  10755 10755 5547 8191 
1093      16180 13738 13738 4292 4096 
1094      7988  8388  8388  3019 1    
1095      7446  3020  3020  1851 4096 
1096      7446  5947  5947  903  8191 
1097      6583  9094  9094  266  4096 
1098      6583  4362  4362  6    1    
1099      6914  7     7     146  4096 
1100      6914  4242  4242  672  8191 
1101      7136  8863  8863  1533 4096 
1102      7136  5629  5629  2645 1    
1103      12463 2646  2646  3900 4096 
1104      8367  7996  7996  5173 8191 
1105      8954  13364 13364 6341 4096 
1106      8922  10437 10437 7289 1    
1107      9769  7290  7290  7926 4096 
1108      9769  12022 12022 8186 8191 
1109      9469  16377 16377 8046 4096 
1110      9437  12142 12142 7520 1    
1111      9209  7521  7521  6659 4096 
1112      9209  10755 10755 5547 8191 
1113      16179 13738 13738 4292 4096 
1114      7986  8388  8388  3019 1    
1115      7447  3020  3020  1851 4096 
1116      7447  5947  5947  903  8191 
1117      6586  9094  9094  266  4096 
1118      6586  4362  4362  6    1    
1119      6913  7     7     146  4096 
1120      6913  4242  4242  672  8191 
1121      7135  8863  8863  1533 4096 
1122      7135  5629  5629  2645 1    
1123      12463 2646  2646  3900 4096 
1124      8367  7996  7996  5173 8191 
1125      8951  13364 13364 6341 4096 
1126      8919  10437 10437 7289 1    
1127      9785  7290  7290  7926 4096 
1128      9769  12022 12022 8186 8191 
1129      9471  16377 16377 8046 4096 
1130      9438  12142 12142 7520 1    
1131      9204  7521  7521  6659 4096 
1132      9204  10755 10755 5547 8191 
1133      16175 13738 13738 4292 4096 
1134      7983  8388  8388  3019 1    
1135      7478  3020  3020  1851 4096 
1136      7446  5947  5947  903  8191 
1137      6584  9094  9094  266  4096 
1138      6584  4362  4362  6    1    
1139      6917  7     7     146  4096 
1140      6917  4242  4242  672  8191 
1141      7134  8863  8863  1533 4096 
1142      7134  5629  5629  2645 1    
1143      12467 2646  2646  3900 4096 
1144      8371  7996  7996  5173 8191 
1145      8920  13364 13364 6341 4096 
1146      8920  10437 10437 7289 1    
1147      9773  7290  7290  7926 4096 
1148      9773  12022 12022 8186 8191 
1149      9443  16377 16377 8046 4096 
1150      9443  12142 12142 7520 1    
1151      9209  7521  7521  6659 4096 
1152      9209  10755 10755 5547 8191 
1153      16191 13738 13738 4292 4096 
1154      7990  8388  8388  3019 1    
1155      7440  3020  3020  1851 4096 
1156      7440  5947  5947  903  8191 
1157      6584  9094  9094  266  4096 
1158      6584  4362  4362  6    1    
1159      6920  7     7     146  4096 
1160      6920  4242  4242  672  8191 
1161      7135  8863  8863  1533 4096 
1162      7135  5629  5629  2645 1    
1163      12463 2646  2646  3900 4096 
1164      8367  7996  7996  5173 8191 
1165      8952  13364 13364 6341 4096 
1166      8920  10437 10437 7289 1    
1167      9773  7290  7290  7926 4096 
1168      9773  12022 12022 8186 8191 
1169      9440  16377 16377 8046 4096 
1170      9440  12142 12142 7520 1    
1171      9211  7521  7521  6659 4096 
1172      9211  10755 10755 5547 8191 
1173      16189 13738 13738 4292 4096 
1174      7989  8388  8388  3019 1    
1175      7443  3020  3020  1851 4096 
1176      7443  5947  5947  903  8191 
1177      6585  9094  9094  266  4096 
1178      6585  4362  4362  6    1    
1179      6920  7     7     146  4096 
1180      6920  4242  4242  672  8191 
1181      7134  8863  8863  1533 4096 
1182      7134  5629  5629  2645 1    
1183      12463 2646  2646  3900 4096 
1184      8367  7996  7996  5173 8191 
1185      8953  13364 13364 6341 4096 
1186      8921  10437 10437 7289 1    
1187      9771  7290  7290  7926 4096 
1188      9771  12022 12022 8186 8191 
1189      9470  16377 16377 8046 4096 
1190      9438  12142 12142 7520 1    
1191      9208  7521  7521  6659 4096 
1192      9208  10755 10755 5547 8191 
1193      16181 13738 13738 4292 4096 
1194      7989  8388  8388  3019 1    
1195      7444  3020  3020  1851 4096 
1196      7444  5947  5947  903  8191 
1197      6589  9094  9094  266  4096 
1198      6585  4362  4362  6    1    
1199      6919  7     7     146  4096 
1200      6918  4242  4242  672  8191 
1201      7136  8863  8863  1533 4096 
1202      7136  5629  5629  2645 1    
1203      12466 2646  2646  3900 4096 
1204      8370  7996  7996  5173 8191 
1205      8921  13364 13364 6341 4096 
1206      8921  10437 10437 7289 1    
1207      9789  7290  7290  7926 4096 
1208      9773  12022 12022 8186 8191 
1209      9441  16377 16377 8046 4096 
1210      9441  12142 12142 7520 1    
1211      9209  7521  7521  6659 4096 
1212      9209  10755 10755 5547 8191 
1213      16179 13738 13738 4292 4096 
1214      7986  8388  8388  3019 1    
1215      7444  3020  3020  1851 4096 
1216      7444  5947  5947  903  8191 
1217      6589  9094  9094  266  4096 
1218      6585  4362  4362  6    1    
1219      6915  7     7     146  4096 
1220      6915  4242  4242  672  8191 
1221      7135  8863  8863  1533 4096 
1222      7135  5629  5629  2645 1    
1223      12460 2646  2646  3900 4096 
1224      8364  7996  7996  5173 8191 
1225      8951  13364 13364 6341 4096 
1226      8919  10437 10437 7289 1    
1227      9772  7290  7290  7926 4096 
1228      9772  12022 12022 8186 8191 
1229      9440  16377 16377 8046 4096 
1230      9440  12142 12142 7520 1    
1231      9210  7521  7521  6659 4096 
1232      9210  10755 10755 5547 8191 
1233      16189 13738 13738 4292 4096 
1234      7989  8388  8388  3019 1    
1235      7445  3020  3020  1851 4096 
1236      7445  5947  5947  903  8191 
1237      6589  9094  9094  266  4096 
1238      6585  4362  4362  6    1    
1239      6921  7     7     146  4096 
1240      6921  4242  4242  672  8191 
1241      7137  8863  8863  1533 4096 
1242      7137  5629  5629  2645 1    
1243      12467 2646  2646  3900 4096 
1244      8371  7996  7996  5173 8191 
1245      8919  13364 13364 6341 4096 
1246      8919  10437 10437 7289 1    
1247      9770  7290  7290  7926 4096 
1248      9770  12022 12022 8186 8191 
1249      9442  16377 16377 8046 4096 
1250      9442  12142 12142 7520 1    
1251      9207  7521  7521  6659 4096 
1252      9207  10755 10755 5547 8191 
1253      16181 13738 13738 4292 4096 
1254      7989  8388  8388  3019 1    
1255      7443  3020  3020  1851 4096 
1256      7443  5947  5947  903  8191 
1257      6584  9094  9094  266  4096 
1258      6584  4362  4362  6    1    
1259      6918  7     7     146  4096 
1260      6918  4242  4242  672  8191 
1261      7134  8863  8863  1533 4096 
1262      7134  5629  5629  2645 1    
1263      12467 2646  2646  3900 4096 
1264      8371  7996  7996  5173 8191 
1265      8922  13364 13364 6341 4096 
1266      8922  10437 10437 7289 1    
1267      9787  7290  7290  7926 4096 
1268      9771  12022 12022 8186 8191 
1269      9471  16377 16377 8046 4096 
1270      9439  12142 12142 7520 1    
1271      9208  7521  7521  6659 4096 
1272      9208  10755 10755 5547 8191 
1273      16177 13738 13738 4292 4096 
1274      7985  8388  8388  3019 1    
1275      7443  3020  3020  1851 4096 
1276      7443  5947  5947  903  8191 
1277      6584  9094  9094  266  4096 
1278      6584  4362  4362  6    1    
1279      6919  7     7     146  4096 
1280      6919  4242  4242  672  8191 
1281      7135  8863  8863  1533 4096 
1282      7135  5629  5629  2645 1    
1283      12460 2646  2646  3900 4096 
1284      8364  7996  7996  5173 8191 
1285      8953  13364 13364 6341 4096 
1286      8921  10437 10437 7289 1    
1287      9773  7290  7290  7926 4096 
1288      9773  12022 12022 8186 8191 
1289      9444  16377 16377 8046 4096 
1290      9444  12142 12142 7520 1    
1291      9206  7521  7521  6659 4096 
1292      9206  10755 10755 5547 8191 
1293      16180 13738 13738 4292 4096 
1294      7988  8388  8388  3019 1    
1295      7443  3020  3020  1851 4096 
1296      7443  5947  5947  903  8191 
1297      6585  9094  9094  266  4096 
1298      6585  4362  4362  6    1    
1299      6919  7     7     146  4096 
1300      6919  4242  4242  672  8191 
1301      7136  8863  8863  1533 4096 
1302      7136  5629  5629  2645 1    
1303      12461 2646  2646  3900 4096 
1304      8365  7996  7996  5173 8191 
1305      8952  13364 13364 6341 4096 
1306      8920  10437 10437 7289 1    
1307      9773  7290  7290  7926 4096 
1308      9773  12022 12022 8186 8191 
1309      9441  16377 16377 8046 4096 
1310      9441  12142 12142 7520 1    
1311      9209  7521  7521  6659 4096 
1312      9209  10755 10755 5547 8191 
1313      16179 13738 13738 4292 4096 
1314      7986  8388  8388  3019 1    
1315      7444  3020  3020  1851 4096 
1316      7444  5947  5947  903  8191 
1317      6577  9094  9094  266  4096 
1318      6577  4362  4362  6    1    
1319      6915  7     7     146  4096 
1320      6915  4242  4242  672  8191 
1321      7135  8863  8863  1533 4096 
1322      7135  5629  5629  2645 1    
1323      12462 2646  2646  3900 4096 
1324      8366  7996  7996  5173 8191 
1325      8953  13364 13364 6341 4096 
1326      8921  10437 10437 7289 1    
1327      9772  7290  7290  7926 4096 
1328      9772  12022 12022 8186 8191 
1329      9441  16377 16377 8046 4096 
1330      9441  12142 12142 7520 1    
1331      9208  7521  7521  6659 4096 
1332      9208  10755 10755 5547 8191 
1333      16178 13738 13738 4292 4096 
1334      7986  8388  8388  3019 1    
1335      7440  3020  3020  1851 4096 
1336      7440  5947  5947  903  8191 
1337      6583  9094  9094  266  4096 
1338      6583  4362  4362  6    1    
1339      6918  7     7     146  4096 
1340      6918  4242  4242  672  8191 
1341      7136  8863  8863  1533 4096 
1342      7136  5629  5629  2645 1    
1343      12467 2646  2646  3900 4096 
1344      8371  7996  7996  5173 8191 
1345      8919  13364 13364 6341 4096 
1346      8919  10437 10437 7289 1    
1347      9789  7290  7290  7926 4096 
1348      9773  12022 12022 8186 8191 
1349      9440  16377 16377 8046 4096 
1350      9440  12142 12142 7520 1    
1351      9211  7521  7521  6659 4096 
1352      9211  10755 10755 5547 8191 
1353      16189 13738 13738 4292 4096 
1354      7989  8388  8388  3019 1    
1355      7444  3020  3020  1851 4096 
1356      7444  5947  5947  903  8191 
1357      6582  9094  9094  266  4096 
1358      6582  4362  4362  6    1    
1359      6915  7     7     146  4096 
1360      6915  4242  4242  672  8191 
1361      7135  8863  8863  1533 4096 
1362      7135  5629  5629  2645 1    
1363      12463 2646  2646  3900 4096 
1364      8367  7996  7996  5173 8191 
1365      8919  13364 13364 6341 4096 
1366      8919  10437 10437 7289 1    
1367      9786  7290  7290  7926 4096 
1368      9770  12022 12022 8186 8191 
1369      9440  16377 16377 8046 4096 
1370      9440  12142 12142 7520 1    
1371      9208  7521  7521  6659 4096 
1372      9208  10755 10755 5547 8191 
1373      16189 13738 13738 4292 4096 
1374      7989  8388  8388  3019 1    
1375      7445  3020  3020  1851 4096 
1376      7445  5947  5947  903  8191 
1377      6583  9094  9094  266  4096 
1378      6582  4362  4362  6    1    
1379      6914  7     7     146  4096 
1380      6914  4242  4242  672  8191 
1381      7134  8863  8863  1533 4096 
1382      7134  5629  5629  2645 1    
1383      12464 2646  2646  3900 4096 
1384      8368  7996  7996  5173 8191 
1385      8920  13364 13364 6341 4096 
1386      8920  10437 10437 7289 1    
1387      9790  7290  7290  7926 4096 
1388      9774  12022 12022 8186 8191 
1389      9444  16377 16377 8046 4096 
1390      9444  12142 12142 7520 1    
1391      9206  7521  7521  6659 4096 
1392      9206  10755 10755 5547 8191 
1393      16180 13738 13738 4292 4096 
1394      7988  8388  8388  3019 1    
1395      7443  3020  3020  1851 4096 
1396      7443  5947  5947  903  8191 
1397      6584  9094  9094  266  4096 
1398      6584  4362  4362  6    1    
1399      6921  7     7     146  4096 
1400      6921  4242  4242  672  8191 
1401      7137  8863  8863  1533 4096 
1402      7137  5629  5629  2645 1    
1403      12463 2646  2646  3900 4096 
1404      8367  7996  7996  5173 8191 
1405      8949  13364 13364 6341 4096 
1406      8917  10437 10437 7289 1    
1407      9791  7290  7290  7926 4096 
1408      9771  12022 12022 8186 8191 
1409      9471  16377 16377 8046 4096 
1410      9439  12142 12142 7520 1    
1411      9208  7521  7521  6659 4096 
1412      9208  10755 10755 5547 8191 
1413      16177 13738 13738 4292 4096 
1414      7985  8388  8388  3019 1    
1415      7444  3020  3020  1851 4096 
1416      7444  5947  5947  903  8191 
1417      6582  9094  9094  266  4096 
1418      6582  4362  4362  6    1    
1419      6913  7     7     146  4096 
1420      6913  4242  4242  672  8191 
1421      7135  8863  8863  1533 4096 
1422      7135  5629  5629  2645 1    
1423      12462 2646  2646  3900 4096 
1424      8366  7996  7996  5173 8191 
1425      8953  13364 13364 6341 4096 
1426      8921  10437 10437 7289 1    
1427      9776  7290  7290  7926 4096 
1428      9776  12022 12022 8186 8191 
1429      9441  16377 16377 8046 4096 
1430      9441  12142 12142 7520 1    
1431      9207  7521  7521  6659 4096 
1432      9207  10755 10755 5547 8191 
1433      16182 13738 13738 4292 4096 
1434      7990  8388  8388  3019 1    
1435      7447  3020  3020  1851 4096 
1436      7447  5947  5947  903  8191 
1437      6585  9094  9094  266  4096 
1438      6585  4362  4362  6    1    
1439      6919  7     7     146  4096 
1440      6919  4242  4242  672  8191 
1441      7134  8863  8863  1533 4096 
1442      7134  5629  5629  2645 1    
1443      12463 2646  2646  3900 4096 
1444      8367  7996  7996  5173 8191 
1445      8954  13364 13364 6341 4096 
1446      8922  10437 10437 7289 1    
1447      9788  7290  7290  7926 4096 
1448      9772  12022 12022 8186 8191 
1449      9441  16377 16377 8046 4096 
1450      9441  12142 12142 7520 1    
1451      9207  7521  7521  6659 4096 
1452      9206  10755 10755 5547 8191 
1453      16179 13738 13738 4292 4096 
1454      7987  8388  8388  3019 1    
1455      7442  3020  3020  1851 4096 
1456      7442  5947  5947  903  8191 
1457      6584  9094  9094  266  4096 
1458      6584  4362  4362  6    1    
1459      6914  7     7     146  4096 
1460      6914  4242  4242  672  8191 
1461      7134  8863  8863  1533 4096 
1462      7134  5629  5629  2645 1    
1463      12460 2646  2646  3900 4096 
1464      8364  7996  7996  5173 8191 
1465      8952  13364 13364 6341 4096 
1466      8920  10437 10437 7289 1    
1467      9768  7290  7290  7926 4096 
1468      9768  12022 12022 8186 8191 
1469      9469  16377 16377 8046 4096 
1470      9437  12142 12142 7520 1    
1471      9212  7521  7521  6659 4096 
1472      9212  10755 10755 5547 8191 
1473      16179 13738 13738 4292 4096 
1474      7987  8388  8388  3019 1    
1475      7444  3020  3020  1851 4096 
1476      7444  5947  5947  903  8191 
1477      6581  9094  9094  266  4096 
1478      6581  4362  4362  6    1    
1479      6927  7     7     146  4096 
1480      6922  4242  4242  672  8191 
1481      7134  8863  8863  1533 4096 
1482      7134  5629  5629  2645 1    
1483      12463 2646  2646  3900 4096 
1484      8367  7996  7996  5173 8191 
1485      8953  13364 13364 6341 4096 
1486      8921  10437 10437 7289 1    
1487      9773  7290  7290  7926 4096 
1488      9773  12022 12022 8186 8191 
1489      9441  16377 16377 8046 4096 
1490      9441  12142 12142 7520 1    
1491      9211  7521  7521  6659 4096 
1492      9210  10755 10755 5547 8191 
1493      16179 13738 13738 4292 4096 
1494      7987  8388  8388  3019 1    
1495      7447  3020  3020  1851 4096 
1496      7447  5947  5947  903  8191 
1497      6585  9094  9094  266  4096 
1498      6585  4362  4362  6    1    
1499      6913  7     7     146  4096 
1500      6913  4242  4242  672  8191 
1501      7135  8863  8863  1533 4096 
1502      7135  5629  5629  2645 1    
1503      12461 2646  2646  3900 4096 
1504      8365  7996  7996  5173 8191 
1505      8919  13364 13364 6341 4096 
1506      8919  10437 10437 7289 1    
1507      9787  7290  7290  7926 4096 
1508      9771  12022 12022 8186 8191 
1509      9442  16377 16377 8046 4096 
1510      9442  12142 12142 7520 1    
1511      9207  7521  7521  6659 4096 
1512      9207  10755 10755 5547 8191 
1513      16180 13738 13738 4292 4096 
1514      7988  8388  8388  3019 1    
1515      7446  3020  3020  1851 4096 
1516      7446  5947  5947  903  8191 
1517      6584  9094  9094  266  4096 
1518      6584  4362  4362  6    1    
1519      6920  7     7     146  4096 
1520      6920  4242  4242  672  8191 
1521      7135  8863  8863  1533 4096 
1522      7135  5629  5629  2645 1    
1523      12464 2646  2646  3900 4096 
1524      8368  7996  7996  5173 8191 
1525      8917  13364 13364 6341 4096 
1526      8917  10437 10437 7289 1    
1527      9791  7290  7290  7926 4096 
1528      9771  12022 12022 8186 8191 
1529      9470  16377 16377 8046 4096 
1530      9438  12142 12142 7520 1    
1531      9206  7521  7521  6659 4096 
1532      9206  10755 10755 5547 8191 
1533      16180 13738 13738 4292 4096 
1534      7988  8388  8388  3019 1    
1535      7447  3020  3020  1851 4096 
1536      7447  5947  5947  903  8191 
1537      6585  9094  9094  266  4096 
1538      6585  4362  4362  6    1    
1539      6922  7     7     146  4096 
1540      6922  4242  4242  672  8191 
1541      7135  8863  8863  1533 4096 
1542      7135  5629  5629  2645 1    
1543      12467 2646  2646  3900 4096 
1544      8371  7996  7996  5173 8191 
1545      8918  13364 13364 6341 4096 
1546      8918  10437 10437 7289 1    
1547      9774  7290  7290  7926 4096 
1548      9774  12022 12022 8186 8191 
1549      9440  16377 16377 8046 4096 
1550      9440  12142 12142 7520 1    
1551      9206  7521  7521  6659 4096 
1552      9206  10755 10755 5547 8191 
1553      16177 13738 13738 4292 4096 
1554      7985  8388  8388  3019 1    
1555      7444  3020  3020  1851 4096 
1556      7444  5947  5947  903  8191 
1557      6581  9094  9094  266  4096 
1558      6581  4362  4362  6    1    
1559      6919  7     7     146  4096 
1560      6919  4242  4242  672  8191 
1561      7138  8863  8863  1533 4096 
1562      7138  5629  5629  2645 1    
1563      12462 2646  2646  3900 4096 
1564      8366  7996  7996  5173 8191 
1565      8952  13364 13364 6341 4096 
1566      8920  10437 10437 7289 1    
1567      9768  7290  7290  7926 4096 
1568      9768  12022 12022 8186 8191 
1569      9441  16377 16377 8046 4096 
1570      9441  12142 12142 7520 1    
1571      9211  7521  7521  6659 4096 
1572      9210  10755 10755 5547 8191 
1573      16185 13738 13738 4292 4096 
1574      7993  8388  8388  3019 1    
1575      7443  3020  3020  1851 4096 
1576      7443  5947  5947  903  8191 
1577      6585  9094  9094  266  4096 
1578      6585  4362  4362  6    1    
1579      6916  7     7     146  4096 
1580      6916  4242  4242  672  8191 
1581      7136  8863  8863  1533 4096 
1582      7136  5629  5629  2645 1    
1583      12465 2646  2646  3900 4096 
1584      8369  7996  7996  5173 8191 
1585      8922  13364 13364 6341 4096 
1586      8922  10437 10437 7289 1    
1587      9774  7290  7290  7926 4096 
1588      9774  12022 12022 8186 8191 
1589      9441  16377 16377 8046 4096 
1590      9441  12142 12142 7520 1    
1591      9208  7521  7521  6659 4096 
1592      9208  10755 10755 5547 8191 
1593      16179 13738 13738 4292 4096 
1594      7987  8388  8388  3019 1    
1595      7445  3020  3020  1851 4096 
1596      7445  5947  5947  903  8191 
1597      6585  9094  9094  266  4096 
1598      6585  4362  4362  6    1    
1599      7167  7     7     146  4096 
1600      6911  4242  4242  672  8191 
1601      7134  8863  8863  1533 4096 
1602      7134  5629  5629  2645 1    
1603      12462 2646  2646  3900 4096 
1604      8366  7996  7996  5173 8191 
1605      8950  13364 13364 6341 4096 
1606      8918  10437 10437 7289 1    
1607      9789  7290  7290  7926 4096 
1608      9773  12022 12022 8186 8191 
1609      9441  16377 16377 8046 4096 
1610      9441  12142 12142 7520 1    
1611      9209  7521  7521  6659 4096 
1612      9209  10755 10755 5547 8191 
1613      16175 13738 13738 4292 4096 
1614      7983  8388  8388  3019 1    
1615      7439  3020  3020  1851 4096 
1616      7439  5947  5947  903  8191 
1617      6580  9094  9094  266  4096 
1618      6580  4362  4362  6    1    
1619      6916  7     7     146  4096 
1620      6916  4242  4242  672  8191 
1621      7136  8863  8863  1533 4096 
1622      7136  5629  5629  2645 1    
1623      12463 2646  2646  3900 4096 
1624      8367  7996  7996  5173 8191 
1625      8951  13364 13364 6341 4096 
1626      8919  10437 10437 7289 1    
1627      9786  7290  7290  7926 4096 
1628      9770  12022 12022 8186 8191 
1629      9443  16377 16377 8046 4096 
1630      9443  12142 12142 7520 1    
1631      9206  7521  7521  6659 4096 
1632      9206  10755 10755 5547 8191 
1633      16176 13738 13738 4292 4096 
1634      7984  8388  8388  3019 1    
1635      7442  3020  3020  1851 4096 
1636      7442  5947  5947  903  8191 
1637      6588  9094  9094  266  4096 
1638      6588  4362  4362  6    1    
1639      6912  7     7     146  4096 
1640      6912  4242  4242  672  8191 
1641      7134  8863  8863  1533 4096 
1642      7134  5629  5629  2645 1    
1643      12462 2646  2646  3900 4096 
1644      8366  7996  7996  5173 8191 
1645      8953  13364 13364 6341 4096 
1646      8921  10437 10437 7289 1    
1647      9771  7290  7290  7926 4096 
1648      9770  12022 12022 8186 8191 
1649      9471  16377 16377 8046 4096 
1650      9439  12142 12142 7520 1    
1651      9206  7521  7521  6659 4096 
1652      9206  10755 10755 5547 8191 
1653      16178 13738 13738 4292 4096 
1654      7986  8388  8388  3019 1    
1655      7447  3020  3020  1851 4096 
1656      7445  5947  5947  903  8191 
1657      6589  9094  9094  266  4096 
1658      6585  4362  4362  6    1    
1659      6916  7     7     146  4096 
1660      6916  4242  4242  672  8191 
1661      7134  8863  8863  1533 4096 
1662      7134  5629  5629  2645 1    
1663      12462 2646  2646  3900 4096 
1664      8366  7996  7996  5173 8191 
1665      8920  13364 13364 6341 4096 
1666      8920  10437 10437 7289 1    
1667      9775  7290  7290  7926 4096 
1668      9775  12022 12022 8186 8191 
1669      9470  16377 16377 8046 4096 
1670      9438  12142 12142 7520 1    
1671      9208  7521  7521  6659 4096 
1672      9208  10755 10755 5547 8191 
1673      16177 13738 13738 4292 4096 
1674      7985  8388  8388  3019 1    
1675      7445  3020  3020  1851 4096 
1676      7445  5947  5947  903  8191 
1677      6591  9094  9094  266  4096 
1678      6586  4362  4362  6    1    
1679      6919  7     7     146  4096 
1680      6917  4242  4242  672  8191 
1681      7136  8863  8863  1533 4096 
1682      7136  5629  5629  2645 1    
1683      12461 2646  2646  3900 4096 
1684      8365  7996  7996  5173 8191 
1685      8950  13364 13364 6341 4096 
1686      8918  10437 10437 7289 1    
1687      9789  7290  7290  7926 4096 
1688      9773  12022 12022 8186 8191 
1689      9471  16377 16377 8046 4096 
1690      9439  12142 12142 7520 1    
1691      9208  7521  7521  6659 4096 
1692      9208  10755 10755 5547 8191 
1693      16176 13738 13738 4292 4096 
1694      7984  8388  8388  3019 1    
1695      7442  3020  3020  1851 4096 
1696      7442  5947  5947  903  8191 
1697      6583  9094  9094  266  4096 
1698      6583  4362  4362  6    1    
1699      6913  7     7     146  4096 
1700      6913  4242  4242  672  8191 
1701      7135  8863  8863  1533 4096 
1702      7134  5629  5629  2645 1    
1703      12462 2646  2646  3900 4096 
1704      8366  7996  7996  5173 8191 
1705      8954  13364 13364 6341 4096 
1706      8922  10437 10437 7289 1    
1707      9776  7290  7290  7926 4096 
1708      9776  12022 12022 8186 8191 
1709      9441  16377 16377 8046 4096 
1710      9441  12142 12142 7520 1    
1711      9208  7521  7521  6659 4096 
1712      9208  10755 10755 5547 8191 
1713      16178 13738 13738 4292 4096 
1714      7986  8388  8388  3019 1    
1715      7447  3020  3020  1851 4096 
1716      7445  5947  5947  903  8191 
1717      6583  9094  9094  266  4096 
1718      6583  4362  4362  6    1    
1719      6915  7     7     146  4096 
1720      6915  4242  4242  672  8191 
1721      7134  8863  8863  1533 4096 
1722      7134  5629  5629  2645 1    
1723      12461 2646  2646  3900 4096 
1724      8365  7996  7996  5173 8191 
1725      8953  13364 13364 6341 4096 
1726      8921  10437 10437 7289 1    
1727      9772  7290  7290  7926 4096 
1728      9772  12022 12022 8186 8191 
1729      9440  16377 16377 8046 4096 
1730      9440  12142 12142 7520 1    
1731      9207  7521  7521  6659 4096 
1732      9207  10755 10755 5547 8191 
1733      16180 13738 13738 4292 4096 
1734      7988  8388  8388  3019 1    
1735      7445  3020  3020  1851 4096 
1736      7445  5947  5947  903  8191 
1737      6583  9094  9094  266  4096 
1738      6583  4362  4362  6    1    
1739      6920  7     7     146  4096 
1740      6920  4242  4242  672  8191 
1741      7134  8863  8863  1533 4096 
1742      7134  5629  5629  2645 1    
1743      12460 2646  2646  3900 4096 
1744      8364  7996  7996  5173 8191 
1745      8922  13364 13364 6341 4096 
1746      8922  10437 10437 7289 1    
1747      9770  7290  7290  7926 4096 
1748      9770  12022 12022 8186 8191 
1749      9471  16377 16377 8046 4096 
1750      9439  12142 12142 7520 1    
1751      9208  7521  7521  6659 4096 
1752      9208  10755 10755 5547 8191 
1753      16189 13738 13738 4292 4096 
1754      7989  8388  8388  3019 1    
1755      7446  3020  3020  1851 4096 
1756      7446  5947  5947  903  8191 
1757      6591  9094  9094  266  4096 
1758      6587  4362  4362  6    1    
1759      6916  7     7     146  4096 
1760      6916  4242  4242  672  8191 
1761      7136  8863  8863  1533 4096 
1762      7136  5629  5629  2645 1    
1763      12460 2646  2646  3900 4096 
1764      8364  7996  7996  5173 8191 
1765      8952  13364 13364 6341 4096 
1766      8920  10437 10437 7289 1    
1767      9775  7290  7290  7926 4096 
1768      9775  12022 12022 8186 8191 
1769      9443  16377 16377 8046 4096 
1770      9443  12142 12142 7520 1    
1771      9209  7521  7521  6659 4096 
1772      9209  10755 10755 5547 8191 
1773      16177 13738 13738 4292 4096 
1774      7985  8388  8388  3019 1    
1775      7444  3020  3020  1851 4096 
1776      7444  5947  5947  903  8191 
1777      6589  9094  9094  266  4096 
1778      6585  4362  4362  6    1    
1779      6912  7     7     146  4096 
1780      6912  4242  4242  672  8191 
1781      7138  8863  8863  1533 4096 
1782      7138  5629  5629  2645 1    
1783      12463 2646  2646  3900 4096 
1784      8367  7996  7996  5173 8191 
1785      8953  13364 13364 6341 4096 
1786      8921  10437 10437 7289 1    
1787      9771  7290  7290  7926 4096 
1788      9770  12022 12022 8186 8191 
1789      9452  16377 16377 8046 4096 
1790      9444  12142 12142 7520 1    
1791      9207  7521  7521  6659 4096 
