Signal Legend:

Key        Signal Name

0        = ADC_DB
1        = DAC_DA
2        = DAC_DB
3        = QB3_ADA_TOP:U1|lpm_add:lpm|dataa
4        = QB3_ADA_TOP:U1|lpm_add:lpm|datab

Data Table:

Signals-> 0     1     2     3    4    

sample

-256      8025  6751  6751  7584 4096 
-255      10831 11680 11680 8076 8191 
-254      10831 16267 16267 8179 4096 
-253      8324  12275 12275 7882 1    
-252      8324  7883  7883  7214 4096 
-251      10060 11310 11310 6242 8191 
-250      10060 14433 14433 5059 4096 
-249      6756  9155  9155  3782 1    
-248      6756  3783  3783  2535 4096 
-247      8323  6631  6631  1442 8191 
-246      8323  9633  9633  608  4096 
-245      5530  4704  4704  116  1    
-244      5530  117   117   13   4096 
-243      8039  4109  4109  310  8191 
-242      8039  8501  8501  978  4096 
-241      6308  5074  5074  1950 1    
-240      6308  1951  1951  3133 4096 
-239      9597  7229  7229  4410 8191 
-238      9597  12601 12601 5657 4096 
-237      8024  9753  9753  6750 1    
-236      8024  6751  6751  7584 4096 
-235      10830 11680 11680 8076 8191 
-234      10830 16267 16267 8179 4096 
-233      8325  12275 12275 7882 1    
-232      8325  7883  7883  7214 4096 
-231      10060 11310 11310 6242 8191 
-230      10060 14433 14433 5059 4096 
-229      6757  9155  9155  3782 1    
-228      6757  3783  3783  2535 4096 
-227      8323  6631  6631  1442 8191 
-226      8323  9633  9633  608  4096 
-225      5533  4704  4704  116  1    
-224      5533  117   117   13   4096 
-223      8039  4109  4109  310  8191 
-222      8039  8501  8501  978  4096 
-221      6307  5074  5074  1950 1    
-220      6307  1951  1951  3133 4096 
-219      9598  7229  7229  4410 8191 
-218      9598  12601 12601 5657 4096 
-217      8027  9753  9753  6750 1    
-216      8027  6751  6751  7584 4096 
-215      10829 11680 11680 8076 8191 
-214      10829 16267 16267 8179 4096 
-213      8323  12275 12275 7882 1    
-212      8323  7883  7883  7214 4096 
-211      10059 11310 11310 6242 8191 
-210      10059 14433 14433 5059 4096 
-209      6757  9155  9155  3782 1    
-208      6757  3783  3783  2535 4096 
-207      8324  6631  6631  1442 8191 
-206      8324  9633  9633  608  4096 
-205      5532  4704  4704  116  1    
-204      5532  117   117   13   4096 
-203      8041  4109  4109  310  8191 
-202      8041  8501  8501  978  4096 
-201      6307  5074  5074  1950 1    
-200      6307  1951  1951  3133 4096 
-199      9598  7229  7229  4410 8191 
-198      9598  12601 12601 5657 4096 
-197      8028  9753  9753  6750 1    
-196      8028  6751  6751  7584 4096 
-195      10832 11680 11680 8076 8191 
-194      10832 16267 16267 8179 4096 
-193      8322  12275 12275 7882 1    
-192      8322  7883  7883  7214 4096 
-191      10059 11310 11310 6242 8191 
-190      10059 14433 14433 5059 4096 
-189      6756  9155  9155  3782 1    
-188      6756  3783  3783  2535 4096 
-187      8322  6631  6631  1442 8191 
-186      8322  9633  9633  608  4096 
-185      5533  4704  4704  116  1    
-184      5533  117   117   13   4096 
-183      8040  4109  4109  310  8191 
-182      8040  8501  8501  978  4096 
-181      6306  5074  5074  1950 1    
-180      6306  1951  1951  3133 4096 
-179      9597  7229  7229  4410 8191 
-178      9597  12601 12601 5657 4096 
-177      8023  9753  9753  6750 1    
-176      8023  6751  6751  7584 4096 
-175      10831 11680 11680 8076 8191 
-174      10831 16267 16267 8179 4096 
-173      8324  12275 12275 7882 1    
-172      8324  7883  7883  7214 4096 
-171      10058 11310 11310 6242 8191 
-170      10058 14433 14433 5059 4096 
-169      6757  9155  9155  3782 1    
-168      6757  3783  3783  2535 4096 
-167      8323  6631  6631  1442 8191 
-166      8323  9633  9633  608  4096 
-165      5530  4704  4704  116  1    
-164      5530  117   117   13   4096 
-163      8038  4109  4109  310  8191 
-162      8038  8501  8501  978  4096 
-161      6309  5074  5074  1950 1    
-160      6309  1951  1951  3133 4096 
-159      9598  7229  7229  4410 8191 
-158      9598  12601 12601 5657 4096 
-157      8026  9753  9753  6750 1    
-156      8026  6751  6751  7584 4096 
-155      10828 11680 11680 8076 8191 
-154      10828 16267 16267 8179 4096 
-153      8322  12275 12275 7882 1    
-152      8322  7883  7883  7214 4096 
-151      10059 11310 11310 6242 8191 
-150      10059 14433 14433 5059 4096 
-149      6757  9155  9155  3782 1    
-148      6757  3783  3783  2535 4096 
-147      8323  6631  6631  1442 8191 
-146      8323  9633  9633  608  4096 
-145      5530  4704  4704  116  1    
-144      5530  117   117   13   4096 
-143      8040  4109  4109  310  8191 
-142      8040  8501  8501  978  4096 
-141      6307  5074  5074  1950 1    
-140      6307  1951  1951  3133 4096 
-139      9595  7229  7229  4410 8191 
-138      9595  12601 12601 5657 4096 
-137      8027  9753  9753  6750 1    
-136      8027  6751  6751  7584 4096 
-135      10831 11680 11680 8076 8191 
-134      10831 16267 16267 8179 4096 
-133      8326  12275 12275 7882 1    
-132      8326  7883  7883  7214 4096 
-131      10056 11310 11310 6242 8191 
-130      10056 14433 14433 5059 4096 
-129      6758  9155  9155  3782 1    
-128      6758  3783  3783  2535 4096 
-127      8325  6631  6631  1442 8191 
-126      8325  9633  9633  608  4096 
-125      5532  4704  4704  116  1    
-124      5532  117   117   13   4096 
-123      8043  4109  4109  310  8191 
-122      8043  8501  8501  978  4096 
-121      6307  5074  5074  1950 1    
-120      6307  1951  1951  3133 4096 
-119      9598  7229  7229  4410 8191 
-118      9598  12601 12601 5657 4096 
-117      8024  9753  9753  6750 1    
-116      8024  6751  6751  7584 4096 
-115      10830 11680 11680 8076 8191 
-114      10830 16267 16267 8179 4096 
-113      8325  12275 12275 7882 1    
-112      8325  7883  7883  7214 4096 
-111      10059 11310 11310 6242 8191 
-110      10059 14433 14433 5059 4096 
-109      6757  9155  9155  3782 1    
-108      6757  3783  3783  2535 4096 
-107      8323  6631  6631  1442 8191 
-106      8323  9633  9633  608  4096 
-105      5529  4704  4704  116  1    
-104      5529  117   117   13   4096 
-103      8039  4109  4109  310  8191 
-102      8039  8501  8501  978  4096 
-101      6309  5074  5074  1950 1    
-100      6309  1951  1951  3133 4096 
-99       9597  7229  7229  4410 8191 
-98       9597  12601 12601 5657 4096 
-97       8027  9753  9753  6750 1    
-96       8027  6751  6751  7584 4096 
-95       10831 11680 11680 8076 8191 
-94       10831 16267 16267 8179 4096 
-93       8323  12275 12275 7882 1    
-92       8323  7883  7883  7214 4096 
-91       10057 11310 11310 6242 8191 
-90       10057 14433 14433 5059 4096 
-89       6755  9155  9155  3782 1    
-88       6755  3783  3783  2535 4096 
-87       8320  6631  6631  1442 8191 
-86       8320  9633  9633  608  4096 
-85       5531  4704  4704  116  1    
-84       5531  117   117   13   4096 
-83       8042  4109  4109  310  8191 
-82       8042  8501  8501  978  4096 
-81       6308  5074  5074  1950 1    
-80       6308  1951  1951  3133 4096 
-79       9597  7229  7229  4410 8191 
-78       9597  12601 12601 5657 4096 
-77       8025  9753  9753  6750 1    
-76       8025  6751  6751  7584 4096 
-75       10828 11680 11680 8076 8191 
-74       10828 16267 16267 8179 4096 
-73       8319  12275 12275 7882 1    
-72       8319  7883  7883  7214 4096 
-71       10057 11310 11310 6242 8191 
-70       10057 14433 14433 5059 4096 
-69       6757  9155  9155  3782 1    
-68       6757  3783  3783  2535 4096 
-67       8323  6631  6631  1442 8191 
-66       8323  9633  9633  608  4096 
-65       5531  4704  4704  116  1    
-64       5531  117   117   13   4096 
-63       8041  4109  4109  310  8191 
-62       8041  8501  8501  978  4096 
-61       6308  5074  5074  1950 1    
-60       6308  1951  1951  3133 4096 
-59       9597  7229  7229  4410 8191 
-58       9597  12601 12601 5657 4096 
-57       8026  9753  9753  6750 1    
-56       8026  6751  6751  7584 4096 
-55       10829 11680 11680 8076 8191 
-54       10829 16267 16267 8179 4096 
-53       8324  12275 12275 7882 1    
-52       8324  7883  7883  7214 4096 
-51       10063 11310 11310 6242 8191 
-50       10063 14433 14433 5059 4096 
-49       6757  9155  9155  3782 1    
-48       6757  3783  3783  2535 4096 
-47       8322  6631  6631  1442 8191 
-46       8322  9633  9633  608  4096 
-45       5532  4704  4704  116  1    
-44       5532  117   117   13   4096 
-43       8039  4109  4109  310  8191 
-42       8039  8501  8501  978  4096 
-41       6305  5074  5074  1950 1    
-40       6305  1951  1951  3133 4096 
-39       9597  7229  7229  4410 8191 
-38       9597  12601 12601 5657 4096 
-37       8026  9753  9753  6750 1    
-36       8026  6751  6751  7584 4096 
-35       10832 11680 11680 8076 8191 
-34       10832 16267 16267 8179 4096 
-33       8323  12275 12275 7882 1    
-32       8323  7883  7883  7214 4096 
-31       10059 11310 11310 6242 8191 
-30       10059 14433 14433 5059 4096 
-29       6757  9155  9155  3782 1    
-28       6757  3783  3783  2535 4096 
-27       8324  6631  6631  1442 8191 
-26       8324  9633  9633  608  4096 
-25       5530  4704  4704  116  1    
-24       5530  117   117   13   4096 
-23       8040  4109  4109  310  8191 
-22       8040  8501  8501  978  4096 
-21       6308  5074  5074  1950 1    
-20       6308  1951  1951  3133 4096 
-19       9597  7229  7229  4410 8191 
-18       9597  12601 12601 5657 4096 
-17       8025  9753  9753  6750 1    
-16       8025  6751  6751  7584 4096 
-15       10830 11680 11680 8076 8191 
-14       10830 16267 16267 8179 4096 
-13       8324  12275 12275 7882 1    
-12       8324  7883  7883  7214 4096 
-11       10061 11310 11310 6242 8191 
-10       10061 14433 14433 5059 4096 
-9        6754  9155  9155  3782 1    
-8        6754  3783  3783  2535 4096 
-7        8321  6631  6631  1442 8191 
-6        8321  9633  9633  608  4096 
-5        5531  4704  4704  116  1    
-4        5531  117   117   13   4096 
-3        8039  4109  4109  310  8191 
-2        8039  8501  8501  978  4096 
-1        6307  5074  5074  1950 1    
0         6307  1951  1951  3133 4096 
1         9597  7229  7229  4410 8191 
2         9597  12601 12601 5657 4096 
3         8024  9753  9753  6750 1    
4         8024  6751  6751  7584 4096 
5         10830 11680 11680 8076 8191 
6         10830 16267 16267 8179 4096 
7         8323  12275 12275 7882 1    
8         8323  7883  7883  7214 4096 
9         10062 11310 11310 6242 8191 
10        10062 14433 14433 5059 4096 
11        6755  9155  9155  3782 1    
12        6755  3783  3783  2535 4096 
13        8324  6631  6631  1442 8191 
14        8324  9633  9633  608  4096 
15        5530  4704  4704  116  1    
16        5530  117   117   13   4096 
17        8041  4109  4109  310  8191 
18        8041  8501  8501  978  4096 
19        6309  5074  5074  1950 1    
20        6309  1951  1951  3133 4096 
21        9596  7229  7229  4410 8191 
22        9596  12601 12601 5657 4096 
23        8026  9753  9753  6750 1    
24        8026  6751  6751  7584 4096 
25        10829 11680 11680 8076 8191 
26        10829 16267 16267 8179 4096 
27        8322  12275 12275 7882 1    
28        8322  7883  7883  7214 4096 
29        10058 11310 11310 6242 8191 
30        10058 14433 14433 5059 4096 
31        6759  9155  9155  3782 1    
32        6759  3783  3783  2535 4096 
33        8324  6631  6631  1442 8191 
34        8324  9633  9633  608  4096 
35        5529  4704  4704  116  1    
36        5529  117   117   13   4096 
37        8042  4109  4109  310  8191 
38        8042  8501  8501  978  4096 
39        6308  5074  5074  1950 1    
40        6308  1951  1951  3133 4096 
41        9598  7229  7229  4410 8191 
42        9598  12601 12601 5657 4096 
43        8026  9753  9753  6750 1    
44        8026  6751  6751  7584 4096 
45        10830 11680 11680 8076 8191 
46        10830 16267 16267 8179 4096 
47        8321  12275 12275 7882 1    
48        8321  7883  7883  7214 4096 
49        10062 11310 11310 6242 8191 
50        10062 14433 14433 5059 4096 
51        6758  9155  9155  3782 1    
52        6758  3783  3783  2535 4096 
53        8325  6631  6631  1442 8191 
54        8325  9633  9633  608  4096 
55        5532  4704  4704  116  1    
56        5532  117   117   13   4096 
57        8038  4109  4109  310  8191 
58        8038  8501  8501  978  4096 
59        6307  5074  5074  1950 1    
60        6307  1951  1951  3133 4096 
61        9595  7229  7229  4410 8191 
62        9595  12601 12601 5657 4096 
63        8027  9753  9753  6750 1    
64        8027  6751  6751  7584 4096 
65        10828 11680 11680 8076 8191 
66        10828 16267 16267 8179 4096 
67        8324  12275 12275 7882 1    
68        8324  7883  7883  7214 4096 
69        10059 11310 11310 6242 8191 
70        10059 14433 14433 5059 4096 
71        6759  9155  9155  3782 1    
72        6759  3783  3783  2535 4096 
73        8322  6631  6631  1442 8191 
74        8322  9633  9633  608  4096 
75        5532  4704  4704  116  1    
76        5532  117   117   13   4096 
77        8039  4109  4109  310  8191 
78        8039  8501  8501  978  4096 
79        6308  5074  5074  1950 1    
80        6308  1951  1951  3133 4096 
81        9596  7229  7229  4410 8191 
82        9596  12601 12601 5657 4096 
83        8027  9753  9753  6750 1    
84        8027  6751  6751  7584 4096 
85        10831 11680 11680 8076 8191 
86        10831 16267 16267 8179 4096 
87        8323  12275 12275 7882 1    
88        8323  7883  7883  7214 4096 
89        10060 11310 11310 6242 8191 
90        10060 14433 14433 5059 4096 
91        6759  9155  9155  3782 1    
92        6759  3783  3783  2535 4096 
93        8321  6631  6631  1442 8191 
94        8321  9633  9633  608  4096 
95        5534  4704  4704  116  1    
96        5534  117   117   13   4096 
97        8039  4109  4109  310  8191 
98        8039  8501  8501  978  4096 
99        6309  5074  5074  1950 1    
100       6309  1951  1951  3133 4096 
101       9598  7229  7229  4410 8191 
102       9598  12601 12601 5657 4096 
103       8027  9753  9753  6750 1    
104       8027  6751  6751  7584 4096 
105       10832 11680 11680 8076 8191 
106       10832 16267 16267 8179 4096 
107       8323  12275 12275 7882 1    
108       8323  7883  7883  7214 4096 
109       10061 11310 11310 6242 8191 
110       10061 14433 14433 5059 4096 
111       6757  9155  9155  3782 1    
112       6757  3783  3783  2535 4096 
113       8323  6631  6631  1442 8191 
114       8323  9633  9633  608  4096 
115       5529  4704  4704  116  1    
116       5529  117   117   13   4096 
117       8039  4109  4109  310  8191 
118       8039  8501  8501  978  4096 
119       6307  5074  5074  1950 1    
120       6307  1951  1951  3133 4096 
121       9595  7229  7229  4410 8191 
122       9595  12601 12601 5657 4096 
123       8028  9753  9753  6750 1    
124       8028  6751  6751  7584 4096 
125       10832 11680 11680 8076 8191 
126       10832 16267 16267 8179 4096 
127       8323  12275 12275 7882 1    
128       8323  7883  7883  7214 4096 
129       10061 11310 11310 6242 8191 
130       10061 14433 14433 5059 4096 
131       6757  9155  9155  3782 1    
132       6757  3783  3783  2535 4096 
133       8323  6631  6631  1442 8191 
134       8323  9633  9633  608  4096 
135       5532  4704  4704  116  1    
136       5532  117   117   13   4096 
137       8042  4109  4109  310  8191 
138       8042  8501  8501  978  4096 
139       6306  5074  5074  1950 1    
140       6306  1951  1951  3133 4096 
141       9597  7229  7229  4410 8191 
142       9597  12601 12601 5657 4096 
143       8026  9753  9753  6750 1    
144       8026  6751  6751  7584 4096 
145       10833 11680 11680 8076 8191 
146       10833 16267 16267 8179 4096 
147       8323  12275 12275 7882 1    
148       8323  7883  7883  7214 4096 
149       10059 11310 11310 6242 8191 
150       10059 14433 14433 5059 4096 
151       6758  9155  9155  3782 1    
152       6758  3783  3783  2535 4096 
153       8323  6631  6631  1442 8191 
154       8323  9633  9633  608  4096 
155       5531  4704  4704  116  1    
156       5531  117   117   13   4096 
157       8042  4109  4109  310  8191 
158       8042  8501  8501  978  4096 
159       6306  5074  5074  1950 1    
160       6306  1951  1951  3133 4096 
161       9597  7229  7229  4410 8191 
162       9597  12601 12601 5657 4096 
163       8026  9753  9753  6750 1    
164       8026  6751  6751  7584 4096 
165       10830 11680 11680 8076 8191 
166       10830 16267 16267 8179 4096 
167       8323  12275 12275 7882 1    
168       8323  7883  7883  7214 4096 
169       10059 11310 11310 6242 8191 
170       10059 14433 14433 5059 4096 
171       6756  9155  9155  3782 1    
172       6756  3783  3783  2535 4096 
173       8324  6631  6631  1442 8191 
174       8324  9633  9633  608  4096 
175       5531  4704  4704  116  1    
176       5531  117   117   13   4096 
177       8038  4109  4109  310  8191 
178       8038  8501  8501  978  4096 
179       6307  5074  5074  1950 1    
180       6307  1951  1951  3133 4096 
181       9594  7229  7229  4410 8191 
182       9594  12601 12601 5657 4096 
183       8029  9753  9753  6750 1    
184       8029  6751  6751  7584 4096 
185       10830 11680 11680 8076 8191 
186       10830 16267 16267 8179 4096 
187       8325  12275 12275 7882 1    
188       8325  7883  7883  7214 4096 
189       10061 11310 11310 6242 8191 
190       10061 14433 14433 5059 4096 
191       6758  9155  9155  3782 1    
192       6758  3783  3783  2535 4096 
193       8322  6631  6631  1442 8191 
194       8322  9633  9633  608  4096 
195       5531  4704  4704  116  1    
196       5531  117   117   13   4096 
197       8039  4109  4109  310  8191 
198       8039  8501  8501  978  4096 
199       6308  5074  5074  1950 1    
200       6308  1951  1951  3133 4096 
201       9597  7229  7229  4410 8191 
202       9597  12601 12601 5657 4096 
203       8024  9753  9753  6750 1    
204       8024  6751  6751  7584 4096 
205       10832 11680 11680 8076 8191 
206       10832 16267 16267 8179 4096 
207       8323  12275 12275 7882 1    
208       8323  7883  7883  7214 4096 
209       10059 11310 11310 6242 8191 
210       10059 14433 14433 5059 4096 
211       6756  9155  9155  3782 1    
212       6756  3783  3783  2535 4096 
213       8322  6631  6631  1442 8191 
214       8322  9633  9633  608  4096 
215       5532  4704  4704  116  1    
216       5532  117   117   13   4096 
217       8038  4109  4109  310  8191 
218       8038  8501  8501  978  4096 
219       6309  5074  5074  1950 1    
220       6309  1951  1951  3133 4096 
221       9594  7229  7229  4410 8191 
222       9594  12601 12601 5657 4096 
223       8024  9753  9753  6750 1    
224       8024  6751  6751  7584 4096 
225       10827 11680 11680 8076 8191 
226       10827 16267 16267 8179 4096 
227       8326  12275 12275 7882 1    
228       8326  7883  7883  7214 4096 
229       10056 11310 11310 6242 8191 
230       10056 14433 14433 5059 4096 
231       6756  9155  9155  3782 1    
232       6756  3783  3783  2535 4096 
233       8325  6631  6631  1442 8191 
234       8325  9633  9633  608  4096 
235       5532  4704  4704  116  1    
236       5532  117   117   13   4096 
237       8041  4109  4109  310  8191 
238       8041  8501  8501  978  4096 
239       6309  5074  5074  1950 1    
240       6309  1951  1951  3133 4096 
241       9597  7229  7229  4410 8191 
242       9597  12601 12601 5657 4096 
243       8027  9753  9753  6750 1    
244       8027  6751  6751  7584 4096 
245       10830 11680 11680 8076 8191 
246       10830 16267 16267 8179 4096 
247       8324  12275 12275 7882 1    
248       8324  7883  7883  7214 4096 
249       10059 11310 11310 6242 8191 
250       10059 14433 14433 5059 4096 
251       6755  9155  9155  3782 1    
252       6755  3783  3783  2535 4096 
253       8321  6631  6631  1442 8191 
254       8321  9633  9633  608  4096 
255       5530  4704  4704  116  1    
256       5530  117   117   13   4096 
257       8040  4109  4109  310  8191 
258       8040  8501  8501  978  4096 
259       6306  5074  5074  1950 1    
260       6306  1951  1951  3133 4096 
261       9598  7229  7229  4410 8191 
262       9598  12601 12601 5657 4096 
263       8029  9753  9753  6750 1    
264       8029  6751  6751  7584 4096 
265       10829 11680 11680 8076 8191 
266       10829 16267 16267 8179 4096 
267       8325  12275 12275 7882 1    
268       8325  7883  7883  7214 4096 
269       10060 11310 11310 6242 8191 
270       10060 14433 14433 5059 4096 
271       6758  9155  9155  3782 1    
272       6758  3783  3783  2535 4096 
273       8321  6631  6631  1442 8191 
274       8321  9633  9633  608  4096 
275       5532  4704  4704  116  1    
276       5532  117   117   13   4096 
277       8040  4109  4109  310  8191 
278       8040  8501  8501  978  4096 
279       6308  5074  5074  1950 1    
280       6308  1951  1951  3133 4096 
281       9596  7229  7229  4410 8191 
282       9596  12601 12601 5657 4096 
283       8025  9753  9753  6750 1    
284       8025  6751  6751  7584 4096 
285       10831 11680 11680 8076 8191 
286       10831 16267 16267 8179 4096 
287       8321  12275 12275 7882 1    
288       8321  7883  7883  7214 4096 
289       10058 11310 11310 6242 8191 
290       10058 14433 14433 5059 4096 
291       6755  9155  9155  3782 1    
292       6755  3783  3783  2535 4096 
293       8323  6631  6631  1442 8191 
294       8323  9633  9633  608  4096 
295       5529  4704  4704  116  1    
296       5529  117   117   13   4096 
297       8039  4109  4109  310  8191 
298       8039  8501  8501  978  4096 
299       6306  5074  5074  1950 1    
300       6306  1951  1951  3133 4096 
301       9598  7229  7229  4410 8191 
302       9598  12601 12601 5657 4096 
303       8023  9753  9753  6750 1    
304       8023  6751  6751  7584 4096 
305       10830 11680 11680 8076 8191 
306       10830 16267 16267 8179 4096 
307       8322  12275 12275 7882 1    
308       8322  7883  7883  7214 4096 
309       10058 11310 11310 6242 8191 
310       10058 14433 14433 5059 4096 
311       6757  9155  9155  3782 1    
312       6757  3783  3783  2535 4096 
313       8324  6631  6631  1442 8191 
314       8324  9633  9633  608  4096 
315       5536  4704  4704  116  1    
316       5536  117   117   13   4096 
317       8041  4109  4109  310  8191 
318       8041  8501  8501  978  4096 
319       6307  5074  5074  1950 1    
320       6307  1951  1951  3133 4096 
321       9597  7229  7229  4410 8191 
322       9597  12601 12601 5657 4096 
323       8028  9753  9753  6750 1    
324       8028  6751  6751  7584 4096 
325       10830 11680 11680 8076 8191 
326       10830 16267 16267 8179 4096 
327       8322  12275 12275 7882 1    
328       8322  7883  7883  7214 4096 
329       10058 11310 11310 6242 8191 
330       10058 14433 14433 5059 4096 
331       6757  9155  9155  3782 1    
332       6757  3783  3783  2535 4096 
333       8322  6631  6631  1442 8191 
334       8322  9633  9633  608  4096 
335       5532  4704  4704  116  1    
336       5532  117   117   13   4096 
337       8042  4109  4109  310  8191 
338       8042  8501  8501  978  4096 
339       6309  5074  5074  1950 1    
340       6309  1951  1951  3133 4096 
341       9596  7229  7229  4410 8191 
342       9596  12601 12601 5657 4096 
343       8024  9753  9753  6750 1    
344       8024  6751  6751  7584 4096 
345       10830 11680 11680 8076 8191 
346       10830 16267 16267 8179 4096 
347       8322  12275 12275 7882 1    
348       8322  7883  7883  7214 4096 
349       10057 11310 11310 6242 8191 
350       10057 14433 14433 5059 4096 
351       6757  9155  9155  3782 1    
352       6757  3783  3783  2535 4096 
353       8323  6631  6631  1442 8191 
354       8323  9633  9633  608  4096 
355       5531  4704  4704  116  1    
356       5531  117   117   13   4096 
357       8039  4109  4109  310  8191 
358       8039  8501  8501  978  4096 
359       6308  5074  5074  1950 1    
360       6308  1951  1951  3133 4096 
361       9596  7229  7229  4410 8191 
362       9596  12601 12601 5657 4096 
363       8025  9753  9753  6750 1    
364       8025  6751  6751  7584 4096 
365       10831 11680 11680 8076 8191 
366       10831 16267 16267 8179 4096 
367       8324  12275 12275 7882 1    
368       8324  7883  7883  7214 4096 
369       10062 11310 11310 6242 8191 
370       10062 14433 14433 5059 4096 
371       6757  9155  9155  3782 1    
372       6757  3783  3783  2535 4096 
373       8324  6631  6631  1442 8191 
374       8324  9633  9633  608  4096 
375       5531  4704  4704  116  1    
376       5531  117   117   13   4096 
377       8041  4109  4109  310  8191 
378       8041  8501  8501  978  4096 
379       6307  5074  5074  1950 1    
380       6307  1951  1951  3133 4096 
381       9595  7229  7229  4410 8191 
382       9595  12601 12601 5657 4096 
383       8024  9753  9753  6750 1    
384       8024  6751  6751  7584 4096 
385       10830 11680 11680 8076 8191 
386       10830 16267 16267 8179 4096 
387       8326  12275 12275 7882 1    
388       8326  7883  7883  7214 4096 
389       10060 11310 11310 6242 8191 
390       10060 14433 14433 5059 4096 
391       6757  9155  9155  3782 1    
392       6757  3783  3783  2535 4096 
393       8322  6631  6631  1442 8191 
394       8322  9633  9633  608  4096 
395       5532  4704  4704  116  1    
396       5532  117   117   13   4096 
397       8039  4109  4109  310  8191 
398       8039  8501  8501  978  4096 
399       6308  5074  5074  1950 1    
400       6308  1951  1951  3133 4096 
401       9599  7229  7229  4410 8191 
402       9599  12601 12601 5657 4096 
403       8025  9753  9753  6750 1    
404       8025  6751  6751  7584 4096 
405       10828 11680 11680 8076 8191 
406       10828 16267 16267 8179 4096 
407       8324  12275 12275 7882 1    
408       8324  7883  7883  7214 4096 
409       10059 11310 11310 6242 8191 
410       10059 14433 14433 5059 4096 
411       6756  9155  9155  3782 1    
412       6756  3783  3783  2535 4096 
413       8323  6631  6631  1442 8191 
414       8323  9633  9633  608  4096 
415       5529  4704  4704  116  1    
416       5529  117   117   13   4096 
417       8041  4109  4109  310  8191 
418       8041  8501  8501  978  4096 
419       6306  5074  5074  1950 1    
420       6306  1951  1951  3133 4096 
421       9597  7229  7229  4410 8191 
422       9597  12601 12601 5657 4096 
423       8023  9753  9753  6750 1    
424       8023  6751  6751  7584 4096 
425       10831 11680 11680 8076 8191 
426       10831 16267 16267 8179 4096 
427       8323  12275 12275 7882 1    
428       8323  7883  7883  7214 4096 
429       10064 11310 11310 6242 8191 
430       10064 14433 14433 5059 4096 
431       6755  9155  9155  3782 1    
432       6755  3783  3783  2535 4096 
433       8324  6631  6631  1442 8191 
434       8324  9633  9633  608  4096 
435       5530  4704  4704  116  1    
436       5530  117   117   13   4096 
437       8041  4109  4109  310  8191 
438       8041  8501  8501  978  4096 
439       6309  5074  5074  1950 1    
440       6309  1951  1951  3133 4096 
441       9599  7229  7229  4410 8191 
442       9599  12601 12601 5657 4096 
443       8025  9753  9753  6750 1    
444       8025  6751  6751  7584 4096 
445       10829 11680 11680 8076 8191 
446       10829 16267 16267 8179 4096 
447       8323  12275 12275 7882 1    
448       8323  7883  7883  7214 4096 
449       10061 11310 11310 6242 8191 
450       10061 14433 14433 5059 4096 
451       6757  9155  9155  3782 1    
452       6757  3783  3783  2535 4096 
453       8322  6631  6631  1442 8191 
454       8322  9633  9633  608  4096 
455       5529  4704  4704  116  1    
456       5529  117   117   13   4096 
457       8040  4109  4109  310  8191 
458       8040  8501  8501  978  4096 
459       6307  5074  5074  1950 1    
460       6307  1951  1951  3133 4096 
461       9596  7229  7229  4410 8191 
462       9596  12601 12601 5657 4096 
463       8027  9753  9753  6750 1    
464       8027  6751  6751  7584 4096 
465       10832 11680 11680 8076 8191 
466       10832 16267 16267 8179 4096 
467       8323  12275 12275 7882 1    
468       8323  7883  7883  7214 4096 
469       10057 11310 11310 6242 8191 
470       10057 14433 14433 5059 4096 
471       6759  9155  9155  3782 1    
472       6759  3783  3783  2535 4096 
473       8324  6631  6631  1442 8191 
474       8324  9633  9633  608  4096 
475       5533  4704  4704  116  1    
476       5533  117   117   13   4096 
477       8042  4109  4109  310  8191 
478       8042  8501  8501  978  4096 
479       6306  5074  5074  1950 1    
480       6306  1951  1951  3133 4096 
481       9596  7229  7229  4410 8191 
482       9596  12601 12601 5657 4096 
483       8025  9753  9753  6750 1    
484       8025  6751  6751  7584 4096 
485       10831 11680 11680 8076 8191 
486       10831 16267 16267 8179 4096 
487       8322  12275 12275 7882 1    
488       8322  7883  7883  7214 4096 
489       10060 11310 11310 6242 8191 
490       10060 14433 14433 5059 4096 
491       6758  9155  9155  3782 1    
492       6758  3783  3783  2535 4096 
493       8322  6631  6631  1442 8191 
494       8322  9633  9633  608  4096 
495       5533  4704  4704  116  1    
496       5533  117   117   13   4096 
497       8040  4109  4109  310  8191 
498       8040  8501  8501  978  4096 
499       6308  5074  5074  1950 1    
500       6308  1951  1951  3133 4096 
501       9595  7229  7229  4410 8191 
502       9595  12601 12601 5657 4096 
503       8026  9753  9753  6750 1    
504       8026  6751  6751  7584 4096 
505       10829 11680 11680 8076 8191 
506       10829 16267 16267 8179 4096 
507       8325  12275 12275 7882 1    
508       8325  7883  7883  7214 4096 
509       10057 11310 11310 6242 8191 
510       10057 14433 14433 5059 4096 
511       6756  9155  9155  3782 1    
512       6756  3783  3783  2535 4096 
513       8323  6631  6631  1442 8191 
514       8323  9633  9633  608  4096 
515       5531  4704  4704  116  1    
516       5531  117   117   13   4096 
517       8038  4109  4109  310  8191 
518       8038  8501  8501  978  4096 
519       6306  5074  5074  1950 1    
520       6306  1951  1951  3133 4096 
521       9596  7229  7229  4410 8191 
522       9596  12601 12601 5657 4096 
523       8025  9753  9753  6750 1    
524       8025  6751  6751  7584 4096 
525       10831 11680 11680 8076 8191 
526       10831 16267 16267 8179 4096 
527       8325  12275 12275 7882 1    
528       8325  7883  7883  7214 4096 
529       10059 11310 11310 6242 8191 
530       10059 14433 14433 5059 4096 
531       6758  9155  9155  3782 1    
532       6758  3783  3783  2535 4096 
533       8319  6631  6631  1442 8191 
534       8319  9633  9633  608  4096 
535       5529  4704  4704  116  1    
536       5529  117   117   13   4096 
537       8038  4109  4109  310  8191 
538       8038  8501  8501  978  4096 
539       6307  5074  5074  1950 1    
540       6307  1951  1951  3133 4096 
541       9596  7229  7229  4410 8191 
542       9596  12601 12601 5657 4096 
543       8025  9753  9753  6750 1    
544       8025  6751  6751  7584 4096 
545       10830 11680 11680 8076 8191 
546       10830 16267 16267 8179 4096 
547       8323  12275 12275 7882 1    
548       8323  7883  7883  7214 4096 
549       10059 11310 11310 6242 8191 
550       10059 14433 14433 5059 4096 
551       6757  9155  9155  3782 1    
552       6757  3783  3783  2535 4096 
553       8322  6631  6631  1442 8191 
554       8322  9633  9633  608  4096 
555       5532  4704  4704  116  1    
556       5532  117   117   13   4096 
557       8040  4109  4109  310  8191 
558       8040  8501  8501  978  4096 
559       6308  5074  5074  1950 1    
560       6308  1951  1951  3133 4096 
561       9595  7229  7229  4410 8191 
562       9595  12601 12601 5657 4096 
563       8026  9753  9753  6750 1    
564       8026  6751  6751  7584 4096 
565       10832 11680 11680 8076 8191 
566       10832 16267 16267 8179 4096 
567       8321  12275 12275 7882 1    
568       8321  7883  7883  7214 4096 
569       10058 11310 11310 6242 8191 
570       10058 14433 14433 5059 4096 
571       6758  9155  9155  3782 1    
572       6758  3783  3783  2535 4096 
573       8322  6631  6631  1442 8191 
574       8322  9633  9633  608  4096 
575       5531  4704  4704  116  1    
576       5531  117   117   13   4096 
577       8040  4109  4109  310  8191 
578       8040  8501  8501  978  4096 
579       6306  5074  5074  1950 1    
580       6306  1951  1951  3133 4096 
581       9595  7229  7229  4410 8191 
582       9595  12601 12601 5657 4096 
583       8023  9753  9753  6750 1    
584       8023  6751  6751  7584 4096 
585       10830 11680 11680 8076 8191 
586       10830 16267 16267 8179 4096 
587       8324  12275 12275 7882 1    
588       8324  7883  7883  7214 4096 
589       10061 11310 11310 6242 8191 
590       10061 14433 14433 5059 4096 
591       6757  9155  9155  3782 1    
592       6757  3783  3783  2535 4096 
593       8324  6631  6631  1442 8191 
594       8324  9633  9633  608  4096 
595       5535  4704  4704  116  1    
596       5535  117   117   13   4096 
597       8039  4109  4109  310  8191 
598       8039  8501  8501  978  4096 
599       6307  5074  5074  1950 1    
600       6307  1951  1951  3133 4096 
601       9597  7229  7229  4410 8191 
602       9597  12601 12601 5657 4096 
603       8024  9753  9753  6750 1    
604       8024  6751  6751  7584 4096 
605       10830 11680 11680 8076 8191 
606       10830 16267 16267 8179 4096 
607       8324  12275 12275 7882 1    
608       8324  7883  7883  7214 4096 
609       10060 11310 11310 6242 8191 
610       10060 14433 14433 5059 4096 
611       6756  9155  9155  3782 1    
612       6756  3783  3783  2535 4096 
613       8324  6631  6631  1442 8191 
614       8324  9633  9633  608  4096 
615       5529  4704  4704  116  1    
616       5529  117   117   13   4096 
617       8039  4109  4109  310  8191 
618       8039  8501  8501  978  4096 
619       6305  5074  5074  1950 1    
620       6305  1951  1951  3133 4096 
621       9596  7229  7229  4410 8191 
622       9596  12601 12601 5657 4096 
623       8027  9753  9753  6750 1    
624       8027  6751  6751  7584 4096 
625       10828 11680 11680 8076 8191 
626       10828 16267 16267 8179 4096 
627       8327  12275 12275 7882 1    
628       8327  7883  7883  7214 4096 
629       10059 11310 11310 6242 8191 
630       10059 14433 14433 5059 4096 
631       6757  9155  9155  3782 1    
632       6757  3783  3783  2535 4096 
633       8322  6631  6631  1442 8191 
634       8322  9633  9633  608  4096 
635       5530  4704  4704  116  1    
636       5530  117   117   13   4096 
637       8037  4109  4109  310  8191 
638       8037  8501  8501  978  4096 
639       6309  5074  5074  1950 1    
640       6309  1951  1951  3133 4096 
641       9595  7229  7229  4410 8191 
642       9595  12601 12601 5657 4096 
643       8023  9753  9753  6750 1    
644       8023  6751  6751  7584 4096 
645       10828 11680 11680 8076 8191 
646       10828 16267 16267 8179 4096 
647       8322  12275 12275 7882 1    
648       8322  7883  7883  7214 4096 
649       10058 11310 11310 6242 8191 
650       10058 14433 14433 5059 4096 
651       6757  9155  9155  3782 1    
652       6757  3783  3783  2535 4096 
653       8323  6631  6631  1442 8191 
654       8323  9633  9633  608  4096 
655       5530  4704  4704  116  1    
656       5530  117   117   13   4096 
657       8042  4109  4109  310  8191 
658       8042  8501  8501  978  4096 
659       6308  5074  5074  1950 1    
660       6308  1951  1951  3133 4096 
661       9594  7229  7229  4410 8191 
662       9594  12601 12601 5657 4096 
663       8025  9753  9753  6750 1    
664       8025  6751  6751  7584 4096 
665       10830 11680 11680 8076 8191 
666       10830 16267 16267 8179 4096 
667       8323  12275 12275 7882 1    
668       8323  7883  7883  7214 4096 
669       10059 11310 11310 6242 8191 
670       10059 14433 14433 5059 4096 
671       6756  9155  9155  3782 1    
672       6756  3783  3783  2535 4096 
673       8325  6631  6631  1442 8191 
674       8325  9633  9633  608  4096 
675       5527  4704  4704  116  1    
676       5527  117   117   13   4096 
677       8038  4109  4109  310  8191 
678       8038  8501  8501  978  4096 
679       6309  5074  5074  1950 1    
680       6309  1951  1951  3133 4096 
681       9598  7229  7229  4410 8191 
682       9598  12601 12601 5657 4096 
683       8027  9753  9753  6750 1    
684       8027  6751  6751  7584 4096 
685       10829 11680 11680 8076 8191 
686       10829 16267 16267 8179 4096 
687       8324  12275 12275 7882 1    
688       8324  7883  7883  7214 4096 
689       10059 11310 11310 6242 8191 
690       10059 14433 14433 5059 4096 
691       6757  9155  9155  3782 1    
692       6757  3783  3783  2535 4096 
693       8322  6631  6631  1442 8191 
694       8322  9633  9633  608  4096 
695       5532  4704  4704  116  1    
696       5532  117   117   13   4096 
697       8041  4109  4109  310  8191 
698       8041  8501  8501  978  4096 
699       6308  5074  5074  1950 1    
700       6308  1951  1951  3133 4096 
701       9599  7229  7229  4410 8191 
702       9599  12601 12601 5657 4096 
703       8026  9753  9753  6750 1    
704       8026  6751  6751  7584 4096 
705       10831 11680 11680 8076 8191 
706       10831 16267 16267 8179 4096 
707       8325  12275 12275 7882 1    
708       8325  7883  7883  7214 4096 
709       10058 11310 11310 6242 8191 
710       10058 14433 14433 5059 4096 
711       6757  9155  9155  3782 1    
712       6757  3783  3783  2535 4096 
713       8323  6631  6631  1442 8191 
714       8323  9633  9633  608  4096 
715       5533  4704  4704  116  1    
716       5533  117   117   13   4096 
717       8040  4109  4109  310  8191 
718       8040  8501  8501  978  4096 
719       6309  5074  5074  1950 1    
720       6309  1951  1951  3133 4096 
721       9598  7229  7229  4410 8191 
722       9598  12601 12601 5657 4096 
723       8027  9753  9753  6750 1    
724       8027  6751  6751  7584 4096 
725       10830 11680 11680 8076 8191 
726       10830 16267 16267 8179 4096 
727       8324  12275 12275 7882 1    
728       8324  7883  7883  7214 4096 
729       10059 11310 11310 6242 8191 
730       10059 14433 14433 5059 4096 
731       6758  9155  9155  3782 1    
732       6758  3783  3783  2535 4096 
733       8327  6631  6631  1442 8191 
734       8327  9633  9633  608  4096 
735       5530  4704  4704  116  1    
736       5530  117   117   13   4096 
737       8039  4109  4109  310  8191 
738       8039  8501  8501  978  4096 
739       6309  5074  5074  1950 1    
740       6309  1951  1951  3133 4096 
741       9599  7229  7229  4410 8191 
742       9599  12601 12601 5657 4096 
743       8026  9753  9753  6750 1    
744       8026  6751  6751  7584 4096 
745       10833 11680 11680 8076 8191 
746       10833 16267 16267 8179 4096 
747       8324  12275 12275 7882 1    
748       8324  7883  7883  7214 4096 
749       10058 11310 11310 6242 8191 
750       10058 14433 14433 5059 4096 
751       6758  9155  9155  3782 1    
752       6758  3783  3783  2535 4096 
753       8323  6631  6631  1442 8191 
754       8323  9633  9633  608  4096 
755       5530  4704  4704  116  1    
756       5530  117   117   13   4096 
757       8039  4109  4109  310  8191 
758       8039  8501  8501  978  4096 
759       6307  5074  5074  1950 1    
760       6307  1951  1951  3133 4096 
761       9597  7229  7229  4410 8191 
762       9597  12601 12601 5657 4096 
763       8025  9753  9753  6750 1    
764       8025  6751  6751  7584 4096 
765       10829 11680 11680 8076 8191 
766       10829 16267 16267 8179 4096 
767       8324  12275 12275 7882 1    
768       8324  7883  7883  7214 4096 
769       10061 11310 11310 6242 8191 
770       10061 14433 14433 5059 4096 
771       6760  9155  9155  3782 1    
772       6760  3783  3783  2535 4096 
773       8323  6631  6631  1442 8191 
774       8323  9633  9633  608  4096 
775       5530  4704  4704  116  1    
776       5530  117   117   13   4096 
777       8039  4109  4109  310  8191 
778       8039  8501  8501  978  4096 
779       6305  5074  5074  1950 1    
780       6305  1951  1951  3133 4096 
781       9595  7229  7229  4410 8191 
782       9595  12601 12601 5657 4096 
783       8027  9753  9753  6750 1    
784       8027  6751  6751  7584 4096 
785       10830 11680 11680 8076 8191 
786       10830 16267 16267 8179 4096 
787       8326  12275 12275 7882 1    
788       8326  7883  7883  7214 4096 
789       10056 11310 11310 6242 8191 
790       10056 14433 14433 5059 4096 
791       6758  9155  9155  3782 1    
792       6758  3783  3783  2535 4096 
793       8324  6631  6631  1442 8191 
794       8324  9633  9633  608  4096 
795       5532  4704  4704  116  1    
796       5532  117   117   13   4096 
797       8040  4109  4109  310  8191 
798       8040  8501  8501  978  4096 
799       6306  5074  5074  1950 1    
800       6306  1951  1951  3133 4096 
801       9596  7229  7229  4410 8191 
802       9596  12601 12601 5657 4096 
803       8027  9753  9753  6750 1    
804       8027  6751  6751  7584 4096 
805       10829 11680 11680 8076 8191 
806       10829 16267 16267 8179 4096 
807       8324  12275 12275 7882 1    
808       8324  7883  7883  7214 4096 
809       10060 11310 11310 6242 8191 
810       10060 14433 14433 5059 4096 
811       6756  9155  9155  3782 1    
812       6756  3783  3783  2535 4096 
813       8323  6631  6631  1442 8191 
814       8323  9633  9633  608  4096 
815       5530  4704  4704  116  1    
816       5530  117   117   13   4096 
817       8040  4109  4109  310  8191 
818       8040  8501  8501  978  4096 
819       6308  5074  5074  1950 1    
820       6308  1951  1951  3133 4096 
821       9596  7229  7229  4410 8191 
822       9596  12601 12601 5657 4096 
823       8026  9753  9753  6750 1    
824       8026  6751  6751  7584 4096 
825       10826 11680 11680 8076 8191 
826       10826 16267 16267 8179 4096 
827       8324  12275 12275 7882 1    
828       8324  7883  7883  7214 4096 
829       10059 11310 11310 6242 8191 
830       10059 14433 14433 5059 4096 
831       6756  9155  9155  3782 1    
832       6756  3783  3783  2535 4096 
833       8322  6631  6631  1442 8191 
834       8322  9633  9633  608  4096 
835       5534  4704  4704  116  1    
836       5534  117   117   13   4096 
837       8039  4109  4109  310  8191 
838       8039  8501  8501  978  4096 
839       6308  5074  5074  1950 1    
840       6308  1951  1951  3133 4096 
841       9594  7229  7229  4410 8191 
842       9594  12601 12601 5657 4096 
843       8026  9753  9753  6750 1    
844       8026  6751  6751  7584 4096 
845       10834 11680 11680 8076 8191 
846       10834 16267 16267 8179 4096 
847       8324  12275 12275 7882 1    
848       8324  7883  7883  7214 4096 
849       10057 11310 11310 6242 8191 
850       10057 14433 14433 5059 4096 
851       6758  9155  9155  3782 1    
852       6758  3783  3783  2535 4096 
853       8320  6631  6631  1442 8191 
854       8320  9633  9633  608  4096 
855       5529  4704  4704  116  1    
856       5529  117   117   13   4096 
857       8043  4109  4109  310  8191 
858       8043  8501  8501  978  4096 
859       6307  5074  5074  1950 1    
860       6307  1951  1951  3133 4096 
861       9596  7229  7229  4410 8191 
862       9596  12601 12601 5657 4096 
863       8026  9753  9753  6750 1    
864       8026  6751  6751  7584 4096 
865       10829 11680 11680 8076 8191 
866       10829 16267 16267 8179 4096 
867       8322  12275 12275 7882 1    
868       8322  7883  7883  7214 4096 
869       10061 11310 11310 6242 8191 
870       10061 14433 14433 5059 4096 
871       6757  9155  9155  3782 1    
872       6757  3783  3783  2535 4096 
873       8325  6631  6631  1442 8191 
874       8325  9633  9633  608  4096 
875       5532  4704  4704  116  1    
876       5532  117   117   13   4096 
877       8040  4109  4109  310  8191 
878       8040  8501  8501  978  4096 
879       6307  5074  5074  1950 1    
880       6307  1951  1951  3133 4096 
881       9594  7229  7229  4410 8191 
882       9594  12601 12601 5657 4096 
883       8026  9753  9753  6750 1    
884       8026  6751  6751  7584 4096 
885       10829 11680 11680 8076 8191 
886       10829 16267 16267 8179 4096 
887       8324  12275 12275 7882 1    
888       8324  7883  7883  7214 4096 
889       10060 11310 11310 6242 8191 
890       10060 14433 14433 5059 4096 
891       6757  9155  9155  3782 1    
892       6757  3783  3783  2535 4096 
893       8324  6631  6631  1442 8191 
894       8324  9633  9633  608  4096 
895       5533  4704  4704  116  1    
896       5533  117   117   13   4096 
897       8041  4109  4109  310  8191 
898       8041  8501  8501  978  4096 
899       6307  5074  5074  1950 1    
900       6307  1951  1951  3133 4096 
901       9595  7229  7229  4410 8191 
902       9595  12601 12601 5657 4096 
903       8026  9753  9753  6750 1    
904       8026  6751  6751  7584 4096 
905       10831 11680 11680 8076 8191 
906       10831 16267 16267 8179 4096 
907       8324  12275 12275 7882 1    
908       8324  7883  7883  7214 4096 
909       10061 11310 11310 6242 8191 
910       10061 14433 14433 5059 4096 
911       6758  9155  9155  3782 1    
912       6758  3783  3783  2535 4096 
913       8325  6631  6631  1442 8191 
914       8325  9633  9633  608  4096 
915       5530  4704  4704  116  1    
916       5530  117   117   13   4096 
917       8042  4109  4109  310  8191 
918       8042  8501  8501  978  4096 
919       6308  5074  5074  1950 1    
920       6308  1951  1951  3133 4096 
921       9595  7229  7229  4410 8191 
922       9595  12601 12601 5657 4096 
923       8025  9753  9753  6750 1    
924       8025  6751  6751  7584 4096 
925       10831 11680 11680 8076 8191 
926       10831 16267 16267 8179 4096 
927       8327  12275 12275 7882 1    
928       8327  7883  7883  7214 4096 
929       10058 11310 11310 6242 8191 
930       10058 14433 14433 5059 4096 
931       6758  9155  9155  3782 1    
932       6758  3783  3783  2535 4096 
933       8322  6631  6631  1442 8191 
934       8322  9633  9633  608  4096 
935       5530  4704  4704  116  1    
936       5530  117   117   13   4096 
937       8040  4109  4109  310  8191 
938       8040  8501  8501  978  4096 
939       6307  5074  5074  1950 1    
940       6307  1951  1951  3133 4096 
941       9598  7229  7229  4410 8191 
942       9598  12601 12601 5657 4096 
943       8026  9753  9753  6750 1    
944       8026  6751  6751  7584 4096 
945       10830 11680 11680 8076 8191 
946       10830 16267 16267 8179 4096 
947       8322  12275 12275 7882 1    
948       8322  7883  7883  7214 4096 
949       10058 11310 11310 6242 8191 
950       10058 14433 14433 5059 4096 
951       6756  9155  9155  3782 1    
952       6756  3783  3783  2535 4096 
953       8324  6631  6631  1442 8191 
954       8324  9633  9633  608  4096 
955       5531  4704  4704  116  1    
956       5531  117   117   13   4096 
957       8040  4109  4109  310  8191 
958       8040  8501  8501  978  4096 
959       6307  5074  5074  1950 1    
960       6307  1951  1951  3133 4096 
961       9595  7229  7229  4410 8191 
962       9595  12601 12601 5657 4096 
963       8027  9753  9753  6750 1    
964       8027  6751  6751  7584 4096 
965       10829 11680 11680 8076 8191 
966       10829 16267 16267 8179 4096 
967       8326  12275 12275 7882 1    
968       8326  7883  7883  7214 4096 
969       10058 11310 11310 6242 8191 
970       10058 14433 14433 5059 4096 
971       6756  9155  9155  3782 1    
972       6756  3783  3783  2535 4096 
973       8323  6631  6631  1442 8191 
974       8323  9633  9633  608  4096 
975       5529  4704  4704  116  1    
976       5529  117   117   13   4096 
977       8041  4109  4109  310  8191 
978       8041  8501  8501  978  4096 
979       6307  5074  5074  1950 1    
980       6307  1951  1951  3133 4096 
981       9597  7229  7229  4410 8191 
982       9597  12601 12601 5657 4096 
983       8025  9753  9753  6750 1    
984       8025  6751  6751  7584 4096 
985       10830 11680 11680 8076 8191 
986       10830 16267 16267 8179 4096 
987       8324  12275 12275 7882 1    
988       8324  7883  7883  7214 4096 
989       10060 11310 11310 6242 8191 
990       10060 14433 14433 5059 4096 
991       6757  9155  9155  3782 1    
992       6757  3783  3783  2535 4096 
993       8325  6631  6631  1442 8191 
994       8325  9633  9633  608  4096 
995       5532  4704  4704  116  1    
996       5532  117   117   13   4096 
997       8041  4109  4109  310  8191 
998       8041  8501  8501  978  4096 
999       6309  5074  5074  1950 1    
1000      6309  1951  1951  3133 4096 
1001      9599  7229  7229  4410 8191 
1002      9599  12601 12601 5657 4096 
1003      8026  9753  9753  6750 1    
1004      8026  6751  6751  7584 4096 
1005      10830 11680 11680 8076 8191 
1006      10830 16267 16267 8179 4096 
1007      8324  12275 12275 7882 1    
1008      8324  7883  7883  7214 4096 
1009      10059 11310 11310 6242 8191 
1010      10059 14433 14433 5059 4096 
1011      6756  9155  9155  3782 1    
1012      6756  3783  3783  2535 4096 
1013      8325  6631  6631  1442 8191 
1014      8325  9633  9633  608  4096 
1015      5530  4704  4704  116  1    
1016      5530  117   117   13   4096 
1017      8040  4109  4109  310  8191 
1018      8040  8501  8501  978  4096 
1019      6305  5074  5074  1950 1    
1020      6305  1951  1951  3133 4096 
1021      9596  7229  7229  4410 8191 
1022      9596  12601 12601 5657 4096 
1023      8024  9753  9753  6750 1    
1024      8024  6751  6751  7584 4096 
1025      10829 11680 11680 8076 8191 
1026      10829 16267 16267 8179 4096 
1027      8323  12275 12275 7882 1    
1028      8323  7883  7883  7214 4096 
1029      10058 11310 11310 6242 8191 
1030      10058 14433 14433 5059 4096 
1031      6757  9155  9155  3782 1    
1032      6757  3783  3783  2535 4096 
1033      8322  6631  6631  1442 8191 
1034      8322  9633  9633  608  4096 
1035      5529  4704  4704  116  1    
1036      5529  117   117   13   4096 
1037      8038  4109  4109  310  8191 
1038      8038  8501  8501  978  4096 
1039      6306  5074  5074  1950 1    
1040      6306  1951  1951  3133 4096 
1041      9599  7229  7229  4410 8191 
1042      9599  12601 12601 5657 4096 
1043      8023  9753  9753  6750 1    
1044      8023  6751  6751  7584 4096 
1045      10830 11680 11680 8076 8191 
1046      10830 16267 16267 8179 4096 
1047      8323  12275 12275 7882 1    
1048      8323  7883  7883  7214 4096 
1049      10059 11310 11310 6242 8191 
1050      10059 14433 14433 5059 4096 
1051      6757  9155  9155  3782 1    
1052      6757  3783  3783  2535 4096 
1053      8323  6631  6631  1442 8191 
1054      8323  9633  9633  608  4096 
1055      5531  4704  4704  116  1    
1056      5531  117   117   13   4096 
1057      8042  4109  4109  310  8191 
1058      8042  8501  8501  978  4096 
1059      6308  5074  5074  1950 1    
1060      6308  1951  1951  3133 4096 
1061      9597  7229  7229  4410 8191 
1062      9597  12601 12601 5657 4096 
1063      8026  9753  9753  6750 1    
1064      8026  6751  6751  7584 4096 
1065      10831 11680 11680 8076 8191 
1066      10831 16267 16267 8179 4096 
1067      8325  12275 12275 7882 1    
1068      8325  7883  7883  7214 4096 
1069      10057 11310 11310 6242 8191 
1070      10057 14433 14433 5059 4096 
1071      6759  9155  9155  3782 1    
1072      6759  3783  3783  2535 4096 
1073      8323  6631  6631  1442 8191 
1074      8323  9633  9633  608  4096 
1075      5532  4704  4704  116  1    
1076      5532  117   117   13   4096 
1077      8040  4109  4109  310  8191 
1078      8040  8501  8501  978  4096 
1079      6308  5074  5074  1950 1    
1080      6308  1951  1951  3133 4096 
1081      9595  7229  7229  4410 8191 
1082      9595  12601 12601 5657 4096 
1083      8027  9753  9753  6750 1    
1084      8027  6751  6751  7584 4096 
1085      10830 11680 11680 8076 8191 
1086      10830 16267 16267 8179 4096 
1087      8328  12275 12275 7882 1    
1088      8328  7883  7883  7214 4096 
1089      10060 11310 11310 6242 8191 
1090      10060 14433 14433 5059 4096 
1091      6756  9155  9155  3782 1    
1092      6756  3783  3783  2535 4096 
1093      8324  6631  6631  1442 8191 
1094      8324  9633  9633  608  4096 
1095      5531  4704  4704  116  1    
1096      5531  117   117   13   4096 
1097      8041  4109  4109  310  8191 
1098      8041  8501  8501  978  4096 
1099      6309  5074  5074  1950 1    
1100      6309  1951  1951  3133 4096 
1101      9597  7229  7229  4410 8191 
1102      9597  12601 12601 5657 4096 
1103      8028  9753  9753  6750 1    
1104      8028  6751  6751  7584 4096 
1105      10829 11680 11680 8076 8191 
1106      10829 16267 16267 8179 4096 
1107      8323  12275 12275 7882 1    
1108      8323  7883  7883  7214 4096 
1109      10058 11310 11310 6242 8191 
1110      10058 14433 14433 5059 4096 
1111      6757  9155  9155  3782 1    
1112      6757  3783  3783  2535 4096 
1113      8322  6631  6631  1442 8191 
1114      8322  9633  9633  608  4096 
1115      5530  4704  4704  116  1    
1116      5530  117   117   13   4096 
1117      8041  4109  4109  310  8191 
1118      8041  8501  8501  978  4096 
1119      6307  5074  5074  1950 1    
1120      6307  1951  1951  3133 4096 
1121      9597  7229  7229  4410 8191 
1122      9597  12601 12601 5657 4096 
1123      8025  9753  9753  6750 1    
1124      8025  6751  6751  7584 4096 
1125      10830 11680 11680 8076 8191 
1126      10830 16267 16267 8179 4096 
1127      8325  12275 12275 7882 1    
1128      8325  7883  7883  7214 4096 
1129      10058 11310 11310 6242 8191 
1130      10058 14433 14433 5059 4096 
1131      6755  9155  9155  3782 1    
1132      6755  3783  3783  2535 4096 
1133      8322  6631  6631  1442 8191 
1134      8322  9633  9633  608  4096 
1135      5531  4704  4704  116  1    
1136      5531  117   117   13   4096 
1137      8040  4109  4109  310  8191 
1138      8040  8501  8501  978  4096 
1139      6308  5074  5074  1950 1    
1140      6308  1951  1951  3133 4096 
1141      9598  7229  7229  4410 8191 
1142      9598  12601 12601 5657 4096 
1143      8025  9753  9753  6750 1    
1144      8025  6751  6751  7584 4096 
1145      10833 11680 11680 8076 8191 
1146      10833 16267 16267 8179 4096 
1147      8324  12275 12275 7882 1    
1148      8324  7883  7883  7214 4096 
1149      10058 11310 11310 6242 8191 
1150      10058 14433 14433 5059 4096 
1151      6757  9155  9155  3782 1    
1152      6757  3783  3783  2535 4096 
1153      8324  6631  6631  1442 8191 
1154      8324  9633  9633  608  4096 
1155      5528  4704  4704  116  1    
1156      5528  117   117   13   4096 
1157      8041  4109  4109  310  8191 
1158      8041  8501  8501  978  4096 
1159      6307  5074  5074  1950 1    
1160      6307  1951  1951  3133 4096 
1161      9597  7229  7229  4410 8191 
1162      9597  12601 12601 5657 4096 
1163      8026  9753  9753  6750 1    
1164      8026  6751  6751  7584 4096 
1165      10832 11680 11680 8076 8191 
1166      10832 16267 16267 8179 4096 
1167      8324  12275 12275 7882 1    
1168      8324  7883  7883  7214 4096 
1169      10060 11310 11310 6242 8191 
1170      10060 14433 14433 5059 4096 
1171      6758  9155  9155  3782 1    
1172      6758  3783  3783  2535 4096 
1173      8323  6631  6631  1442 8191 
1174      8323  9633  9633  608  4096 
1175      5531  4704  4704  116  1    
1176      5531  117   117   13   4096 
1177      8039  4109  4109  310  8191 
1178      8039  8501  8501  978  4096 
1179      6308  5074  5074  1950 1    
1180      6308  1951  1951  3133 4096 
1181      9596  7229  7229  4410 8191 
1182      9596  12601 12601 5657 4096 
1183      8026  9753  9753  6750 1    
1184      8026  6751  6751  7584 4096 
1185      10828 11680 11680 8076 8191 
1186      10828 16267 16267 8179 4096 
1187      8321  12275 12275 7882 1    
1188      8321  7883  7883  7214 4096 
1189      10059 11310 11310 6242 8191 
1190      10059 14433 14433 5059 4096 
1191      6757  9155  9155  3782 1    
1192      6757  3783  3783  2535 4096 
1193      8324  6631  6631  1442 8191 
1194      8324  9633  9633  608  4096 
1195      5530  4704  4704  116  1    
1196      5530  117   117   13   4096 
1197      8039  4109  4109  310  8191 
1198      8039  8501  8501  978  4096 
1199      6309  5074  5074  1950 1    
1200      6309  1951  1951  3133 4096 
1201      9596  7229  7229  4410 8191 
1202      9596  12601 12601 5657 4096 
1203      8027  9753  9753  6750 1    
1204      8027  6751  6751  7584 4096 
1205      10831 11680 11680 8076 8191 
1206      10831 16267 16267 8179 4096 
1207      8324  12275 12275 7882 1    
1208      8324  7883  7883  7214 4096 
1209      10061 11310 11310 6242 8191 
1210      10061 14433 14433 5059 4096 
1211      6760  9155  9155  3782 1    
1212      6760  3783  3783  2535 4096 
1213      8323  6631  6631  1442 8191 
1214      8323  9633  9633  608  4096 
1215      5531  4704  4704  116  1    
1216      5531  117   117   13   4096 
1217      8039  4109  4109  310  8191 
1218      8039  8501  8501  978  4096 
1219      6309  5074  5074  1950 1    
1220      6309  1951  1951  3133 4096 
1221      9596  7229  7229  4410 8191 
1222      9596  12601 12601 5657 4096 
1223      8026  9753  9753  6750 1    
1224      8026  6751  6751  7584 4096 
1225      10830 11680 11680 8076 8191 
1226      10830 16267 16267 8179 4096 
1227      8326  12275 12275 7882 1    
1228      8326  7883  7883  7214 4096 
1229      10060 11310 11310 6242 8191 
1230      10060 14433 14433 5059 4096 
1231      6757  9155  9155  3782 1    
1232      6757  3783  3783  2535 4096 
1233      8323  6631  6631  1442 8191 
1234      8323  9633  9633  608  4096 
1235      5530  4704  4704  116  1    
1236      5530  117   117   13   4096 
1237      8040  4109  4109  310  8191 
1238      8040  8501  8501  978  4096 
1239      6306  5074  5074  1950 1    
1240      6306  1951  1951  3133 4096 
1241      9598  7229  7229  4410 8191 
1242      9598  12601 12601 5657 4096 
1243      8026  9753  9753  6750 1    
1244      8026  6751  6751  7584 4096 
1245      10829 11680 11680 8076 8191 
1246      10829 16267 16267 8179 4096 
1247      8323  12275 12275 7882 1    
1248      8323  7883  7883  7214 4096 
1249      10058 11310 11310 6242 8191 
1250      10058 14433 14433 5059 4096 
1251      6758  9155  9155  3782 1    
1252      6758  3783  3783  2535 4096 
1253      8323  6631  6631  1442 8191 
1254      8323  9633  9633  608  4096 
1255      5532  4704  4704  116  1    
1256      5532  117   117   13   4096 
1257      8041  4109  4109  310  8191 
1258      8041  8501  8501  978  4096 
1259      6309  5074  5074  1950 1    
1260      6309  1951  1951  3133 4096 
1261      9595  7229  7229  4410 8191 
1262      9595  12601 12601 5657 4096 
1263      8027  9753  9753  6750 1    
1264      8027  6751  6751  7584 4096 
1265      10828 11680 11680 8076 8191 
1266      10828 16267 16267 8179 4096 
1267      8326  12275 12275 7882 1    
1268      8326  7883  7883  7214 4096 
1269      10064 11310 11310 6242 8191 
1270      10064 14433 14433 5059 4096 
1271      6756  9155  9155  3782 1    
1272      6756  3783  3783  2535 4096 
1273      8323  6631  6631  1442 8191 
1274      8323  9633  9633  608  4096 
1275      5533  4704  4704  116  1    
1276      5533  117   117   13   4096 
1277      8040  4109  4109  310  8191 
1278      8040  8501  8501  978  4096 
1279      6308  5074  5074  1950 1    
1280      6308  1951  1951  3133 4096 
1281      9599  7229  7229  4410 8191 
1282      9599  12601 12601 5657 4096 
1283      8026  9753  9753  6750 1    
1284      8026  6751  6751  7584 4096 
1285      10830 11680 11680 8076 8191 
1286      10830 16267 16267 8179 4096 
1287      8325  12275 12275 7882 1    
1288      8325  7883  7883  7214 4096 
1289      10060 11310 11310 6242 8191 
1290      10060 14433 14433 5059 4096 
1291      6756  9155  9155  3782 1    
1292      6756  3783  3783  2535 4096 
1293      8323  6631  6631  1442 8191 
1294      8323  9633  9633  608  4096 
1295      5533  4704  4704  116  1    
1296      5533  117   117   13   4096 
1297      8038  4109  4109  310  8191 
1298      8038  8501  8501  978  4096 
1299      6309  5074  5074  1950 1    
1300      6309  1951  1951  3133 4096 
1301      9597  7229  7229  4410 8191 
1302      9597  12601 12601 5657 4096 
1303      8026  9753  9753  6750 1    
1304      8026  6751  6751  7584 4096 
1305      10831 11680 11680 8076 8191 
1306      10831 16267 16267 8179 4096 
1307      8326  12275 12275 7882 1    
1308      8326  7883  7883  7214 4096 
1309      10061 11310 11310 6242 8191 
1310      10061 14433 14433 5059 4096 
1311      6758  9155  9155  3782 1    
1312      6758  3783  3783  2535 4096 
1313      8322  6631  6631  1442 8191 
1314      8322  9633  9633  608  4096 
1315      5531  4704  4704  116  1    
1316      5531  117   117   13   4096 
1317      8040  4109  4109  310  8191 
1318      8040  8501  8501  978  4096 
1319      6305  5074  5074  1950 1    
1320      6305  1951  1951  3133 4096 
1321      9597  7229  7229  4410 8191 
1322      9597  12601 12601 5657 4096 
1323      8027  9753  9753  6750 1    
1324      8027  6751  6751  7584 4096 
1325      10830 11680 11680 8076 8191 
1326      10830 16267 16267 8179 4096 
1327      8324  12275 12275 7882 1    
1328      8324  7883  7883  7214 4096 
1329      10058 11310 11310 6242 8191 
1330      10058 14433 14433 5059 4096 
1331      6756  9155  9155  3782 1    
1332      6756  3783  3783  2535 4096 
1333      8323  6631  6631  1442 8191 
1334      8323  9633  9633  608  4096 
1335      5530  4704  4704  116  1    
1336      5530  117   117   13   4096 
1337      8040  4109  4109  310  8191 
1338      8040  8501  8501  978  4096 
1339      6307  5074  5074  1950 1    
1340      6307  1951  1951  3133 4096 
1341      9596  7229  7229  4410 8191 
1342      9596  12601 12601 5657 4096 
1343      8027  9753  9753  6750 1    
1344      8027  6751  6751  7584 4096 
1345      10831 11680 11680 8076 8191 
1346      10831 16267 16267 8179 4096 
1347      8324  12275 12275 7882 1    
1348      8324  7883  7883  7214 4096 
1349      10060 11310 11310 6242 8191 
1350      10060 14433 14433 5059 4096 
1351      6758  9155  9155  3782 1    
1352      6758  3783  3783  2535 4096 
1353      8324  6631  6631  1442 8191 
1354      8324  9633  9633  608  4096 
1355      5531  4704  4704  116  1    
1356      5531  117   117   13   4096 
1357      8039  4109  4109  310  8191 
1358      8039  8501  8501  978  4096 
1359      6307  5074  5074  1950 1    
1360      6307  1951  1951  3133 4096 
1361      9596  7229  7229  4410 8191 
1362      9596  12601 12601 5657 4096 
1363      8028  9753  9753  6750 1    
1364      8028  6751  6751  7584 4096 
1365      10828 11680 11680 8076 8191 
1366      10828 16267 16267 8179 4096 
1367      8323  12275 12275 7882 1    
1368      8323  7883  7883  7214 4096 
1369      10058 11310 11310 6242 8191 
1370      10058 14433 14433 5059 4096 
1371      6756  9155  9155  3782 1    
1372      6756  3783  3783  2535 4096 
1373      8322  6631  6631  1442 8191 
1374      8322  9633  9633  608  4096 
1375      5533  4704  4704  116  1    
1376      5533  117   117   13   4096 
1377      8038  4109  4109  310  8191 
1378      8038  8501  8501  978  4096 
1379      6306  5074  5074  1950 1    
1380      6306  1951  1951  3133 4096 
1381      9597  7229  7229  4410 8191 
1382      9597  12601 12601 5657 4096 
1383      8025  9753  9753  6750 1    
1384      8025  6751  6751  7584 4096 
1385      10828 11680 11680 8076 8191 
1386      10828 16267 16267 8179 4096 
1387      8325  12275 12275 7882 1    
1388      8325  7883  7883  7214 4096 
1389      10057 11310 11310 6242 8191 
1390      10057 14433 14433 5059 4096 
1391      6758  9155  9155  3782 1    
1392      6758  3783  3783  2535 4096 
1393      8323  6631  6631  1442 8191 
1394      8323  9633  9633  608  4096 
1395      5534  4704  4704  116  1    
1396      5534  117   117   13   4096 
1397      8039  4109  4109  310  8191 
1398      8039  8501  8501  978  4096 
1399      6307  5074  5074  1950 1    
1400      6307  1951  1951  3133 4096 
1401      9595  7229  7229  4410 8191 
1402      9595  12601 12601 5657 4096 
1403      8026  9753  9753  6750 1    
1404      8026  6751  6751  7584 4096 
1405      10830 11680 11680 8076 8191 
1406      10830 16267 16267 8179 4096 
1407      8322  12275 12275 7882 1    
1408      8322  7883  7883  7214 4096 
1409      10059 11310 11310 6242 8191 
1410      10059 14433 14433 5059 4096 
1411      6757  9155  9155  3782 1    
1412      6757  3783  3783  2535 4096 
1413      8322  6631  6631  1442 8191 
1414      8322  9633  9633  608  4096 
1415      5529  4704  4704  116  1    
1416      5529  117   117   13   4096 
1417      8039  4109  4109  310  8191 
1418      8039  8501  8501  978  4096 
1419      6308  5074  5074  1950 1    
1420      6308  1951  1951  3133 4096 
1421      9598  7229  7229  4410 8191 
1422      9598  12601 12601 5657 4096 
1423      8025  9753  9753  6750 1    
1424      8025  6751  6751  7584 4096 
1425      10828 11680 11680 8076 8191 
1426      10828 16267 16267 8179 4096 
1427      8323  12275 12275 7882 1    
1428      8323  7883  7883  7214 4096 
1429      10056 11310 11310 6242 8191 
1430      10056 14433 14433 5059 4096 
1431      6756  9155  9155  3782 1    
1432      6756  3783  3783  2535 4096 
1433      8322  6631  6631  1442 8191 
1434      8322  9633  9633  608  4096 
1435      5532  4704  4704  116  1    
1436      5532  117   117   13   4096 
1437      8037  4109  4109  310  8191 
1438      8037  8501  8501  978  4096 
1439      6307  5074  5074  1950 1    
1440      6307  1951  1951  3133 4096 
1441      9595  7229  7229  4410 8191 
1442      9595  12601 12601 5657 4096 
1443      8025  9753  9753  6750 1    
1444      8025  6751  6751  7584 4096 
1445      10830 11680 11680 8076 8191 
1446      10830 16267 16267 8179 4096 
1447      8326  12275 12275 7882 1    
1448      8326  7883  7883  7214 4096 
1449      10058 11310 11310 6242 8191 
1450      10058 14433 14433 5059 4096 
1451      6758  9155  9155  3782 1    
1452      6758  3783  3783  2535 4096 
1453      8323  6631  6631  1442 8191 
1454      8323  9633  9633  608  4096 
1455      5530  4704  4704  116  1    
1456      5530  117   117   13   4096 
1457      8038  4109  4109  310  8191 
1458      8038  8501  8501  978  4096 
1459      6309  5074  5074  1950 1    
1460      6309  1951  1951  3133 4096 
1461      9597  7229  7229  4410 8191 
1462      9597  12601 12601 5657 4096 
1463      8024  9753  9753  6750 1    
1464      8024  6751  6751  7584 4096 
1465      10829 11680 11680 8076 8191 
1466      10829 16267 16267 8179 4096 
1467      8322  12275 12275 7882 1    
1468      8322  7883  7883  7214 4096 
1469      10060 11310 11310 6242 8191 
1470      10060 14433 14433 5059 4096 
1471      6757  9155  9155  3782 1    
1472      6757  3783  3783  2535 4096 
1473      8324  6631  6631  1442 8191 
1474      8324  9633  9633  608  4096 
1475      5530  4704  4704  116  1    
1476      5530  117   117   13   4096 
1477      8039  4109  4109  310  8191 
1478      8039  8501  8501  978  4096 
1479      6308  5074  5074  1950 1    
1480      6308  1951  1951  3133 4096 
1481      9597  7229  7229  4410 8191 
1482      9597  12601 12601 5657 4096 
1483      8025  9753  9753  6750 1    
1484      8025  6751  6751  7584 4096 
1485      10830 11680 11680 8076 8191 
1486      10830 16267 16267 8179 4096 
1487      8324  12275 12275 7882 1    
1488      8324  7883  7883  7214 4096 
1489      10060 11310 11310 6242 8191 
1490      10060 14433 14433 5059 4096 
1491      6756  9155  9155  3782 1    
1492      6756  3783  3783  2535 4096 
1493      8323  6631  6631  1442 8191 
1494      8323  9633  9633  608  4096 
1495      5531  4704  4704  116  1    
1496      5531  117   117   13   4096 
1497      8038  4109  4109  310  8191 
1498      8038  8501  8501  978  4096 
1499      6308  5074  5074  1950 1    
1500      6308  1951  1951  3133 4096 
1501      9596  7229  7229  4410 8191 
1502      9596  12601 12601 5657 4096 
1503      8027  9753  9753  6750 1    
1504      8027  6751  6751  7584 4096 
1505      10831 11680 11680 8076 8191 
1506      10831 16267 16267 8179 4096 
1507      8321  12275 12275 7882 1    
1508      8321  7883  7883  7214 4096 
1509      10058 11310 11310 6242 8191 
1510      10058 14433 14433 5059 4096 
1511      6757  9155  9155  3782 1    
1512      6757  3783  3783  2535 4096 
1513      8322  6631  6631  1442 8191 
1514      8322  9633  9633  608  4096 
1515      5529  4704  4704  116  1    
1516      5529  117   117   13   4096 
1517      8038  4109  4109  310  8191 
1518      8038  8501  8501  978  4096 
1519      6308  5074  5074  1950 1    
1520      6308  1951  1951  3133 4096 
1521      9599  7229  7229  4410 8191 
1522      9599  12601 12601 5657 4096 
1523      8024  9753  9753  6750 1    
1524      8024  6751  6751  7584 4096 
1525      10828 11680 11680 8076 8191 
1526      10828 16267 16267 8179 4096 
1527      8326  12275 12275 7882 1    
1528      8326  7883  7883  7214 4096 
1529      10058 11310 11310 6242 8191 
1530      10058 14433 14433 5059 4096 
1531      6756  9155  9155  3782 1    
1532      6756  3783  3783  2535 4096 
1533      8322  6631  6631  1442 8191 
1534      8322  9633  9633  608  4096 
1535      5532  4704  4704  116  1    
1536      5532  117   117   13   4096 
1537      8039  4109  4109  310  8191 
1538      8039  8501  8501  978  4096 
1539      6306  5074  5074  1950 1    
1540      6306  1951  1951  3133 4096 
1541      9596  7229  7229  4410 8191 
1542      9596  12601 12601 5657 4096 
1543      8026  9753  9753  6750 1    
1544      8026  6751  6751  7584 4096 
1545      10830 11680 11680 8076 8191 
1546      10830 16267 16267 8179 4096 
1547      8327  12275 12275 7882 1    
1548      8327  7883  7883  7214 4096 
1549      10058 11310 11310 6242 8191 
1550      10058 14433 14433 5059 4096 
1551      6757  9155  9155  3782 1    
1552      6757  3783  3783  2535 4096 
1553      8321  6631  6631  1442 8191 
1554      8321  9633  9633  608  4096 
1555      5533  4704  4704  116  1    
1556      5533  117   117   13   4096 
1557      8038  4109  4109  310  8191 
1558      8038  8501  8501  978  4096 
1559      6307  5074  5074  1950 1    
1560      6307  1951  1951  3133 4096 
1561      9595  7229  7229  4410 8191 
1562      9595  12601 12601 5657 4096 
1563      8023  9753  9753  6750 1    
1564      8023  6751  6751  7584 4096 
1565      10829 11680 11680 8076 8191 
1566      10829 16267 16267 8179 4096 
1567      8326  12275 12275 7882 1    
1568      8326  7883  7883  7214 4096 
1569      10059 11310 11310 6242 8191 
1570      10059 14433 14433 5059 4096 
1571      6755  9155  9155  3782 1    
1572      6755  3783  3783  2535 4096 
1573      8323  6631  6631  1442 8191 
1574      8323  9633  9633  608  4096 
1575      5533  4704  4704  116  1    
1576      5533  117   117   13   4096 
1577      8040  4109  4109  310  8191 
1578      8040  8501  8501  978  4096 
1579      6309  5074  5074  1950 1    
1580      6309  1951  1951  3133 4096 
1581      9596  7229  7229  4410 8191 
1582      9596  12601 12601 5657 4096 
1583      8026  9753  9753  6750 1    
1584      8026  6751  6751  7584 4096 
1585      10831 11680 11680 8076 8191 
1586      10831 16267 16267 8179 4096 
1587      8325  12275 12275 7882 1    
1588      8325  7883  7883  7214 4096 
1589      10059 11310 11310 6242 8191 
1590      10059 14433 14433 5059 4096 
1591      6756  9155  9155  3782 1    
1592      6756  3783  3783  2535 4096 
1593      8321  6631  6631  1442 8191 
1594      8321  9633  9633  608  4096 
1595      5529  4704  4704  116  1    
1596      5529  117   117   13   4096 
1597      8040  4109  4109  310  8191 
1598      8040  8501  8501  978  4096 
1599      6308  5074  5074  1950 1    
1600      6308  1951  1951  3133 4096 
1601      9595  7229  7229  4410 8191 
1602      9595  12601 12601 5657 4096 
1603      8025  9753  9753  6750 1    
1604      8025  6751  6751  7584 4096 
1605      10830 11680 11680 8076 8191 
1606      10830 16267 16267 8179 4096 
1607      8323  12275 12275 7882 1    
1608      8323  7883  7883  7214 4096 
1609      10059 11310 11310 6242 8191 
1610      10059 14433 14433 5059 4096 
1611      6757  9155  9155  3782 1    
1612      6757  3783  3783  2535 4096 
1613      8325  6631  6631  1442 8191 
1614      8325  9633  9633  608  4096 
1615      5530  4704  4704  116  1    
1616      5530  117   117   13   4096 
1617      8039  4109  4109  310  8191 
1618      8039  8501  8501  978  4096 
1619      6308  5074  5074  1950 1    
1620      6308  1951  1951  3133 4096 
1621      9598  7229  7229  4410 8191 
1622      9598  12601 12601 5657 4096 
1623      8027  9753  9753  6750 1    
1624      8027  6751  6751  7584 4096 
1625      10830 11680 11680 8076 8191 
1626      10830 16267 16267 8179 4096 
1627      8323  12275 12275 7882 1    
1628      8323  7883  7883  7214 4096 
1629      10059 11310 11310 6242 8191 
1630      10059 14433 14433 5059 4096 
1631      6755  9155  9155  3782 1    
1632      6755  3783  3783  2535 4096 
1633      8324  6631  6631  1442 8191 
1634      8324  9633  9633  608  4096 
1635      5532  4704  4704  116  1    
1636      5532  117   117   13   4096 
1637      8042  4109  4109  310  8191 
1638      8042  8501  8501  978  4096 
1639      6308  5074  5074  1950 1    
1640      6308  1951  1951  3133 4096 
1641      9597  7229  7229  4410 8191 
1642      9597  12601 12601 5657 4096 
1643      8025  9753  9753  6750 1    
1644      8025  6751  6751  7584 4096 
1645      10831 11680 11680 8076 8191 
1646      10831 16267 16267 8179 4096 
1647      8324  12275 12275 7882 1    
1648      8324  7883  7883  7214 4096 
1649      10062 11310 11310 6242 8191 
1650      10062 14433 14433 5059 4096 
1651      6759  9155  9155  3782 1    
1652      6759  3783  3783  2535 4096 
1653      8326  6631  6631  1442 8191 
1654      8326  9633  9633  608  4096 
1655      5531  4704  4704  116  1    
1656      5531  117   117   13   4096 
1657      8040  4109  4109  310  8191 
1658      8040  8501  8501  978  4096 
1659      6308  5074  5074  1950 1    
1660      6308  1951  1951  3133 4096 
1661      9596  7229  7229  4410 8191 
1662      9596  12601 12601 5657 4096 
1663      8022  9753  9753  6750 1    
1664      8022  6751  6751  7584 4096 
1665      10826 11680 11680 8076 8191 
1666      10826 16267 16267 8179 4096 
1667      8325  12275 12275 7882 1    
1668      8325  7883  7883  7214 4096 
1669      10060 11310 11310 6242 8191 
1670      10060 14433 14433 5059 4096 
1671      6760  9155  9155  3782 1    
1672      6760  3783  3783  2535 4096 
1673      8322  6631  6631  1442 8191 
1674      8322  9633  9633  608  4096 
1675      5529  4704  4704  116  1    
1676      5529  117   117   13   4096 
1677      8038  4109  4109  310  8191 
1678      8038  8501  8501  978  4096 
1679      6305  5074  5074  1950 1    
1680      6305  1951  1951  3133 4096 
1681      9595  7229  7229  4410 8191 
1682      9595  12601 12601 5657 4096 
1683      8026  9753  9753  6750 1    
1684      8026  6751  6751  7584 4096 
1685      10827 11680 11680 8076 8191 
1686      10827 16267 16267 8179 4096 
1687      8324  12275 12275 7882 1    
1688      8324  7883  7883  7214 4096 
1689      10058 11310 11310 6242 8191 
1690      10058 14433 14433 5059 4096 
1691      6758  9155  9155  3782 1    
1692      6758  3783  3783  2535 4096 
1693      8323  6631  6631  1442 8191 
1694      8323  9633  9633  608  4096 
1695      5532  4704  4704  116  1    
1696      5532  117   117   13   4096 
1697      8038  4109  4109  310  8191 
1698      8038  8501  8501  978  4096 
1699      6307  5074  5074  1950 1    
1700      6307  1951  1951  3133 4096 
1701      9596  7229  7229  4410 8191 
1702      9596  12601 12601 5657 4096 
1703      8025  9753  9753  6750 1    
1704      8025  6751  6751  7584 4096 
1705      10830 11680 11680 8076 8191 
1706      10830 16267 16267 8179 4096 
1707      8322  12275 12275 7882 1    
1708      8322  7883  7883  7214 4096 
1709      10060 11310 11310 6242 8191 
1710      10060 14433 14433 5059 4096 
1711      6756  9155  9155  3782 1    
1712      6756  3783  3783  2535 4096 
1713      8324  6631  6631  1442 8191 
1714      8324  9633  9633  608  4096 
1715      5528  4704  4704  116  1    
1716      5528  117   117   13   4096 
1717      8038  4109  4109  310  8191 
1718      8038  8501  8501  978  4096 
1719      6306  5074  5074  1950 1    
1720      6306  1951  1951  3133 4096 
1721      9595  7229  7229  4410 8191 
1722      9595  12601 12601 5657 4096 
1723      8025  9753  9753  6750 1    
1724      8025  6751  6751  7584 4096 
1725      10829 11680 11680 8076 8191 
1726      10829 16267 16267 8179 4096 
1727      8323  12275 12275 7882 1    
1728      8323  7883  7883  7214 4096 
1729      10060 11310 11310 6242 8191 
1730      10060 14433 14433 5059 4096 
1731      6758  9155  9155  3782 1    
1732      6758  3783  3783  2535 4096 
1733      8324  6631  6631  1442 8191 
1734      8324  9633  9633  608  4096 
1735      5530  4704  4704  116  1    
1736      5530  117   117   13   4096 
1737      8041  4109  4109  310  8191 
1738      8041  8501  8501  978  4096 
1739      6308  5074  5074  1950 1    
1740      6308  1951  1951  3133 4096 
1741      9598  7229  7229  4410 8191 
1742      9598  12601 12601 5657 4096 
1743      8025  9753  9753  6750 1    
1744      8025  6751  6751  7584 4096 
1745      10830 11680 11680 8076 8191 
1746      10830 16267 16267 8179 4096 
1747      8322  12275 12275 7882 1    
1748      8322  7883  7883  7214 4096 
1749      10061 11310 11310 6242 8191 
1750      10061 14433 14433 5059 4096 
1751      6757  9155  9155  3782 1    
1752      6757  3783  3783  2535 4096 
1753      8324  6631  6631  1442 8191 
1754      8324  9633  9633  608  4096 
1755      5530  4704  4704  116  1    
1756      5530  117   117   13   4096 
1757      8040  4109  4109  310  8191 
1758      8040  8501  8501  978  4096 
1759      6307  5074  5074  1950 1    
1760      6307  1951  1951  3133 4096 
1761      9594  7229  7229  4410 8191 
1762      9594  12601 12601 5657 4096 
1763      8025  9753  9753  6750 1    
1764      8025  6751  6751  7584 4096 
1765      10830 11680 11680 8076 8191 
1766      10830 16267 16267 8179 4096 
1767      8325  12275 12275 7882 1    
1768      8325  7883  7883  7214 4096 
1769      10060 11310 11310 6242 8191 
1770      10060 14433 14433 5059 4096 
1771      6756  9155  9155  3782 1    
1772      6756  3783  3783  2535 4096 
1773      8323  6631  6631  1442 8191 
1774      8323  9633  9633  608  4096 
1775      5528  4704  4704  116  1    
1776      5528  117   117   13   4096 
1777      8037  4109  4109  310  8191 
1778      8037  8501  8501  978  4096 
1779      6308  5074  5074  1950 1    
1780      6308  1951  1951  3133 4096 
1781      9596  7229  7229  4410 8191 
1782      9596  12601 12601 5657 4096 
1783      8026  9753  9753  6750 1    
1784      8026  6751  6751  7584 4096 
1785      10829 11680 11680 8076 8191 
1786      10829 16267 16267 8179 4096 
1787      8323  12275 12275 7882 1    
1788      8323  7883  7883  7214 4096 
1789      10059 11310 11310 6242 8191 
1790      10059 14433 14433 5059 4096 
1791      6759  9155  9155  3782 1    
