Signal Legend:

Key        Signal Name

0        = ADC_DB
1        = DAC_DA
2        = DAC_DB
3        = C5G_ADDA:C5G_ADDA_ins|lpm_add:lpm|dataa
4        = C5G_ADDA:C5G_ADDA_ins|lpm_add:lpm|datab

Data Table:

Signals-> 0     1     2     3    4    

sample

-256      7234  4571  4571  61   8191 
-255      6263  8252  8252  44   4096 
-254      6263  4140  4140  421  1    
-253      7721  422   422   1159 4096 
-252      7721  5255  5255  2185 8191 
-251      7657  10376 10376 3398 4096 
-250      7657  7494  7494  4679 1    
-249      9508  4680  4680  5903 4096 
-248      9508  9999  9999  6950 8191 
-247      9129  15141 15141 7717 4096 
-246      9129  11813 11813 8131 1    
-245      10098 8132  8132  8148 4096 
-244      10098 12244 12244 7771 8191 
-243      8649  15962 15962 7033 4096 
-242      8649  11129 11129 6007 1    
-241      8706  6008  6008  4794 4096 
-240      8706  8890  8890  3513 8191 
-239      6850  11704 11704 2289 4096 
-238      6850  6385  6385  1242 1    
-237      7232  1243  1243  475  4096 
-236      7232  4571  4571  61   8191 
-235      6258  8252  8252  44   4096 
-234      6258  4140  4140  421  1    
-233      7724  422   422   1159 4096 
-232      7724  5255  5255  2185 8191 
-231      7656  10376 10376 3398 4096 
-230      7656  7494  7494  4679 1    
-229      9504  4680  4680  5903 4096 
-228      9504  9999  9999  6950 8191 
-227      9131  15141 15141 7717 4096 
-226      9131  11813 11813 8131 1    
-225      10097 8132  8132  8148 4096 
-224      10097 12244 12244 7771 8191 
-223      8647  15962 15962 7033 4096 
-222      8647  11129 11129 6007 1    
-221      8707  6008  6008  4794 4096 
-220      8707  8890  8890  3513 8191 
-219      6849  11704 11704 2289 4096 
-218      6849  6385  6385  1242 1    
-217      7233  1243  1243  475  4096 
-216      7233  4571  4571  61   8191 
-215      6261  8252  8252  44   4096 
-214      6261  4140  4140  421  1    
-213      7718  422   422   1159 4096 
-212      7718  5255  5255  2185 8191 
-211      7657  10376 10376 3398 4096 
-210      7657  7494  7494  4679 1    
-209      9506  4680  4680  5903 4096 
-208      9506  9999  9999  6950 8191 
-207      9129  15141 15141 7717 4096 
-206      9129  11813 11813 8131 1    
-205      10097 8132  8132  8148 4096 
-204      10097 12244 12244 7771 8191 
-203      8649  15962 15962 7033 4096 
-202      8649  11129 11129 6007 1    
-201      8707  6008  6008  4794 4096 
-200      8707  8890  8890  3513 8191 
-199      6844  11704 11704 2289 4096 
-198      6844  6385  6385  1242 1    
-197      7232  1243  1243  475  4096 
-196      7232  4571  4571  61   8191 
-195      6260  8252  8252  44   4096 
-194      6260  4140  4140  421  1    
-193      7725  422   422   1159 4096 
-192      7725  5255  5255  2185 8191 
-191      7658  10376 10376 3398 4096 
-190      7658  7494  7494  4679 1    
-189      9508  4680  4680  5903 4096 
-188      9508  9999  9999  6950 8191 
-187      9129  15141 15141 7717 4096 
-186      9129  11813 11813 8131 1    
-185      10100 8132  8132  8148 4096 
-184      10100 12244 12244 7771 8191 
-183      8645  15962 15962 7033 4096 
-182      8645  11129 11129 6007 1    
-181      8705  6008  6008  4794 4096 
-180      8705  8890  8890  3513 8191 
-179      6848  11704 11704 2289 4096 
-178      6848  6385  6385  1242 1    
-177      7233  1243  1243  475  4096 
-176      7233  4571  4571  61   8191 
-175      6259  8252  8252  44   4096 
-174      6259  4140  4140  421  1    
-173      7725  422   422   1159 4096 
-172      7725  5255  5255  2185 8191 
-171      7658  10376 10376 3398 4096 
-170      7658  7494  7494  4679 1    
-169      9506  4680  4680  5903 4096 
-168      9506  9999  9999  6950 8191 
-167      9131  15141 15141 7717 4096 
-166      9131  11813 11813 8131 1    
-165      10102 8132  8132  8148 4096 
-164      10102 12244 12244 7771 8191 
-163      8647  15962 15962 7033 4096 
-162      8647  11129 11129 6007 1    
-161      8708  6008  6008  4794 4096 
-160      8708  8890  8890  3513 8191 
-159      6846  11704 11704 2289 4096 
-158      6846  6385  6385  1242 1    
-157      7233  1243  1243  475  4096 
-156      7233  4571  4571  61   8191 
-155      6259  8252  8252  44   4096 
-154      6259  4140  4140  421  1    
-153      7724  422   422   1159 4096 
-152      7724  5255  5255  2185 8191 
-151      7657  10376 10376 3398 4096 
-150      7657  7494  7494  4679 1    
-149      9506  4680  4680  5903 4096 
-148      9506  9999  9999  6950 8191 
-147      9130  15141 15141 7717 4096 
-146      9130  11813 11813 8131 1    
-145      10100 8132  8132  8148 4096 
-144      10100 12244 12244 7771 8191 
-143      8647  15962 15962 7033 4096 
-142      8647  11129 11129 6007 1    
-141      8706  6008  6008  4794 4096 
-140      8706  8890  8890  3513 8191 
-139      6846  11704 11704 2289 4096 
-138      6846  6385  6385  1242 1    
-137      7231  1243  1243  475  4096 
-136      7231  4571  4571  61   8191 
-135      6263  8252  8252  44   4096 
-134      6263  4140  4140  421  1    
-133      7724  422   422   1159 4096 
-132      7724  5255  5255  2185 8191 
-131      7656  10376 10376 3398 4096 
-130      7656  7494  7494  4679 1    
-129      9506  4680  4680  5903 4096 
-128      9506  9999  9999  6950 8191 
-127      9132  15141 15141 7717 4096 
-126      9132  11813 11813 8131 1    
-125      10098 8132  8132  8148 4096 
-124      10098 12244 12244 7771 8191 
-123      8645  15962 15962 7033 4096 
-122      8645  11129 11129 6007 1    
-121      8709  6008  6008  4794 4096 
-120      8709  8890  8890  3513 8191 
-119      6846  11704 11704 2289 4096 
-118      6846  6385  6385  1242 1    
-117      7232  1243  1243  475  4096 
-116      7232  4571  4571  61   8191 
-115      6260  8252  8252  44   4096 
-114      6260  4140  4140  421  1    
-113      7721  422   422   1159 4096 
-112      7721  5255  5255  2185 8191 
-111      7658  10376 10376 3398 4096 
-110      7658  7494  7494  4679 1    
-109      9502  4680  4680  5903 4096 
-108      9502  9999  9999  6950 8191 
-107      9129  15141 15141 7717 4096 
-106      9129  11813 11813 8131 1    
-105      10100 8132  8132  8148 4096 
-104      10100 12244 12244 7771 8191 
-103      8644  15962 15962 7033 4096 
-102      8644  11129 11129 6007 1    
-101      8707  6008  6008  4794 4096 
-100      8707  8890  8890  3513 8191 
-99       6847  11704 11704 2289 4096 
-98       6847  6385  6385  1242 1    
-97       7233  1243  1243  475  4096 
-96       7233  4571  4571  61   8191 
-95       6261  8252  8252  44   4096 
-94       6261  4140  4140  421  1    
-93       7725  422   422   1159 4096 
-92       7725  5255  5255  2185 8191 
-91       7657  10376 10376 3398 4096 
-90       7657  7494  7494  4679 1    
-89       9506  4680  4680  5903 4096 
-88       9506  9999  9999  6950 8191 
-87       9129  15141 15141 7717 4096 
-86       9129  11813 11813 8131 1    
-85       10101 8132  8132  8148 4096 
-84       10101 12244 12244 7771 8191 
-83       8643  15962 15962 7033 4096 
-82       8643  11129 11129 6007 1    
-81       8709  6008  6008  4794 4096 
-80       8709  8890  8890  3513 8191 
-79       6848  11704 11704 2289 4096 
-78       6848  6385  6385  1242 1    
-77       7232  1243  1243  475  4096 
-76       7232  4571  4571  61   8191 
-75       6261  8252  8252  44   4096 
-74       6261  4140  4140  421  1    
-73       7719  422   422   1159 4096 
-72       7719  5255  5255  2185 8191 
-71       7657  10376 10376 3398 4096 
-70       7657  7494  7494  4679 1    
-69       9505  4680  4680  5903 4096 
-68       9505  9999  9999  6950 8191 
-67       9131  15141 15141 7717 4096 
-66       9131  11813 11813 8131 1    
-65       10100 8132  8132  8148 4096 
-64       10100 12244 12244 7771 8191 
-63       8652  15962 15962 7033 4096 
-62       8652  11129 11129 6007 1    
-61       8708  6008  6008  4794 4096 
-60       8708  8890  8890  3513 8191 
-59       6850  11704 11704 2289 4096 
-58       6850  6385  6385  1242 1    
-57       7232  1243  1243  475  4096 
-56       7232  4571  4571  61   8191 
-55       6261  8252  8252  44   4096 
-54       6261  4140  4140  421  1    
-53       7721  422   422   1159 4096 
-52       7721  5255  5255  2185 8191 
-51       7658  10376 10376 3398 4096 
-50       7658  7494  7494  4679 1    
-49       9506  4680  4680  5903 4096 
-48       9506  9999  9999  6950 8191 
-47       9130  15141 15141 7717 4096 
-46       9130  11813 11813 8131 1    
-45       10100 8132  8132  8148 4096 
-44       10100 12244 12244 7771 8191 
-43       8650  15962 15962 7033 4096 
-42       8650  11129 11129 6007 1    
-41       8708  6008  6008  4794 4096 
-40       8708  8890  8890  3513 8191 
-39       6846  11704 11704 2289 4096 
-38       6846  6385  6385  1242 1    
-37       7231  1243  1243  475  4096 
-36       7231  4571  4571  61   8191 
-35       6260  8252  8252  44   4096 
-34       6260  4140  4140  421  1    
-33       7716  422   422   1159 4096 
-32       7716  5255  5255  2185 8191 
-31       7656  10376 10376 3398 4096 
-30       7656  7494  7494  4679 1    
-29       9508  4680  4680  5903 4096 
-28       9508  9999  9999  6950 8191 
-27       9128  15141 15141 7717 4096 
-26       9128  11813 11813 8131 1    
-25       10096 8132  8132  8148 4096 
-24       10096 12244 12244 7771 8191 
-23       8649  15962 15962 7033 4096 
-22       8649  11129 11129 6007 1    
-21       8705  6008  6008  4794 4096 
-20       8705  8890  8890  3513 8191 
-19       6850  11704 11704 2289 4096 
-18       6850  6385  6385  1242 1    
-17       7230  1243  1243  475  4096 
-16       7230  4571  4571  61   8191 
-15       6262  8252  8252  44   4096 
-14       6262  4140  4140  421  1    
-13       7718  422   422   1159 4096 
-12       7718  5255  5255  2185 8191 
-11       7658  10376 10376 3398 4096 
-10       7658  7494  7494  4679 1    
-9        9509  4680  4680  5903 4096 
-8        9509  9999  9999  6950 8191 
-7        9129  15141 15141 7717 4096 
-6        9129  11813 11813 8131 1    
-5        10098 8132  8132  8148 4096 
-4        10098 12244 12244 7771 8191 
-3        8648  15962 15962 7033 4096 
-2        8648  11129 11129 6007 1    
-1        8705  6008  6008  4794 4096 
0         8705  8890  8890  3513 8191 
1         6846  11704 11704 2289 4096 
2         6846  6385  6385  1242 1    
3         7233  1243  1243  475  4096 
4         7233  4571  4571  61   8191 
5         6260  8252  8252  44   4096 
6         6260  4140  4140  421  1    
7         7724  422   422   1159 4096 
8         7724  5255  5255  2185 8191 
9         7657  10376 10376 3398 4096 
10        7657  7494  7494  4679 1    
11        9509  4680  4680  5903 4096 
12        9509  9999  9999  6950 8191 
13        9132  15141 15141 7717 4096 
14        9132  11813 11813 8131 1    
15        10100 8132  8132  8148 4096 
16        10100 12244 12244 7771 8191 
17        8647  15962 15962 7033 4096 
18        8647  11129 11129 6007 1    
19        8708  6008  6008  4794 4096 
20        8708  8890  8890  3513 8191 
21        6846  11704 11704 2289 4096 
22        6846  6385  6385  1242 1    
23        7232  1243  1243  475  4096 
24        7232  4571  4571  61   8191 
25        6261  8252  8252  44   4096 
26        6261  4140  4140  421  1    
27        7722  422   422   1159 4096 
28        7722  5255  5255  2185 8191 
29        7658  10376 10376 3398 4096 
30        7658  7494  7494  4679 1    
31        9505  4680  4680  5903 4096 
32        9505  9999  9999  6950 8191 
33        9129  15141 15141 7717 4096 
34        9129  11813 11813 8131 1    
35        10100 8132  8132  8148 4096 
36        10100 12244 12244 7771 8191 
37        8648  15962 15962 7033 4096 
38        8648  11129 11129 6007 1    
39        8707  6008  6008  4794 4096 
40        8707  8890  8890  3513 8191 
41        6848  11704 11704 2289 4096 
42        6848  6385  6385  1242 1    
43        7232  1243  1243  475  4096 
44        7232  4571  4571  61   8191 
45        6261  8252  8252  44   4096 
46        6261  4140  4140  421  1    
47        7724  422   422   1159 4096 
48        7724  5255  5255  2185 8191 
49        7656  10376 10376 3398 4096 
50        7656  7494  7494  4679 1    
51        9506  4680  4680  5903 4096 
52        9506  9999  9999  6950 8191 
53        9131  15141 15141 7717 4096 
54        9131  11813 11813 8131 1    
55        10099 8132  8132  8148 4096 
56        10099 12244 12244 7771 8191 
57        8646  15962 15962 7033 4096 
58        8646  11129 11129 6007 1    
59        8709  6008  6008  4794 4096 
60        8709  8890  8890  3513 8191 
61        6849  11704 11704 2289 4096 
62        6849  6385  6385  1242 1    
63        7234  1243  1243  475  4096 
64        7234  4571  4571  61   8191 
65        6260  8252  8252  44   4096 
66        6260  4140  4140  421  1    
67        7720  422   422   1159 4096 
68        7720  5255  5255  2185 8191 
69        7656  10376 10376 3398 4096 
70        7656  7494  7494  4679 1    
71        9505  4680  4680  5903 4096 
72        9505  9999  9999  6950 8191 
73        9127  15141 15141 7717 4096 
74        9127  11813 11813 8131 1    
75        10099 8132  8132  8148 4096 
76        10099 12244 12244 7771 8191 
77        8649  15962 15962 7033 4096 
78        8649  11129 11129 6007 1    
79        8706  6008  6008  4794 4096 
80        8706  8890  8890  3513 8191 
81        6845  11704 11704 2289 4096 
82        6845  6385  6385  1242 1    
83        7231  1243  1243  475  4096 
84        7231  4571  4571  61   8191 
85        6260  8252  8252  44   4096 
86        6260  4140  4140  421  1    
87        7722  422   422   1159 4096 
88        7722  5255  5255  2185 8191 
89        7656  10376 10376 3398 4096 
90        7656  7494  7494  4679 1    
91        9507  4680  4680  5903 4096 
92        9507  9999  9999  6950 8191 
93        9130  15141 15141 7717 4096 
94        9130  11813 11813 8131 1    
95        10099 8132  8132  8148 4096 
96        10099 12244 12244 7771 8191 
97        8647  15962 15962 7033 4096 
98        8647  11129 11129 6007 1    
99        8706  6008  6008  4794 4096 
100       8706  8890  8890  3513 8191 
101       6849  11704 11704 2289 4096 
102       6849  6385  6385  1242 1    
103       7233  1243  1243  475  4096 
104       7233  4571  4571  61   8191 
105       6259  8252  8252  44   4096 
106       6259  4140  4140  421  1    
107       7722  422   422   1159 4096 
108       7722  5255  5255  2185 8191 
109       7657  10376 10376 3398 4096 
110       7657  7494  7494  4679 1    
111       9507  4680  4680  5903 4096 
112       9507  9999  9999  6950 8191 
113       9130  15141 15141 7717 4096 
114       9130  11813 11813 8131 1    
115       10099 8132  8132  8148 4096 
116       10099 12244 12244 7771 8191 
117       8646  15962 15962 7033 4096 
118       8646  11129 11129 6007 1    
119       8710  6008  6008  4794 4096 
120       8710  8890  8890  3513 8191 
121       6845  11704 11704 2289 4096 
122       6845  6385  6385  1242 1    
123       7231  1243  1243  475  4096 
124       7231  4571  4571  61   8191 
125       6260  8252  8252  44   4096 
126       6260  4140  4140  421  1    
127       7724  422   422   1159 4096 
128       7724  5255  5255  2185 8191 
129       7654  10376 10376 3398 4096 
130       7654  7494  7494  4679 1    
131       9510  4680  4680  5903 4096 
132       9510  9999  9999  6950 8191 
133       9132  15141 15141 7717 4096 
134       9132  11813 11813 8131 1    
135       10101 8132  8132  8148 4096 
136       10101 12244 12244 7771 8191 
137       8645  15962 15962 7033 4096 
138       8645  11129 11129 6007 1    
139       8709  6008  6008  4794 4096 
140       8709  8890  8890  3513 8191 
141       6847  11704 11704 2289 4096 
142       6847  6385  6385  1242 1    
143       7234  1243  1243  475  4096 
144       7234  4571  4571  61   8191 
145       6259  8252  8252  44   4096 
146       6259  4140  4140  421  1    
147       7726  422   422   1159 4096 
148       7726  5255  5255  2185 8191 
149       7659  10376 10376 3398 4096 
150       7659  7494  7494  4679 1    
151       9506  4680  4680  5903 4096 
152       9506  9999  9999  6950 8191 
153       9129  15141 15141 7717 4096 
154       9129  11813 11813 8131 1    
155       10096 8132  8132  8148 4096 
156       10096 12244 12244 7771 8191 
157       8646  15962 15962 7033 4096 
158       8646  11129 11129 6007 1    
159       8706  6008  6008  4794 4096 
160       8706  8890  8890  3513 8191 
161       6849  11704 11704 2289 4096 
162       6849  6385  6385  1242 1    
163       7232  1243  1243  475  4096 
164       7232  4571  4571  61   8191 
165       6262  8252  8252  44   4096 
166       6262  4140  4140  421  1    
167       7719  422   422   1159 4096 
168       7719  5255  5255  2185 8191 
169       7659  10376 10376 3398 4096 
170       7659  7494  7494  4679 1    
171       9503  4680  4680  5903 4096 
172       9503  9999  9999  6950 8191 
173       9132  15141 15141 7717 4096 
174       9132  11813 11813 8131 1    
175       10100 8132  8132  8148 4096 
176       10100 12244 12244 7771 8191 
177       8651  15962 15962 7033 4096 
178       8651  11129 11129 6007 1    
179       8709  6008  6008  4794 4096 
180       8709  8890  8890  3513 8191 
181       6848  11704 11704 2289 4096 
182       6848  6385  6385  1242 1    
183       7234  1243  1243  475  4096 
184       7234  4571  4571  61   8191 
185       6262  8252  8252  44   4096 
186       6262  4140  4140  421  1    
187       7721  422   422   1159 4096 
188       7721  5255  5255  2185 8191 
189       7658  10376 10376 3398 4096 
190       7658  7494  7494  4679 1    
191       9508  4680  4680  5903 4096 
192       9508  9999  9999  6950 8191 
193       9128  15141 15141 7717 4096 
194       9128  11813 11813 8131 1    
195       10098 8132  8132  8148 4096 
196       10098 12244 12244 7771 8191 
197       8649  15962 15962 7033 4096 
198       8649  11129 11129 6007 1    
199       8706  6008  6008  4794 4096 
200       8706  8890  8890  3513 8191 
201       6846  11704 11704 2289 4096 
202       6846  6385  6385  1242 1    
203       7233  1243  1243  475  4096 
204       7233  4571  4571  61   8191 
205       6257  8252  8252  44   4096 
206       6257  4140  4140  421  1    
207       7727  422   422   1159 4096 
208       7727  5255  5255  2185 8191 
209       7659  10376 10376 3398 4096 
210       7659  7494  7494  4679 1    
211       9507  4680  4680  5903 4096 
212       9507  9999  9999  6950 8191 
213       9130  15141 15141 7717 4096 
214       9130  11813 11813 8131 1    
215       10102 8132  8132  8148 4096 
216       10102 12244 12244 7771 8191 
217       8648  15962 15962 7033 4096 
218       8648  11129 11129 6007 1    
219       8707  6008  6008  4794 4096 
220       8707  8890  8890  3513 8191 
221       6848  11704 11704 2289 4096 
222       6848  6385  6385  1242 1    
223       7232  1243  1243  475  4096 
224       7232  4571  4571  61   8191 
225       6263  8252  8252  44   4096 
226       6263  4140  4140  421  1    
227       7723  422   422   1159 4096 
228       7723  5255  5255  2185 8191 
229       7656  10376 10376 3398 4096 
230       7656  7494  7494  4679 1    
231       9508  4680  4680  5903 4096 
232       9508  9999  9999  6950 8191 
233       9132  15141 15141 7717 4096 
234       9132  11813 11813 8131 1    
235       10099 8132  8132  8148 4096 
236       10099 12244 12244 7771 8191 
237       8648  15962 15962 7033 4096 
238       8648  11129 11129 6007 1    
239       8707  6008  6008  4794 4096 
240       8707  8890  8890  3513 8191 
241       6846  11704 11704 2289 4096 
242       6846  6385  6385  1242 1    
243       7233  1243  1243  475  4096 
244       7233  4571  4571  61   8191 
245       6261  8252  8252  44   4096 
246       6261  4140  4140  421  1    
247       7725  422   422   1159 4096 
248       7725  5255  5255  2185 8191 
249       7656  10376 10376 3398 4096 
250       7656  7494  7494  4679 1    
251       9506  4680  4680  5903 4096 
252       9506  9999  9999  6950 8191 
253       9129  15141 15141 7717 4096 
254       9129  11813 11813 8131 1    
255       10101 8132  8132  8148 4096 
256       10101 12244 12244 7771 8191 
257       8647  15962 15962 7033 4096 
258       8647  11129 11129 6007 1    
259       8707  6008  6008  4794 4096 
260       8707  8890  8890  3513 8191 
261       6848  11704 11704 2289 4096 
262       6848  6385  6385  1242 1    
263       7234  1243  1243  475  4096 
264       7234  4571  4571  61   8191 
265       6259  8252  8252  44   4096 
266       6259  4140  4140  421  1    
267       7722  422   422   1159 4096 
268       7722  5255  5255  2185 8191 
269       7654  10376 10376 3398 4096 
270       7654  7494  7494  4679 1    
271       9507  4680  4680  5903 4096 
272       9507  9999  9999  6950 8191 
273       9130  15141 15141 7717 4096 
274       9130  11813 11813 8131 1    
275       10096 8132  8132  8148 4096 
276       10096 12244 12244 7771 8191 
277       8648  15962 15962 7033 4096 
278       8648  11129 11129 6007 1    
279       8708  6008  6008  4794 4096 
280       8708  8890  8890  3513 8191 
281       6849  11704 11704 2289 4096 
282       6849  6385  6385  1242 1    
283       7235  1243  1243  475  4096 
284       7235  4571  4571  61   8191 
285       6261  8252  8252  44   4096 
286       6261  4140  4140  421  1    
287       7718  422   422   1159 4096 
288       7718  5255  5255  2185 8191 
289       7657  10376 10376 3398 4096 
290       7657  7494  7494  4679 1    
291       9504  4680  4680  5903 4096 
292       9504  9999  9999  6950 8191 
293       9131  15141 15141 7717 4096 
294       9131  11813 11813 8131 1    
295       10100 8132  8132  8148 4096 
296       10100 12244 12244 7771 8191 
297       8650  15962 15962 7033 4096 
298       8650  11129 11129 6007 1    
299       8706  6008  6008  4794 4096 
300       8706  8890  8890  3513 8191 
301       6844  11704 11704 2289 4096 
302       6844  6385  6385  1242 1    
303       7234  1243  1243  475  4096 
304       7234  4571  4571  61   8191 
305       6261  8252  8252  44   4096 
306       6261  4140  4140  421  1    
307       7722  422   422   1159 4096 
308       7722  5255  5255  2185 8191 
309       7656  10376 10376 3398 4096 
310       7656  7494  7494  4679 1    
311       9510  4680  4680  5903 4096 
312       9510  9999  9999  6950 8191 
313       9133  15141 15141 7717 4096 
314       9133  11813 11813 8131 1    
315       10101 8132  8132  8148 4096 
316       10101 12244 12244 7771 8191 
317       8648  15962 15962 7033 4096 
318       8648  11129 11129 6007 1    
319       8709  6008  6008  4794 4096 
320       8709  8890  8890  3513 8191 
321       6845  11704 11704 2289 4096 
322       6845  6385  6385  1242 1    
323       7233  1243  1243  475  4096 
324       7233  4571  4571  61   8191 
325       6261  8252  8252  44   4096 
326       6261  4140  4140  421  1    
327       7722  422   422   1159 4096 
328       7722  5255  5255  2185 8191 
329       7657  10376 10376 3398 4096 
330       7657  7494  7494  4679 1    
331       9509  4680  4680  5903 4096 
332       9509  9999  9999  6950 8191 
333       9131  15141 15141 7717 4096 
334       9131  11813 11813 8131 1    
335       10101 8132  8132  8148 4096 
336       10101 12244 12244 7771 8191 
337       8642  15962 15962 7033 4096 
338       8642  11129 11129 6007 1    
339       8711  6008  6008  4794 4096 
340       8711  8890  8890  3513 8191 
341       6848  11704 11704 2289 4096 
342       6848  6385  6385  1242 1    
343       7234  1243  1243  475  4096 
344       7234  4571  4571  61   8191 
345       6260  8252  8252  44   4096 
346       6260  4140  4140  421  1    
347       7723  422   422   1159 4096 
348       7723  5255  5255  2185 8191 
349       7655  10376 10376 3398 4096 
350       7655  7494  7494  4679 1    
351       9507  4680  4680  5903 4096 
352       9507  9999  9999  6950 8191 
353       9131  15141 15141 7717 4096 
354       9131  11813 11813 8131 1    
355       10098 8132  8132  8148 4096 
356       10098 12244 12244 7771 8191 
357       8648  15962 15962 7033 4096 
358       8648  11129 11129 6007 1    
359       8708  6008  6008  4794 4096 
360       8708  8890  8890  3513 8191 
361       6847  11704 11704 2289 4096 
362       6847  6385  6385  1242 1    
363       7233  1243  1243  475  4096 
364       7233  4571  4571  61   8191 
365       6259  8252  8252  44   4096 
366       6259  4140  4140  421  1    
367       7723  422   422   1159 4096 
368       7723  5255  5255  2185 8191 
369       7656  10376 10376 3398 4096 
370       7656  7494  7494  4679 1    
371       9506  4680  4680  5903 4096 
372       9506  9999  9999  6950 8191 
373       9130  15141 15141 7717 4096 
374       9130  11813 11813 8131 1    
375       10100 8132  8132  8148 4096 
376       10100 12244 12244 7771 8191 
377       8647  15962 15962 7033 4096 
378       8647  11129 11129 6007 1    
379       8706  6008  6008  4794 4096 
380       8706  8890  8890  3513 8191 
381       6847  11704 11704 2289 4096 
382       6847  6385  6385  1242 1    
383       7230  1243  1243  475  4096 
384       7230  4571  4571  61   8191 
385       6263  8252  8252  44   4096 
386       6263  4140  4140  421  1    
387       7718  422   422   1159 4096 
388       7718  5255  5255  2185 8191 
389       7657  10376 10376 3398 4096 
390       7657  7494  7494  4679 1    
391       9507  4680  4680  5903 4096 
392       9507  9999  9999  6950 8191 
393       9128  15141 15141 7717 4096 
394       9128  11813 11813 8131 1    
395       10100 8132  8132  8148 4096 
396       10100 12244 12244 7771 8191 
397       8652  15962 15962 7033 4096 
398       8652  11129 11129 6007 1    
399       8707  6008  6008  4794 4096 
400       8707  8890  8890  3513 8191 
401       6845  11704 11704 2289 4096 
402       6845  6385  6385  1242 1    
403       7233  1243  1243  475  4096 
404       7233  4571  4571  61   8191 
405       6264  8252  8252  44   4096 
406       6264  4140  4140  421  1    
407       7720  422   422   1159 4096 
408       7720  5255  5255  2185 8191 
409       7658  10376 10376 3398 4096 
410       7658  7494  7494  4679 1    
411       9510  4680  4680  5903 4096 
412       9510  9999  9999  6950 8191 
413       9129  15141 15141 7717 4096 
414       9129  11813 11813 8131 1    
415       10097 8132  8132  8148 4096 
416       10097 12244 12244 7771 8191 
417       8642  15962 15962 7033 4096 
418       8642  11129 11129 6007 1    
419       8705  6008  6008  4794 4096 
420       8705  8890  8890  3513 8191 
421       6844  11704 11704 2289 4096 
422       6844  6385  6385  1242 1    
423       7229  1243  1243  475  4096 
424       7229  4571  4571  61   8191 
425       6258  8252  8252  44   4096 
426       6258  4140  4140  421  1    
427       7720  422   422   1159 4096 
428       7720  5255  5255  2185 8191 
429       7656  10376 10376 3398 4096 
430       7656  7494  7494  4679 1    
431       9510  4680  4680  5903 4096 
432       9510  9999  9999  6950 8191 
433       9131  15141 15141 7717 4096 
434       9131  11813 11813 8131 1    
435       10100 8132  8132  8148 4096 
436       10100 12244 12244 7771 8191 
437       8648  15962 15962 7033 4096 
438       8648  11129 11129 6007 1    
439       8707  6008  6008  4794 4096 
440       8707  8890  8890  3513 8191 
441       6849  11704 11704 2289 4096 
442       6849  6385  6385  1242 1    
443       7231  1243  1243  475  4096 
444       7231  4571  4571  61   8191 
445       6261  8252  8252  44   4096 
446       6261  4140  4140  421  1    
447       7722  422   422   1159 4096 
448       7722  5255  5255  2185 8191 
449       7656  10376 10376 3398 4096 
450       7656  7494  7494  4679 1    
451       9509  4680  4680  5903 4096 
452       9509  9999  9999  6950 8191 
453       9132  15141 15141 7717 4096 
454       9132  11813 11813 8131 1    
455       10099 8132  8132  8148 4096 
456       10099 12244 12244 7771 8191 
457       8649  15962 15962 7033 4096 
458       8649  11129 11129 6007 1    
459       8706  6008  6008  4794 4096 
460       8706  8890  8890  3513 8191 
461       6847  11704 11704 2289 4096 
462       6847  6385  6385  1242 1    
463       7235  1243  1243  475  4096 
464       7235  4571  4571  61   8191 
465       6259  8252  8252  44   4096 
466       6259  4140  4140  421  1    
467       7721  422   422   1159 4096 
468       7721  5255  5255  2185 8191 
469       7656  10376 10376 3398 4096 
470       7656  7494  7494  4679 1    
471       9507  4680  4680  5903 4096 
472       9507  9999  9999  6950 8191 
473       9127  15141 15141 7717 4096 
474       9127  11813 11813 8131 1    
475       10100 8132  8132  8148 4096 
476       10100 12244 12244 7771 8191 
477       8649  15962 15962 7033 4096 
478       8649  11129 11129 6007 1    
479       8705  6008  6008  4794 4096 
480       8705  8890  8890  3513 8191 
481       6849  11704 11704 2289 4096 
482       6849  6385  6385  1242 1    
483       7230  1243  1243  475  4096 
484       7230  4571  4571  61   8191 
485       6262  8252  8252  44   4096 
486       6262  4140  4140  421  1    
487       7722  422   422   1159 4096 
488       7722  5255  5255  2185 8191 
489       7657  10376 10376 3398 4096 
490       7657  7494  7494  4679 1    
491       9508  4680  4680  5903 4096 
492       9508  9999  9999  6950 8191 
493       9127  15141 15141 7717 4096 
494       9127  11813 11813 8131 1    
495       10094 8132  8132  8148 4096 
496       10094 12244 12244 7771 8191 
497       8651  15962 15962 7033 4096 
498       8651  11129 11129 6007 1    
499       8708  6008  6008  4794 4096 
500       8708  8890  8890  3513 8191 
501       6848  11704 11704 2289 4096 
502       6848  6385  6385  1242 1    
503       7232  1243  1243  475  4096 
504       7232  4571  4571  61   8191 
505       6261  8252  8252  44   4096 
506       6261  4140  4140  421  1    
507       7721  422   422   1159 4096 
508       7721  5255  5255  2185 8191 
509       7658  10376 10376 3398 4096 
510       7658  7494  7494  4679 1    
511       9509  4680  4680  5903 4096 
512       9509  9999  9999  6950 8191 
513       9131  15141 15141 7717 4096 
514       9131  11813 11813 8131 1    
515       10100 8132  8132  8148 4096 
516       10100 12244 12244 7771 8191 
517       8652  15962 15962 7033 4096 
518       8652  11129 11129 6007 1    
519       8709  6008  6008  4794 4096 
520       8709  8890  8890  3513 8191 
521       6844  11704 11704 2289 4096 
522       6844  6385  6385  1242 1    
523       7232  1243  1243  475  4096 
524       7232  4571  4571  61   8191 
525       6260  8252  8252  44   4096 
526       6260  4140  4140  421  1    
527       7723  422   422   1159 4096 
528       7723  5255  5255  2185 8191 
529       7657  10376 10376 3398 4096 
530       7657  7494  7494  4679 1    
531       9512  4680  4680  5903 4096 
532       9512  9999  9999  6950 8191 
533       9128  15141 15141 7717 4096 
534       9128  11813 11813 8131 1    
535       10096 8132  8132  8148 4096 
536       10096 12244 12244 7771 8191 
537       8649  15962 15962 7033 4096 
538       8649  11129 11129 6007 1    
539       8708  6008  6008  4794 4096 
540       8708  8890  8890  3513 8191 
541       6843  11704 11704 2289 4096 
542       6843  6385  6385  1242 1    
543       7234  1243  1243  475  4096 
544       7234  4571  4571  61   8191 
545       6262  8252  8252  44   4096 
546       6262  4140  4140  421  1    
547       7725  422   422   1159 4096 
548       7725  5255  5255  2185 8191 
549       7657  10376 10376 3398 4096 
550       7657  7494  7494  4679 1    
551       9507  4680  4680  5903 4096 
552       9507  9999  9999  6950 8191 
553       9128  15141 15141 7717 4096 
554       9128  11813 11813 8131 1    
555       10098 8132  8132  8148 4096 
556       10098 12244 12244 7771 8191 
557       8646  15962 15962 7033 4096 
558       8646  11129 11129 6007 1    
559       8709  6008  6008  4794 4096 
560       8709  8890  8890  3513 8191 
561       6848  11704 11704 2289 4096 
562       6848  6385  6385  1242 1    
563       7233  1243  1243  475  4096 
564       7233  4571  4571  61   8191 
565       6261  8252  8252  44   4096 
566       6261  4140  4140  421  1    
567       7722  422   422   1159 4096 
568       7722  5255  5255  2185 8191 
569       7657  10376 10376 3398 4096 
570       7657  7494  7494  4679 1    
571       9509  4680  4680  5903 4096 
572       9509  9999  9999  6950 8191 
573       9129  15141 15141 7717 4096 
574       9129  11813 11813 8131 1    
575       10099 8132  8132  8148 4096 
576       10099 12244 12244 7771 8191 
577       8647  15962 15962 7033 4096 
578       8647  11129 11129 6007 1    
579       8709  6008  6008  4794 4096 
580       8709  8890  8890  3513 8191 
581       6850  11704 11704 2289 4096 
582       6850  6385  6385  1242 1    
583       7234  1243  1243  475  4096 
584       7234  4571  4571  61   8191 
585       6262  8252  8252  44   4096 
586       6262  4140  4140  421  1    
587       7722  422   422   1159 4096 
588       7722  5255  5255  2185 8191 
589       7659  10376 10376 3398 4096 
590       7659  7494  7494  4679 1    
591       9506  4680  4680  5903 4096 
592       9506  9999  9999  6950 8191 
593       9127  15141 15141 7717 4096 
594       9127  11813 11813 8131 1    
595       10098 8132  8132  8148 4096 
596       10098 12244 12244 7771 8191 
597       8647  15962 15962 7033 4096 
598       8647  11129 11129 6007 1    
599       8707  6008  6008  4794 4096 
600       8707  8890  8890  3513 8191 
601       6841  11704 11704 2289 4096 
602       6841  6385  6385  1242 1    
603       7231  1243  1243  475  4096 
604       7231  4571  4571  61   8191 
605       6263  8252  8252  44   4096 
606       6263  4140  4140  421  1    
607       7720  422   422   1159 4096 
608       7720  5255  5255  2185 8191 
609       7658  10376 10376 3398 4096 
610       7658  7494  7494  4679 1    
611       9508  4680  4680  5903 4096 
612       9508  9999  9999  6950 8191 
613       9131  15141 15141 7717 4096 
614       9131  11813 11813 8131 1    
615       10098 8132  8132  8148 4096 
616       10098 12244 12244 7771 8191 
617       8648  15962 15962 7033 4096 
618       8648  11129 11129 6007 1    
619       8708  6008  6008  4794 4096 
620       8708  8890  8890  3513 8191 
621       6845  11704 11704 2289 4096 
622       6845  6385  6385  1242 1    
623       7233  1243  1243  475  4096 
624       7233  4571  4571  61   8191 
625       6261  8252  8252  44   4096 
626       6261  4140  4140  421  1    
627       7721  422   422   1159 4096 
628       7721  5255  5255  2185 8191 
629       7657  10376 10376 3398 4096 
630       7657  7494  7494  4679 1    
631       9513  4680  4680  5903 4096 
632       9513  9999  9999  6950 8191 
633       9132  15141 15141 7717 4096 
634       9132  11813 11813 8131 1    
635       10098 8132  8132  8148 4096 
636       10098 12244 12244 7771 8191 
637       8647  15962 15962 7033 4096 
638       8647  11129 11129 6007 1    
639       8709  6008  6008  4794 4096 
640       8709  8890  8890  3513 8191 
641       6846  11704 11704 2289 4096 
642       6846  6385  6385  1242 1    
643       7231  1243  1243  475  4096 
644       7231  4571  4571  61   8191 
645       6261  8252  8252  44   4096 
646       6261  4140  4140  421  1    
647       7723  422   422   1159 4096 
648       7723  5255  5255  2185 8191 
649       7657  10376 10376 3398 4096 
650       7657  7494  7494  4679 1    
651       9510  4680  4680  5903 4096 
652       9510  9999  9999  6950 8191 
653       9131  15141 15141 7717 4096 
654       9131  11813 11813 8131 1    
655       10100 8132  8132  8148 4096 
656       10100 12244 12244 7771 8191 
657       8648  15962 15962 7033 4096 
658       8648  11129 11129 6007 1    
659       8709  6008  6008  4794 4096 
660       8709  8890  8890  3513 8191 
661       6847  11704 11704 2289 4096 
662       6847  6385  6385  1242 1    
663       7234  1243  1243  475  4096 
664       7234  4571  4571  61   8191 
665       6261  8252  8252  44   4096 
666       6261  4140  4140  421  1    
667       7722  422   422   1159 4096 
668       7722  5255  5255  2185 8191 
669       7659  10376 10376 3398 4096 
670       7659  7494  7494  4679 1    
671       9509  4680  4680  5903 4096 
672       9509  9999  9999  6950 8191 
673       9134  15141 15141 7717 4096 
674       9134  11813 11813 8131 1    
675       10100 8132  8132  8148 4096 
676       10100 12244 12244 7771 8191 
677       8648  15962 15962 7033 4096 
678       8648  11129 11129 6007 1    
679       8706  6008  6008  4794 4096 
680       8706  8890  8890  3513 8191 
681       6846  11704 11704 2289 4096 
682       6846  6385  6385  1242 1    
683       7232  1243  1243  475  4096 
684       7232  4571  4571  61   8191 
685       6261  8252  8252  44   4096 
686       6261  4140  4140  421  1    
687       7722  422   422   1159 4096 
688       7722  5255  5255  2185 8191 
689       7658  10376 10376 3398 4096 
690       7658  7494  7494  4679 1    
691       9511  4680  4680  5903 4096 
692       9511  9999  9999  6950 8191 
693       9130  15141 15141 7717 4096 
694       9130  11813 11813 8131 1    
695       10097 8132  8132  8148 4096 
696       10097 12244 12244 7771 8191 
697       8648  15962 15962 7033 4096 
698       8648  11129 11129 6007 1    
699       8706  6008  6008  4794 4096 
700       8706  8890  8890  3513 8191 
701       6846  11704 11704 2289 4096 
702       6846  6385  6385  1242 1    
703       7232  1243  1243  475  4096 
704       7232  4571  4571  61   8191 
705       6262  8252  8252  44   4096 
706       6262  4140  4140  421  1    
707       7722  422   422   1159 4096 
708       7722  5255  5255  2185 8191 
709       7659  10376 10376 3398 4096 
710       7659  7494  7494  4679 1    
711       9509  4680  4680  5903 4096 
712       9509  9999  9999  6950 8191 
713       9128  15141 15141 7717 4096 
714       9128  11813 11813 8131 1    
715       10095 8132  8132  8148 4096 
716       10095 12244 12244 7771 8191 
717       8648  15962 15962 7033 4096 
718       8648  11129 11129 6007 1    
719       8706  6008  6008  4794 4096 
720       8706  8890  8890  3513 8191 
721       6847  11704 11704 2289 4096 
722       6847  6385  6385  1242 1    
723       7229  1243  1243  475  4096 
724       7229  4571  4571  61   8191 
725       6260  8252  8252  44   4096 
726       6260  4140  4140  421  1    
727       7719  422   422   1159 4096 
728       7719  5255  5255  2185 8191 
729       7658  10376 10376 3398 4096 
730       7658  7494  7494  4679 1    
731       9508  4680  4680  5903 4096 
732       9508  9999  9999  6950 8191 
733       9130  15141 15141 7717 4096 
734       9130  11813 11813 8131 1    
735       10098 8132  8132  8148 4096 
736       10098 12244 12244 7771 8191 
737       8645  15962 15962 7033 4096 
738       8645  11129 11129 6007 1    
739       8709  6008  6008  4794 4096 
740       8709  8890  8890  3513 8191 
741       6845  11704 11704 2289 4096 
742       6845  6385  6385  1242 1    
743       7235  1243  1243  475  4096 
744       7235  4571  4571  61   8191 
745       6262  8252  8252  44   4096 
746       6262  4140  4140  421  1    
747       7725  422   422   1159 4096 
748       7725  5255  5255  2185 8191 
749       7656  10376 10376 3398 4096 
750       7656  7494  7494  4679 1    
751       9509  4680  4680  5903 4096 
752       9509  9999  9999  6950 8191 
753       9131  15141 15141 7717 4096 
754       9131  11813 11813 8131 1    
755       10099 8132  8132  8148 4096 
756       10099 12244 12244 7771 8191 
757       8648  15962 15962 7033 4096 
758       8648  11129 11129 6007 1    
759       8710  6008  6008  4794 4096 
760       8710  8890  8890  3513 8191 
761       6843  11704 11704 2289 4096 
762       6843  6385  6385  1242 1    
763       7233  1243  1243  475  4096 
764       7233  4571  4571  61   8191 
765       6259  8252  8252  44   4096 
766       6259  4140  4140  421  1    
767       7726  422   422   1159 4096 
768       7726  5255  5255  2185 8191 
769       7657  10376 10376 3398 4096 
770       7657  7494  7494  4679 1    
771       9509  4680  4680  5903 4096 
772       9509  9999  9999  6950 8191 
773       9131  15141 15141 7717 4096 
774       9131  11813 11813 8131 1    
775       10100 8132  8132  8148 4096 
776       10100 12244 12244 7771 8191 
777       8646  15962 15962 7033 4096 
778       8646  11129 11129 6007 1    
779       8707  6008  6008  4794 4096 
780       8707  8890  8890  3513 8191 
781       6848  11704 11704 2289 4096 
782       6848  6385  6385  1242 1    
783       7235  1243  1243  475  4096 
784       7235  4571  4571  61   8191 
785       6260  8252  8252  44   4096 
786       6260  4140  4140  421  1    
787       7725  422   422   1159 4096 
788       7725  5255  5255  2185 8191 
789       7658  10376 10376 3398 4096 
790       7658  7494  7494  4679 1    
791       9507  4680  4680  5903 4096 
792       9507  9999  9999  6950 8191 
793       9129  15141 15141 7717 4096 
794       9129  11813 11813 8131 1    
795       10098 8132  8132  8148 4096 
796       10098 12244 12244 7771 8191 
797       8648  15962 15962 7033 4096 
798       8648  11129 11129 6007 1    
799       8707  6008  6008  4794 4096 
800       8707  8890  8890  3513 8191 
801       6846  11704 11704 2289 4096 
802       6846  6385  6385  1242 1    
803       7231  1243  1243  475  4096 
804       7231  4571  4571  61   8191 
805       6261  8252  8252  44   4096 
806       6261  4140  4140  421  1    
807       7722  422   422   1159 4096 
808       7722  5255  5255  2185 8191 
809       7658  10376 10376 3398 4096 
810       7658  7494  7494  4679 1    
811       9507  4680  4680  5903 4096 
812       9507  9999  9999  6950 8191 
813       9131  15141 15141 7717 4096 
814       9131  11813 11813 8131 1    
815       10100 8132  8132  8148 4096 
816       10100 12244 12244 7771 8191 
817       8647  15962 15962 7033 4096 
818       8647  11129 11129 6007 1    
819       8707  6008  6008  4794 4096 
820       8707  8890  8890  3513 8191 
821       6849  11704 11704 2289 4096 
822       6849  6385  6385  1242 1    
823       7232  1243  1243  475  4096 
824       7232  4571  4571  61   8191 
825       6263  8252  8252  44   4096 
826       6263  4140  4140  421  1    
827       7718  422   422   1159 4096 
828       7718  5255  5255  2185 8191 
829       7659  10376 10376 3398 4096 
830       7659  7494  7494  4679 1    
831       9507  4680  4680  5903 4096 
832       9507  9999  9999  6950 8191 
833       9133  15141 15141 7717 4096 
834       9133  11813 11813 8131 1    
835       10099 8132  8132  8148 4096 
836       10099 12244 12244 7771 8191 
837       8649  15962 15962 7033 4096 
838       8649  11129 11129 6007 1    
839       8706  6008  6008  4794 4096 
840       8706  8890  8890  3513 8191 
841       6844  11704 11704 2289 4096 
842       6844  6385  6385  1242 1    
843       7230  1243  1243  475  4096 
844       7230  4571  4571  61   8191 
845       6264  8252  8252  44   4096 
846       6264  4140  4140  421  1    
847       7722  422   422   1159 4096 
848       7722  5255  5255  2185 8191 
849       7658  10376 10376 3398 4096 
850       7658  7494  7494  4679 1    
851       9513  4680  4680  5903 4096 
852       9513  9999  9999  6950 8191 
853       9129  15141 15141 7717 4096 
854       9129  11813 11813 8131 1    
855       10097 8132  8132  8148 4096 
856       10097 12244 12244 7771 8191 
857       8648  15962 15962 7033 4096 
858       8648  11129 11129 6007 1    
859       8708  6008  6008  4794 4096 
860       8708  8890  8890  3513 8191 
861       6845  11704 11704 2289 4096 
862       6845  6385  6385  1242 1    
863       7233  1243  1243  475  4096 
864       7233  4571  4571  61   8191 
865       6263  8252  8252  44   4096 
866       6263  4140  4140  421  1    
867       7720  422   422   1159 4096 
868       7720  5255  5255  2185 8191 
869       7655  10376 10376 3398 4096 
870       7655  7494  7494  4679 1    
871       9508  4680  4680  5903 4096 
872       9508  9999  9999  6950 8191 
873       9130  15141 15141 7717 4096 
874       9130  11813 11813 8131 1    
875       10100 8132  8132  8148 4096 
876       10100 12244 12244 7771 8191 
877       8646  15962 15962 7033 4096 
878       8646  11129 11129 6007 1    
879       8707  6008  6008  4794 4096 
880       8707  8890  8890  3513 8191 
881       6847  11704 11704 2289 4096 
882       6847  6385  6385  1242 1    
883       7234  1243  1243  475  4096 
884       7234  4571  4571  61   8191 
885       6260  8252  8252  44   4096 
886       6260  4140  4140  421  1    
887       7721  422   422   1159 4096 
888       7721  5255  5255  2185 8191 
889       7657  10376 10376 3398 4096 
890       7657  7494  7494  4679 1    
891       9507  4680  4680  5903 4096 
892       9507  9999  9999  6950 8191 
893       9130  15141 15141 7717 4096 
894       9130  11813 11813 8131 1    
895       10100 8132  8132  8148 4096 
896       10100 12244 12244 7771 8191 
897       8646  15962 15962 7033 4096 
898       8646  11129 11129 6007 1    
899       8706  6008  6008  4794 4096 
900       8706  8890  8890  3513 8191 
901       6847  11704 11704 2289 4096 
902       6847  6385  6385  1242 1    
903       7232  1243  1243  475  4096 
904       7232  4571  4571  61   8191 
905       6260  8252  8252  44   4096 
906       6260  4140  4140  421  1    
907       7723  422   422   1159 4096 
908       7723  5255  5255  2185 8191 
909       7656  10376 10376 3398 4096 
910       7656  7494  7494  4679 1    
911       9505  4680  4680  5903 4096 
912       9505  9999  9999  6950 8191 
913       9132  15141 15141 7717 4096 
914       9132  11813 11813 8131 1    
915       10097 8132  8132  8148 4096 
916       10097 12244 12244 7771 8191 
917       8647  15962 15962 7033 4096 
918       8647  11129 11129 6007 1    
919       8709  6008  6008  4794 4096 
920       8709  8890  8890  3513 8191 
921       6848  11704 11704 2289 4096 
922       6848  6385  6385  1242 1    
923       7233  1243  1243  475  4096 
924       7233  4571  4571  61   8191 
925       6262  8252  8252  44   4096 
926       6262  4140  4140  421  1    
927       7722  422   422   1159 4096 
928       7722  5255  5255  2185 8191 
929       7660  10376 10376 3398 4096 
930       7660  7494  7494  4679 1    
931       9506  4680  4680  5903 4096 
932       9506  9999  9999  6950 8191 
933       9130  15141 15141 7717 4096 
934       9130  11813 11813 8131 1    
935       10098 8132  8132  8148 4096 
936       10098 12244 12244 7771 8191 
937       8653  15962 15962 7033 4096 
938       8653  11129 11129 6007 1    
939       8707  6008  6008  4794 4096 
940       8707  8890  8890  3513 8191 
941       6847  11704 11704 2289 4096 
942       6847  6385  6385  1242 1    
943       7233  1243  1243  475  4096 
944       7233  4571  4571  61   8191 
945       6261  8252  8252  44   4096 
946       6261  4140  4140  421  1    
947       7721  422   422   1159 4096 
948       7721  5255  5255  2185 8191 
949       7657  10376 10376 3398 4096 
950       7657  7494  7494  4679 1    
951       9509  4680  4680  5903 4096 
952       9509  9999  9999  6950 8191 
953       9129  15141 15141 7717 4096 
954       9129  11813 11813 8131 1    
955       10101 8132  8132  8148 4096 
956       10101 12244 12244 7771 8191 
957       8646  15962 15962 7033 4096 
958       8646  11129 11129 6007 1    
959       8708  6008  6008  4794 4096 
960       8708  8890  8890  3513 8191 
961       6844  11704 11704 2289 4096 
962       6844  6385  6385  1242 1    
963       7231  1243  1243  475  4096 
964       7231  4571  4571  61   8191 
965       6263  8252  8252  44   4096 
966       6263  4140  4140  421  1    
967       7722  422   422   1159 4096 
968       7722  5255  5255  2185 8191 
969       7655  10376 10376 3398 4096 
970       7655  7494  7494  4679 1    
971       9510  4680  4680  5903 4096 
972       9510  9999  9999  6950 8191 
973       9127  15141 15141 7717 4096 
974       9127  11813 11813 8131 1    
975       10103 8132  8132  8148 4096 
976       10103 12244 12244 7771 8191 
977       8648  15962 15962 7033 4096 
978       8648  11129 11129 6007 1    
979       8710  6008  6008  4794 4096 
980       8710  8890  8890  3513 8191 
981       6848  11704 11704 2289 4096 
982       6848  6385  6385  1242 1    
983       7231  1243  1243  475  4096 
984       7231  4571  4571  61   8191 
985       6258  8252  8252  44   4096 
986       6258  4140  4140  421  1    
987       7721  422   422   1159 4096 
988       7721  5255  5255  2185 8191 
989       7653  10376 10376 3398 4096 
990       7653  7494  7494  4679 1    
991       9506  4680  4680  5903 4096 
992       9506  9999  9999  6950 8191 
993       9130  15141 15141 7717 4096 
994       9130  11813 11813 8131 1    
995       10097 8132  8132  8148 4096 
996       10097 12244 12244 7771 8191 
997       8646  15962 15962 7033 4096 
998       8646  11129 11129 6007 1    
999       8706  6008  6008  4794 4096 
1000      8706  8890  8890  3513 8191 
1001      6849  11704 11704 2289 4096 
1002      6849  6385  6385  1242 1    
1003      7234  1243  1243  475  4096 
1004      7234  4571  4571  61   8191 
1005      6260  8252  8252  44   4096 
1006      6260  4140  4140  421  1    
1007      7723  422   422   1159 4096 
1008      7723  5255  5255  2185 8191 
1009      7657  10376 10376 3398 4096 
1010      7657  7494  7494  4679 1    
1011      9506  4680  4680  5903 4096 
1012      9506  9999  9999  6950 8191 
1013      9130  15141 15141 7717 4096 
1014      9130  11813 11813 8131 1    
1015      10098 8132  8132  8148 4096 
1016      10098 12244 12244 7771 8191 
1017      8648  15962 15962 7033 4096 
1018      8648  11129 11129 6007 1    
1019      8708  6008  6008  4794 4096 
1020      8708  8890  8890  3513 8191 
1021      6848  11704 11704 2289 4096 
1022      6848  6385  6385  1242 1    
1023      7231  1243  1243  475  4096 
1024      7231  4571  4571  61   8191 
1025      6262  8252  8252  44   4096 
1026      6262  4140  4140  421  1    
1027      7724  422   422   1159 4096 
1028      7724  5255  5255  2185 8191 
1029      7657  10376 10376 3398 4096 
1030      7657  7494  7494  4679 1    
1031      9508  4680  4680  5903 4096 
1032      9508  9999  9999  6950 8191 
1033      9130  15141 15141 7717 4096 
1034      9130  11813 11813 8131 1    
1035      10099 8132  8132  8148 4096 
1036      10099 12244 12244 7771 8191 
1037      8650  15962 15962 7033 4096 
1038      8650  11129 11129 6007 1    
1039      8709  6008  6008  4794 4096 
1040      8709  8890  8890  3513 8191 
1041      6848  11704 11704 2289 4096 
1042      6848  6385  6385  1242 1    
1043      7232  1243  1243  475  4096 
1044      7232  4571  4571  61   8191 
1045      6264  8252  8252  44   4096 
1046      6264  4140  4140  421  1    
1047      7721  422   422   1159 4096 
1048      7721  5255  5255  2185 8191 
1049      7655  10376 10376 3398 4096 
1050      7655  7494  7494  4679 1    
1051      9507  4680  4680  5903 4096 
1052      9507  9999  9999  6950 8191 
1053      9133  15141 15141 7717 4096 
1054      9133  11813 11813 8131 1    
1055      10101 8132  8132  8148 4096 
1056      10101 12244 12244 7771 8191 
1057      8654  15962 15962 7033 4096 
1058      8654  11129 11129 6007 1    
1059      8710  6008  6008  4794 4096 
1060      8710  8890  8890  3513 8191 
1061      6844  11704 11704 2289 4096 
1062      6844  6385  6385  1242 1    
1063      7234  1243  1243  475  4096 
1064      7234  4571  4571  61   8191 
1065      6262  8252  8252  44   4096 
1066      6262  4140  4140  421  1    
1067      7720  422   422   1159 4096 
1068      7720  5255  5255  2185 8191 
1069      7659  10376 10376 3398 4096 
1070      7659  7494  7494  4679 1    
1071      9512  4680  4680  5903 4096 
1072      9512  9999  9999  6950 8191 
1073      9129  15141 15141 7717 4096 
1074      9129  11813 11813 8131 1    
1075      10099 8132  8132  8148 4096 
1076      10099 12244 12244 7771 8191 
1077      8650  15962 15962 7033 4096 
1078      8650  11129 11129 6007 1    
1079      8707  6008  6008  4794 4096 
1080      8707  8890  8890  3513 8191 
1081      6843  11704 11704 2289 4096 
1082      6843  6385  6385  1242 1    
1083      7233  1243  1243  475  4096 
1084      7233  4571  4571  61   8191 
1085      6261  8252  8252  44   4096 
1086      6261  4140  4140  421  1    
1087      7719  422   422   1159 4096 
1088      7719  5255  5255  2185 8191 
1089      7659  10376 10376 3398 4096 
1090      7659  7494  7494  4679 1    
1091      9510  4680  4680  5903 4096 
1092      9510  9999  9999  6950 8191 
1093      9130  15141 15141 7717 4096 
1094      9130  11813 11813 8131 1    
1095      10099 8132  8132  8148 4096 
1096      10099 12244 12244 7771 8191 
1097      8648  15962 15962 7033 4096 
1098      8648  11129 11129 6007 1    
1099      8709  6008  6008  4794 4096 
1100      8709  8890  8890  3513 8191 
1101      6849  11704 11704 2289 4096 
1102      6849  6385  6385  1242 1    
1103      7232  1243  1243  475  4096 
1104      7232  4571  4571  61   8191 
1105      6263  8252  8252  44   4096 
1106      6263  4140  4140  421  1    
1107      7721  422   422   1159 4096 
1108      7721  5255  5255  2185 8191 
1109      7657  10376 10376 3398 4096 
1110      7657  7494  7494  4679 1    
1111      9510  4680  4680  5903 4096 
1112      9510  9999  9999  6950 8191 
1113      9130  15141 15141 7717 4096 
1114      9130  11813 11813 8131 1    
1115      10098 8132  8132  8148 4096 
1116      10098 12244 12244 7771 8191 
1117      8650  15962 15962 7033 4096 
1118      8650  11129 11129 6007 1    
1119      8708  6008  6008  4794 4096 
1120      8708  8890  8890  3513 8191 
1121      6847  11704 11704 2289 4096 
1122      6847  6385  6385  1242 1    
1123      7232  1243  1243  475  4096 
1124      7232  4571  4571  61   8191 
1125      6263  8252  8252  44   4096 
1126      6263  4140  4140  421  1    
1127      7718  422   422   1159 4096 
1128      7718  5255  5255  2185 8191 
1129      7657  10376 10376 3398 4096 
1130      7657  7494  7494  4679 1    
1131      9506  4680  4680  5903 4096 
1132      9506  9999  9999  6950 8191 
1133      9129  15141 15141 7717 4096 
1134      9129  11813 11813 8131 1    
1135      10096 8132  8132  8148 4096 
1136      10096 12244 12244 7771 8191 
1137      8650  15962 15962 7033 4096 
1138      8650  11129 11129 6007 1    
1139      8709  6008  6008  4794 4096 
1140      8709  8890  8890  3513 8191 
1141      6845  11704 11704 2289 4096 
1142      6845  6385  6385  1242 1    
1143      7233  1243  1243  475  4096 
1144      7233  4571  4571  61   8191 
1145      6263  8252  8252  44   4096 
1146      6263  4140  4140  421  1    
1147      7722  422   422   1159 4096 
1148      7722  5255  5255  2185 8191 
1149      7658  10376 10376 3398 4096 
1150      7658  7494  7494  4679 1    
1151      9509  4680  4680  5903 4096 
1152      9509  9999  9999  6950 8191 
1153      9128  15141 15141 7717 4096 
1154      9128  11813 11813 8131 1    
1155      10099 8132  8132  8148 4096 
1156      10099 12244 12244 7771 8191 
1157      8648  15962 15962 7033 4096 
1158      8648  11129 11129 6007 1    
1159      8708  6008  6008  4794 4096 
1160      8708  8890  8890  3513 8191 
1161      6849  11704 11704 2289 4096 
1162      6849  6385  6385  1242 1    
1163      7233  1243  1243  475  4096 
1164      7233  4571  4571  61   8191 
1165      6262  8252  8252  44   4096 
1166      6262  4140  4140  421  1    
1167      7721  422   422   1159 4096 
1168      7721  5255  5255  2185 8191 
1169      7657  10376 10376 3398 4096 
1170      7657  7494  7494  4679 1    
1171      9509  4680  4680  5903 4096 
1172      9509  9999  9999  6950 8191 
1173      9129  15141 15141 7717 4096 
1174      9129  11813 11813 8131 1    
1175      10100 8132  8132  8148 4096 
1176      10100 12244 12244 7771 8191 
1177      8652  15962 15962 7033 4096 
1178      8652  11129 11129 6007 1    
1179      8709  6008  6008  4794 4096 
1180      8709  8890  8890  3513 8191 
1181      6845  11704 11704 2289 4096 
1182      6845  6385  6385  1242 1    
1183      7234  1243  1243  475  4096 
1184      7234  4571  4571  61   8191 
1185      6261  8252  8252  44   4096 
1186      6261  4140  4140  421  1    
1187      7725  422   422   1159 4096 
1188      7725  5255  5255  2185 8191 
1189      7657  10376 10376 3398 4096 
1190      7657  7494  7494  4679 1    
1191      9511  4680  4680  5903 4096 
1192      9511  9999  9999  6950 8191 
1193      9130  15141 15141 7717 4096 
1194      9130  11813 11813 8131 1    
1195      10100 8132  8132  8148 4096 
1196      10100 12244 12244 7771 8191 
1197      8649  15962 15962 7033 4096 
1198      8649  11129 11129 6007 1    
1199      8708  6008  6008  4794 4096 
1200      8708  8890  8890  3513 8191 
1201      6844  11704 11704 2289 4096 
1202      6844  6385  6385  1242 1    
1203      7233  1243  1243  475  4096 
1204      7233  4571  4571  61   8191 
1205      6262  8252  8252  44   4096 
1206      6262  4140  4140  421  1    
1207      7723  422   422   1159 4096 
1208      7723  5255  5255  2185 8191 
1209      7657  10376 10376 3398 4096 
1210      7657  7494  7494  4679 1    
1211      9507  4680  4680  5903 4096 
1212      9507  9999  9999  6950 8191 
1213      9131  15141 15141 7717 4096 
1214      9131  11813 11813 8131 1    
1215      10100 8132  8132  8148 4096 
1216      10100 12244 12244 7771 8191 
1217      8647  15962 15962 7033 4096 
1218      8647  11129 11129 6007 1    
1219      8706  6008  6008  4794 4096 
1220      8706  8890  8890  3513 8191 
1221      6844  11704 11704 2289 4096 
1222      6844  6385  6385  1242 1    
1223      7233  1243  1243  475  4096 
1224      7233  4571  4571  61   8191 
1225      6262  8252  8252  44   4096 
1226      6262  4140  4140  421  1    
1227      7723  422   422   1159 4096 
1228      7723  5255  5255  2185 8191 
1229      7657  10376 10376 3398 4096 
1230      7657  7494  7494  4679 1    
1231      9508  4680  4680  5903 4096 
1232      9508  9999  9999  6950 8191 
1233      9129  15141 15141 7717 4096 
1234      9129  11813 11813 8131 1    
1235      10098 8132  8132  8148 4096 
1236      10098 12244 12244 7771 8191 
1237      8654  15962 15962 7033 4096 
1238      8654  11129 11129 6007 1    
1239      8708  6008  6008  4794 4096 
1240      8708  8890  8890  3513 8191 
1241      6844  11704 11704 2289 4096 
1242      6844  6385  6385  1242 1    
1243      7234  1243  1243  475  4096 
1244      7234  4571  4571  61   8191 
1245      6259  8252  8252  44   4096 
1246      6259  4140  4140  421  1    
1247      7720  422   422   1159 4096 
1248      7720  5255  5255  2185 8191 
1249      7656  10376 10376 3398 4096 
1250      7656  7494  7494  4679 1    
1251      9508  4680  4680  5903 4096 
1252      9508  9999  9999  6950 8191 
1253      9130  15141 15141 7717 4096 
1254      9130  11813 11813 8131 1    
1255      10098 8132  8132  8148 4096 
1256      10098 12244 12244 7771 8191 
1257      8649  15962 15962 7033 4096 
1258      8649  11129 11129 6007 1    
1259      8709  6008  6008  4794 4096 
1260      8709  8890  8890  3513 8191 
1261      6848  11704 11704 2289 4096 
1262      6848  6385  6385  1242 1    
1263      7234  1243  1243  475  4096 
1264      7234  4571  4571  61   8191 
1265      6259  8252  8252  44   4096 
1266      6259  4140  4140  421  1    
1267      7721  422   422   1159 4096 
1268      7721  5255  5255  2185 8191 
1269      7657  10376 10376 3398 4096 
1270      7657  7494  7494  4679 1    
1271      9511  4680  4680  5903 4096 
1272      9511  9999  9999  6950 8191 
1273      9131  15141 15141 7717 4096 
1274      9131  11813 11813 8131 1    
1275      10097 8132  8132  8148 4096 
1276      10097 12244 12244 7771 8191 
1277      8654  15962 15962 7033 4096 
1278      8654  11129 11129 6007 1    
1279      8709  6008  6008  4794 4096 
1280      8709  8890  8890  3513 8191 
1281      6845  11704 11704 2289 4096 
1282      6845  6385  6385  1242 1    
1283      7234  1243  1243  475  4096 
1284      7234  4571  4571  61   8191 
1285      6263  8252  8252  44   4096 
1286      6263  4140  4140  421  1    
1287      7722  422   422   1159 4096 
1288      7722  5255  5255  2185 8191 
1289      7658  10376 10376 3398 4096 
1290      7658  7494  7494  4679 1    
1291      9512  4680  4680  5903 4096 
1292      9512  9999  9999  6950 8191 
1293      9128  15141 15141 7717 4096 
1294      9128  11813 11813 8131 1    
1295      10100 8132  8132  8148 4096 
1296      10100 12244 12244 7771 8191 
1297      8649  15962 15962 7033 4096 
1298      8649  11129 11129 6007 1    
1299      8710  6008  6008  4794 4096 
1300      8710  8890  8890  3513 8191 
1301      6842  11704 11704 2289 4096 
1302      6842  6385  6385  1242 1    
1303      7233  1243  1243  475  4096 
1304      7233  4571  4571  61   8191 
1305      6258  8252  8252  44   4096 
1306      6258  4140  4140  421  1    
1307      7721  422   422   1159 4096 
1308      7721  5255  5255  2185 8191 
1309      7656  10376 10376 3398 4096 
1310      7656  7494  7494  4679 1    
1311      9507  4680  4680  5903 4096 
1312      9507  9999  9999  6950 8191 
1313      9130  15141 15141 7717 4096 
1314      9130  11813 11813 8131 1    
1315      10100 8132  8132  8148 4096 
1316      10100 12244 12244 7771 8191 
1317      8648  15962 15962 7033 4096 
1318      8648  11129 11129 6007 1    
1319      8712  6008  6008  4794 4096 
1320      8712  8890  8890  3513 8191 
1321      6845  11704 11704 2289 4096 
1322      6845  6385  6385  1242 1    
1323      7234  1243  1243  475  4096 
1324      7234  4571  4571  61   8191 
1325      6261  8252  8252  44   4096 
1326      6261  4140  4140  421  1    
1327      7722  422   422   1159 4096 
1328      7722  5255  5255  2185 8191 
1329      7656  10376 10376 3398 4096 
1330      7656  7494  7494  4679 1    
1331      9508  4680  4680  5903 4096 
1332      9508  9999  9999  6950 8191 
1333      9131  15141 15141 7717 4096 
1334      9131  11813 11813 8131 1    
1335      10100 8132  8132  8148 4096 
1336      10100 12244 12244 7771 8191 
1337      8648  15962 15962 7033 4096 
1338      8648  11129 11129 6007 1    
1339      8707  6008  6008  4794 4096 
1340      8707  8890  8890  3513 8191 
1341      6847  11704 11704 2289 4096 
1342      6847  6385  6385  1242 1    
1343      7233  1243  1243  475  4096 
1344      7233  4571  4571  61   8191 
1345      6266  8252  8252  44   4096 
1346      6266  4140  4140  421  1    
1347      7718  422   422   1159 4096 
1348      7718  5255  5255  2185 8191 
1349      7660  10376 10376 3398 4096 
1350      7660  7494  7494  4679 1    
1351      9510  4680  4680  5903 4096 
1352      9510  9999  9999  6950 8191 
1353      9131  15141 15141 7717 4096 
1354      9131  11813 11813 8131 1    
1355      10098 8132  8132  8148 4096 
1356      10098 12244 12244 7771 8191 
1357      8651  15962 15962 7033 4096 
1358      8651  11129 11129 6007 1    
1359      8709  6008  6008  4794 4096 
1360      8709  8890  8890  3513 8191 
1361      6842  11704 11704 2289 4096 
1362      6842  6385  6385  1242 1    
1363      7233  1243  1243  475  4096 
1364      7233  4571  4571  61   8191 
1365      6264  8252  8252  44   4096 
1366      6264  4140  4140  421  1    
1367      7721  422   422   1159 4096 
1368      7721  5255  5255  2185 8191 
1369      7658  10376 10376 3398 4096 
1370      7658  7494  7494  4679 1    
1371      9513  4680  4680  5903 4096 
1372      9513  9999  9999  6950 8191 
1373      9131  15141 15141 7717 4096 
1374      9131  11813 11813 8131 1    
1375      10098 8132  8132  8148 4096 
1376      10098 12244 12244 7771 8191 
1377      8651  15962 15962 7033 4096 
1378      8651  11129 11129 6007 1    
1379      8709  6008  6008  4794 4096 
1380      8709  8890  8890  3513 8191 
1381      6844  11704 11704 2289 4096 
1382      6844  6385  6385  1242 1    
1383      7230  1243  1243  475  4096 
1384      7230  4571  4571  61   8191 
1385      6260  8252  8252  44   4096 
1386      6260  4140  4140  421  1    
1387      7722  422   422   1159 4096 
1388      7722  5255  5255  2185 8191 
1389      7656  10376 10376 3398 4096 
1390      7656  7494  7494  4679 1    
1391      9511  4680  4680  5903 4096 
1392      9511  9999  9999  6950 8191 
1393      9130  15141 15141 7717 4096 
1394      9130  11813 11813 8131 1    
1395      10098 8132  8132  8148 4096 
1396      10098 12244 12244 7771 8191 
1397      8647  15962 15962 7033 4096 
1398      8647  11129 11129 6007 1    
1399      8707  6008  6008  4794 4096 
1400      8707  8890  8890  3513 8191 
1401      6843  11704 11704 2289 4096 
1402      6843  6385  6385  1242 1    
1403      7233  1243  1243  475  4096 
1404      7233  4571  4571  61   8191 
1405      6261  8252  8252  44   4096 
1406      6261  4140  4140  421  1    
1407      7721  422   422   1159 4096 
1408      7721  5255  5255  2185 8191 
1409      7655  10376 10376 3398 4096 
1410      7655  7494  7494  4679 1    
1411      9511  4680  4680  5903 4096 
1412      9511  9999  9999  6950 8191 
1413      9127  15141 15141 7717 4096 
1414      9127  11813 11813 8131 1    
1415      10102 8132  8132  8148 4096 
1416      10102 12244 12244 7771 8191 
1417      8647  15962 15962 7033 4096 
1418      8647  11129 11129 6007 1    
1419      8709  6008  6008  4794 4096 
1420      8709  8890  8890  3513 8191 
1421      6843  11704 11704 2289 4096 
1422      6843  6385  6385  1242 1    
1423      7235  1243  1243  475  4096 
1424      7235  4571  4571  61   8191 
1425      6260  8252  8252  44   4096 
1426      6260  4140  4140  421  1    
1427      7721  422   422   1159 4096 
1428      7721  5255  5255  2185 8191 
1429      7661  10376 10376 3398 4096 
1430      7661  7494  7494  4679 1    
1431      9509  4680  4680  5903 4096 
1432      9509  9999  9999  6950 8191 
1433      9131  15141 15141 7717 4096 
1434      9131  11813 11813 8131 1    
1435      10100 8132  8132  8148 4096 
1436      10100 12244 12244 7771 8191 
1437      8648  15962 15962 7033 4096 
1438      8648  11129 11129 6007 1    
1439      8708  6008  6008  4794 4096 
1440      8708  8890  8890  3513 8191 
1441      6850  11704 11704 2289 4096 
1442      6850  6385  6385  1242 1    
1443      7230  1243  1243  475  4096 
1444      7230  4571  4571  61   8191 
1445      6261  8252  8252  44   4096 
1446      6261  4140  4140  421  1    
1447      7720  422   422   1159 4096 
1448      7720  5255  5255  2185 8191 
1449      7656  10376 10376 3398 4096 
1450      7656  7494  7494  4679 1    
1451      9508  4680  4680  5903 4096 
1452      9508  9999  9999  6950 8191 
1453      9131  15141 15141 7717 4096 
1454      9131  11813 11813 8131 1    
1455      10098 8132  8132  8148 4096 
1456      10098 12244 12244 7771 8191 
1457      8654  15962 15962 7033 4096 
1458      8654  11129 11129 6007 1    
1459      8709  6008  6008  4794 4096 
1460      8709  8890  8890  3513 8191 
1461      6845  11704 11704 2289 4096 
1462      6845  6385  6385  1242 1    
1463      7230  1243  1243  475  4096 
1464      7230  4571  4571  61   8191 
1465      6264  8252  8252  44   4096 
1466      6264  4140  4140  421  1    
1467      7722  422   422   1159 4096 
1468      7722  5255  5255  2185 8191 
1469      7658  10376 10376 3398 4096 
1470      7658  7494  7494  4679 1    
1471      9509  4680  4680  5903 4096 
1472      9509  9999  9999  6950 8191 
1473      9129  15141 15141 7717 4096 
1474      9129  11813 11813 8131 1    
1475      10096 8132  8132  8148 4096 
1476      10096 12244 12244 7771 8191 
1477      8648  15962 15962 7033 4096 
1478      8648  11129 11129 6007 1    
1479      8710  6008  6008  4794 4096 
1480      8710  8890  8890  3513 8191 
1481      6847  11704 11704 2289 4096 
1482      6847  6385  6385  1242 1    
1483      7233  1243  1243  475  4096 
1484      7233  4571  4571  61   8191 
1485      6263  8252  8252  44   4096 
1486      6263  4140  4140  421  1    
1487      7722  422   422   1159 4096 
1488      7722  5255  5255  2185 8191 
1489      7657  10376 10376 3398 4096 
1490      7657  7494  7494  4679 1    
1491      9508  4680  4680  5903 4096 
1492      9508  9999  9999  6950 8191 
1493      9129  15141 15141 7717 4096 
1494      9129  11813 11813 8131 1    
1495      10100 8132  8132  8148 4096 
1496      10100 12244 12244 7771 8191 
1497      8650  15962 15962 7033 4096 
1498      8650  11129 11129 6007 1    
1499      8707  6008  6008  4794 4096 
1500      8707  8890  8890  3513 8191 
1501      6848  11704 11704 2289 4096 
1502      6848  6385  6385  1242 1    
1503      7230  1243  1243  475  4096 
1504      7230  4571  4571  61   8191 
1505      6260  8252  8252  44   4096 
1506      6260  4140  4140  421  1    
1507      7720  422   422   1159 4096 
1508      7720  5255  5255  2185 8191 
1509      7658  10376 10376 3398 4096 
1510      7658  7494  7494  4679 1    
1511      9509  4680  4680  5903 4096 
1512      9509  9999  9999  6950 8191 
1513      9132  15141 15141 7717 4096 
1514      9132  11813 11813 8131 1    
1515      10099 8132  8132  8148 4096 
1516      10099 12244 12244 7771 8191 
1517      8651  15962 15962 7033 4096 
1518      8651  11129 11129 6007 1    
1519      8708  6008  6008  4794 4096 
1520      8708  8890  8890  3513 8191 
1521      6845  11704 11704 2289 4096 
1522      6845  6385  6385  1242 1    
1523      7230  1243  1243  475  4096 
1524      7230  4571  4571  61   8191 
1525      6263  8252  8252  44   4096 
1526      6263  4140  4140  421  1    
1527      7720  422   422   1159 4096 
1528      7720  5255  5255  2185 8191 
1529      7658  10376 10376 3398 4096 
1530      7658  7494  7494  4679 1    
1531      9507  4680  4680  5903 4096 
1532      9507  9999  9999  6950 8191 
1533      9131  15141 15141 7717 4096 
1534      9131  11813 11813 8131 1    
1535      10100 8132  8132  8148 4096 
1536      10100 12244 12244 7771 8191 
1537      8648  15962 15962 7033 4096 
1538      8648  11129 11129 6007 1    
1539      8706  6008  6008  4794 4096 
1540      8706  8890  8890  3513 8191 
1541      6847  11704 11704 2289 4096 
1542      6847  6385  6385  1242 1    
1543      7233  1243  1243  475  4096 
1544      7233  4571  4571  61   8191 
1545      6266  8252  8252  44   4096 
1546      6266  4140  4140  421  1    
1547      7719  422   422   1159 4096 
1548      7719  5255  5255  2185 8191 
1549      7658  10376 10376 3398 4096 
1550      7658  7494  7494  4679 1    
1551      9509  4680  4680  5903 4096 
1552      9509  9999  9999  6950 8191 
1553      9131  15141 15141 7717 4096 
1554      9131  11813 11813 8131 1    
1555      10095 8132  8132  8148 4096 
1556      10095 12244 12244 7771 8191 
1557      8648  15962 15962 7033 4096 
1558      8648  11129 11129 6007 1    
1559      8708  6008  6008  4794 4096 
1560      8708  8890  8890  3513 8191 
1561      6846  11704 11704 2289 4096 
1562      6846  6385  6385  1242 1    
1563      7234  1243  1243  475  4096 
1564      7234  4571  4571  61   8191 
1565      6262  8252  8252  44   4096 
1566      6262  4140  4140  421  1    
1567      7719  422   422   1159 4096 
1568      7719  5255  5255  2185 8191 
1569      7656  10376 10376 3398 4096 
1570      7656  7494  7494  4679 1    
1571      9510  4680  4680  5903 4096 
1572      9510  9999  9999  6950 8191 
1573      9130  15141 15141 7717 4096 
1574      9130  11813 11813 8131 1    
1575      10099 8132  8132  8148 4096 
1576      10099 12244 12244 7771 8191 
1577      8651  15962 15962 7033 4096 
1578      8651  11129 11129 6007 1    
1579      8708  6008  6008  4794 4096 
1580      8708  8890  8890  3513 8191 
1581      6845  11704 11704 2289 4096 
1582      6845  6385  6385  1242 1    
1583      7232  1243  1243  475  4096 
1584      7232  4571  4571  61   8191 
1585      6265  8252  8252  44   4096 
1586      6265  4140  4140  421  1    
1587      7720  422   422   1159 4096 
1588      7720  5255  5255  2185 8191 
1589      7658  10376 10376 3398 4096 
1590      7658  7494  7494  4679 1    
1591      9510  4680  4680  5903 4096 
1592      9510  9999  9999  6950 8191 
1593      9131  15141 15141 7717 4096 
1594      9131  11813 11813 8131 1    
1595      10099 8132  8132  8148 4096 
1596      10099 12244 12244 7771 8191 
1597      8649  15962 15962 7033 4096 
1598      8649  11129 11129 6007 1    
1599      8709  6008  6008  4794 4096 
1600      8709  8890  8890  3513 8191 
1601      6846  11704 11704 2289 4096 
1602      6846  6385  6385  1242 1    
1603      7233  1243  1243  475  4096 
1604      7233  4571  4571  61   8191 
1605      6262  8252  8252  44   4096 
1606      6262  4140  4140  421  1    
1607      7722  422   422   1159 4096 
1608      7722  5255  5255  2185 8191 
1609      7655  10376 10376 3398 4096 
1610      7655  7494  7494  4679 1    
1611      9507  4680  4680  5903 4096 
1612      9507  9999  9999  6950 8191 
1613      9129  15141 15141 7717 4096 
1614      9129  11813 11813 8131 1    
1615      10097 8132  8132  8148 4096 
1616      10097 12244 12244 7771 8191 
1617      8648  15962 15962 7033 4096 
1618      8648  11129 11129 6007 1    
1619      8706  6008  6008  4794 4096 
1620      8706  8890  8890  3513 8191 
1621      6845  11704 11704 2289 4096 
1622      6845  6385  6385  1242 1    
1623      7233  1243  1243  475  4096 
1624      7233  4571  4571  61   8191 
1625      6263  8252  8252  44   4096 
1626      6263  4140  4140  421  1    
1627      7721  422   422   1159 4096 
1628      7721  5255  5255  2185 8191 
1629      7657  10376 10376 3398 4096 
1630      7657  7494  7494  4679 1    
1631      9508  4680  4680  5903 4096 
1632      9508  9999  9999  6950 8191 
1633      9131  15141 15141 7717 4096 
1634      9131  11813 11813 8131 1    
1635      10101 8132  8132  8148 4096 
1636      10101 12244 12244 7771 8191 
1637      8648  15962 15962 7033 4096 
1638      8648  11129 11129 6007 1    
1639      8709  6008  6008  4794 4096 
1640      8709  8890  8890  3513 8191 
1641      6845  11704 11704 2289 4096 
1642      6845  6385  6385  1242 1    
1643      7232  1243  1243  475  4096 
1644      7232  4571  4571  61   8191 
1645      6264  8252  8252  44   4096 
1646      6264  4140  4140  421  1    
1647      7720  422   422   1159 4096 
1648      7720  5255  5255  2185 8191 
1649      7657  10376 10376 3398 4096 
1650      7657  7494  7494  4679 1    
1651      9510  4680  4680  5903 4096 
1652      9510  9999  9999  6950 8191 
1653      9131  15141 15141 7717 4096 
1654      9131  11813 11813 8131 1    
1655      10098 8132  8132  8148 4096 
1656      10098 12244 12244 7771 8191 
1657      8647  15962 15962 7033 4096 
1658      8647  11129 11129 6007 1    
1659      8708  6008  6008  4794 4096 
1660      8708  8890  8890  3513 8191 
1661      6843  11704 11704 2289 4096 
1662      6843  6385  6385  1242 1    
1663      7231  1243  1243  475  4096 
1664      7231  4571  4571  61   8191 
1665      6261  8252  8252  44   4096 
1666      6261  4140  4140  421  1    
1667      7720  422   422   1159 4096 
1668      7720  5255  5255  2185 8191 
1669      7660  10376 10376 3398 4096 
1670      7660  7494  7494  4679 1    
1671      9508  4680  4680  5903 4096 
1672      9508  9999  9999  6950 8191 
1673      9130  15141 15141 7717 4096 
1674      9130  11813 11813 8131 1    
1675      10097 8132  8132  8148 4096 
1676      10097 12244 12244 7771 8191 
1677      8651  15962 15962 7033 4096 
1678      8651  11129 11129 6007 1    
1679      8708  6008  6008  4794 4096 
1680      8708  8890  8890  3513 8191 
1681      6845  11704 11704 2289 4096 
1682      6845  6385  6385  1242 1    
1683      7231  1243  1243  475  4096 
1684      7231  4571  4571  61   8191 
1685      6261  8252  8252  44   4096 
1686      6261  4140  4140  421  1    
1687      7721  422   422   1159 4096 
1688      7721  5255  5255  2185 8191 
1689      7657  10376 10376 3398 4096 
1690      7657  7494  7494  4679 1    
1691      9509  4680  4680  5903 4096 
1692      9509  9999  9999  6950 8191 
1693      9130  15141 15141 7717 4096 
1694      9130  11813 11813 8131 1    
1695      10098 8132  8132  8148 4096 
1696      10098 12244 12244 7771 8191 
1697      8649  15962 15962 7033 4096 
1698      8649  11129 11129 6007 1    
1699      8710  6008  6008  4794 4096 
1700      8710  8890  8890  3513 8191 
1701      6843  11704 11704 2289 4096 
1702      6843  6385  6385  1242 1    
1703      7231  1243  1243  475  4096 
1704      7231  4571  4571  61   8191 
1705      6259  8252  8252  44   4096 
1706      6259  4140  4140  421  1    
1707      7723  422   422   1159 4096 
1708      7723  5255  5255  2185 8191 
1709      7657  10376 10376 3398 4096 
1710      7657  7494  7494  4679 1    
1711      9510  4680  4680  5903 4096 
1712      9510  9999  9999  6950 8191 
1713      9128  15141 15141 7717 4096 
1714      9128  11813 11813 8131 1    
1715      10099 8132  8132  8148 4096 
1716      10099 12244 12244 7771 8191 
1717      8649  15962 15962 7033 4096 
1718      8649  11129 11129 6007 1    
1719      8708  6008  6008  4794 4096 
1720      8708  8890  8890  3513 8191 
1721      6849  11704 11704 2289 4096 
1722      6849  6385  6385  1242 1    
1723      7230  1243  1243  475  4096 
1724      7230  4571  4571  61   8191 
1725      6263  8252  8252  44   4096 
1726      6263  4140  4140  421  1    
1727      7720  422   422   1159 4096 
1728      7720  5255  5255  2185 8191 
1729      7656  10376 10376 3398 4096 
1730      7656  7494  7494  4679 1    
1731      9512  4680  4680  5903 4096 
1732      9512  9999  9999  6950 8191 
1733      9132  15141 15141 7717 4096 
1734      9132  11813 11813 8131 1    
1735      10097 8132  8132  8148 4096 
1736      10097 12244 12244 7771 8191 
1737      8653  15962 15962 7033 4096 
1738      8653  11129 11129 6007 1    
1739      8710  6008  6008  4794 4096 
1740      8710  8890  8890  3513 8191 
1741      6845  11704 11704 2289 4096 
1742      6845  6385  6385  1242 1    
1743      7234  1243  1243  475  4096 
1744      7234  4571  4571  61   8191 
1745      6263  8252  8252  44   4096 
1746      6263  4140  4140  421  1    
1747      7720  422   422   1159 4096 
1748      7720  5255  5255  2185 8191 
1749      7658  10376 10376 3398 4096 
1750      7658  7494  7494  4679 1    
1751      9511  4680  4680  5903 4096 
1752      9511  9999  9999  6950 8191 
1753      9128  15141 15141 7717 4096 
1754      9128  11813 11813 8131 1    
1755      10097 8132  8132  8148 4096 
1756      10097 12244 12244 7771 8191 
1757      8652  15962 15962 7033 4096 
1758      8652  11129 11129 6007 1    
1759      8712  6008  6008  4794 4096 
1760      8712  8890  8890  3513 8191 
1761      6842  11704 11704 2289 4096 
1762      6842  6385  6385  1242 1    
1763      7232  1243  1243  475  4096 
1764      7232  4571  4571  61   8191 
1765      6264  8252  8252  44   4096 
1766      6264  4140  4140  421  1    
1767      7717  422   422   1159 4096 
1768      7717  5255  5255  2185 8191 
1769      7654  10376 10376 3398 4096 
1770      7654  7494  7494  4679 1    
1771      9513  4680  4680  5903 4096 
1772      9513  9999  9999  6950 8191 
1773      9131  15141 15141 7717 4096 
1774      9131  11813 11813 8131 1    
1775      10096 8132  8132  8148 4096 
1776      10096 12244 12244 7771 8191 
1777      8653  15962 15962 7033 4096 
1778      8653  11129 11129 6007 1    
1779      8708  6008  6008  4794 4096 
1780      8708  8890  8890  3513 8191 
1781      6845  11704 11704 2289 4096 
1782      6845  6385  6385  1242 1    
1783      7232  1243  1243  475  4096 
1784      7232  4571  4571  61   8191 
1785      6262  8252  8252  44   4096 
1786      6262  4140  4140  421  1    
1787      7717  422   422   1159 4096 
1788      7717  5255  5255  2185 8191 
1789      7657  10376 10376 3398 4096 
1790      7657  7494  7494  4679 1    
1791      9510  4680  4680  5903 4096 
