Signal Legend:

Key        Signal Name

0        = ADC_DB
1        = DAC_DA
2        = DAC_DB
3        = C5S_ADDA:C5S_ADDA_ins|lpm_add:lpm|dataa
4        = C5S_ADDA:C5S_ADDA_ins|lpm_add:lpm|datab

Data Table:

Signals-> 0    1     2     3    4    

sample

-256      6453 4141  8244  49   4096 
-255      7460 428   4145  442  1    
-254      7460 5263  443   1192 4096 
-253      7807 10387 5288  2226 8191 
-252      7807 7505  10417 3443 4096 
-251      9261 4692  7539  4724 1    
-250      9261 10010 4725  5943 4096 
-249      9342 15150 10039 6983 8191 
-248      9342 11819 15174 7738 4096 
-247      9952 8134  11834 8139 1    
-246      9952 12243 8140  8143 4096 
-245      8937 15956 12239 7750 8191 
-244      8937 11121 15941 7000 4096 
-243      8604 5997  11096 5966 1    
-242      8604 8879  5967  4749 4096 
-241      7143 11692 8845  3468 8191 
-240      7143 6374  11659 2249 4096 
-239      7060 1234  6345  1209 1    
-238      7060 4565  1210  454  4096 
-237      6452 8250  4550  53   8191 
-236      6452 4141  8244  49   4096 
-235      7462 428   4145  442  1    
-234      7462 5263  443   1192 4096 
-233      7804 10387 5288  2226 8191 
-232      7804 7505  10417 3443 4096 
-231      9264 4692  7539  4724 1    
-230      9264 10010 4725  5943 4096 
-229      9344 15150 10039 6983 8191 
-228      9344 11819 15174 7738 4096 
-227      9952 8134  11834 8139 1    
-226      9952 12243 8140  8143 4096 
-225      8938 15956 12239 7750 8191 
-224      8938 11121 15941 7000 4096 
-223      8606 5997  11096 5966 1    
-222      8606 8879  5967  4749 4096 
-221      7146 11692 8845  3468 8191 
-220      7146 6374  11659 2249 4096 
-219      7060 1234  6345  1209 1    
-218      7060 4565  1210  454  4096 
-217      6455 8250  4550  53   8191 
-216      6455 4141  8244  49   4096 
-215      7455 428   4145  442  1    
-214      7455 5263  443   1192 4096 
-213      7808 10387 5288  2226 8191 
-212      7808 7505  10417 3443 4096 
-211      9264 4692  7539  4724 1    
-210      9264 10010 4725  5943 4096 
-209      9342 15150 10039 6983 8191 
-208      9342 11819 15174 7738 4096 
-207      9950 8134  11834 8139 1    
-206      9950 12243 8140  8143 4096 
-205      8936 15956 12239 7750 8191 
-204      8936 11121 15941 7000 4096 
-203      8603 5997  11096 5966 1    
-202      8603 8879  5967  4749 4096 
-201      7146 11692 8845  3468 8191 
-200      7146 6374  11659 2249 4096 
-199      7061 1234  6345  1209 1    
-198      7061 4565  1210  454  4096 
-197      6459 8250  4550  53   8191 
-196      6459 4141  8244  49   4096 
-195      7457 428   4145  442  1    
-194      7457 5263  443   1192 4096 
-193      7806 10387 5288  2226 8191 
-192      7806 7505  10417 3443 4096 
-191      9263 4692  7539  4724 1    
-190      9263 10010 4725  5943 4096 
-189      9343 15150 10039 6983 8191 
-188      9343 11819 15174 7738 4096 
-187      9948 8134  11834 8139 1    
-186      9948 12243 8140  8143 4096 
-185      8937 15956 12239 7750 8191 
-184      8937 11121 15941 7000 4096 
-183      8603 5997  11096 5966 1    
-182      8603 8879  5967  4749 4096 
-181      7148 11692 8845  3468 8191 
-180      7148 6374  11659 2249 4096 
-179      7062 1234  6345  1209 1    
-178      7062 4565  1210  454  4096 
-177      6454 8250  4550  53   8191 
-176      6454 4141  8244  49   4096 
-175      7457 428   4145  442  1    
-174      7457 5263  443   1192 4096 
-173      7804 10387 5288  2226 8191 
-172      7804 7505  10417 3443 4096 
-171      9260 4692  7539  4724 1    
-170      9260 10010 4725  5943 4096 
-169      9342 15150 10039 6983 8191 
-168      9342 11819 15174 7738 4096 
-167      9951 8134  11834 8139 1    
-166      9951 12243 8140  8143 4096 
-165      8939 15956 12239 7750 8191 
-164      8939 11121 15941 7000 4096 
-163      8602 5997  11096 5966 1    
-162      8602 8879  5967  4749 4096 
-161      7147 11692 8845  3468 8191 
-160      7147 6374  11659 2249 4096 
-159      7060 1234  6345  1209 1    
-158      7060 4565  1210  454  4096 
-157      6456 8250  4550  53   8191 
-156      6456 4141  8244  49   4096 
-155      7458 428   4145  442  1    
-154      7458 5263  443   1192 4096 
-153      7805 10387 5288  2226 8191 
-152      7805 7505  10417 3443 4096 
-151      9260 4692  7539  4724 1    
-150      9260 10010 4725  5943 4096 
-149      9342 15150 10039 6983 8191 
-148      9342 11819 15174 7738 4096 
-147      9953 8134  11834 8139 1    
-146      9953 12243 8140  8143 4096 
-145      8936 15956 12239 7750 8191 
-144      8936 11121 15941 7000 4096 
-143      8602 5997  11096 5966 1    
-142      8602 8879  5967  4749 4096 
-141      7146 11692 8845  3468 8191 
-140      7146 6374  11659 2249 4096 
-139      7058 1234  6345  1209 1    
-138      7058 4565  1210  454  4096 
-137      6460 8250  4550  53   8191 
-136      6460 4141  8244  49   4096 
-135      7458 428   4145  442  1    
-134      7458 5263  443   1192 4096 
-133      7806 10387 5288  2226 8191 
-132      7806 7505  10417 3443 4096 
-131      9259 4692  7539  4724 1    
-130      9259 10010 4725  5943 4096 
-129      9343 15150 10039 6983 8191 
-128      9343 11819 15174 7738 4096 
-127      9949 8134  11834 8139 1    
-126      9949 12243 8140  8143 4096 
-125      8938 15951 12239 7750 8191 
-124      8938 15941 15941 7000 4096 
-123      8602 11096 11096 5966 1    
-122      8602 5967  5967  4749 4096 
-121      7148 8845  8845  3468 8191 
-120      7148 11659 11659 2249 4096 
-119      7061 6345  6345  1209 1    
-118      7061 1210  1210  454  4096 
-117      6455 4550  4550  53   8191 
-116      6455 8244  8244  49   4096 
-115      7457 4145  4145  442  1    
-114      7457 443   443   1192 4096 
-113      7805 5288  5288  2226 8191 
-112      7805 10417 10417 3443 4096 
-111      9261 7539  7539  4724 1    
-110      9261 4725  4725  5943 4096 
-109      9341 10039 10039 6983 8191 
-108      9341 15174 15174 7738 4096 
-107      9951 11834 11834 8139 1    
-106      9951 8140  8140  8143 4096 
-105      8937 12239 12239 7750 8191 
-104      8937 15941 15941 7000 4096 
-103      8600 11096 11096 5966 1    
-102      8600 5967  5967  4749 4096 
-101      7144 8845  8845  3468 8191 
-100      7144 11659 11659 2249 4096 
-99       7059 6345  6345  1209 1    
-98       7059 1210  1210  454  4096 
-97       6455 4550  4550  53   8191 
-96       6455 8244  8244  49   4096 
-95       7455 4145  4145  442  1    
-94       7455 443   443   1192 4096 
-93       7805 5288  5288  2226 8191 
-92       7805 10417 10417 3443 4096 
-91       9260 7539  7539  4724 1    
-90       9260 4725  4725  5943 4096 
-89       9341 10039 10039 6983 8191 
-88       9341 15174 15174 7738 4096 
-87       9950 11834 11834 8139 1    
-86       9950 8140  8140  8143 4096 
-85       8936 12239 12239 7750 8191 
-84       8936 15941 15941 7000 4096 
-83       8601 11096 11096 5966 1    
-82       8601 5967  5967  4749 4096 
-81       7147 8845  8845  3468 8191 
-80       7147 11659 11659 2249 4096 
-79       7060 6345  6345  1209 1    
-78       7060 1210  1210  454  4096 
-77       6454 4550  4550  53   8191 
-76       6454 8244  8244  49   4096 
-75       7458 4145  4145  442  1    
-74       7458 443   443   1192 4096 
-73       7806 5288  5288  2226 8191 
-72       7806 10417 10417 3443 4096 
-71       9262 7539  7539  4724 1    
-70       9262 4725  4725  5943 4096 
-69       9341 10039 10039 6983 8191 
-68       9341 15174 15174 7738 4096 
-67       9951 11834 11834 8139 1    
-66       9951 8140  8140  8143 4096 
-65       8937 12239 12239 7750 8191 
-64       8937 15941 15941 7000 4096 
-63       8601 11096 11096 5966 1    
-62       8601 5967  5967  4749 4096 
-61       7147 8845  8845  3468 8191 
-60       7147 11659 11659 2249 4096 
-59       7060 6345  6345  1209 1    
-58       7060 1210  1210  454  4096 
-57       6454 4550  4550  53   8191 
-56       6454 8244  8244  49   4096 
-55       7459 4145  4145  442  1    
-54       7459 443   443   1192 4096 
-53       7806 5288  5288  2226 8191 
-52       7806 10417 10417 3443 4096 
-51       9259 7539  7539  4724 1    
-50       9259 4725  4725  5943 4096 
-49       9343 10039 10039 6983 8191 
-48       9343 15174 15174 7738 4096 
-47       9953 11834 11834 8139 1    
-46       9953 8140  8140  8143 4096 
-45       8938 12239 12239 7750 8191 
-44       8938 15941 15941 7000 4096 
-43       8603 11096 11096 5966 1    
-42       8603 5967  5967  4749 4096 
-41       7146 8845  8845  3468 8191 
-40       7146 11659 11659 2249 4096 
-39       7057 6345  6345  1209 1    
-38       7057 1210  1210  454  4096 
-37       6454 4550  4550  53   8191 
-36       6454 8244  8244  49   4096 
-35       7456 4145  4145  442  1    
-34       7456 443   443   1192 4096 
-33       7807 5288  5288  2226 8191 
-32       7807 10417 10417 3443 4096 
-31       9261 7539  7539  4724 1    
-30       9261 4725  4725  5943 4096 
-29       9343 10039 10039 6983 8191 
-28       9343 15174 15174 7738 4096 
-27       9949 11834 11834 8139 1    
-26       9949 8140  8140  8143 4096 
-25       8937 12239 12239 7750 8191 
-24       8937 15941 15941 7000 4096 
-23       8601 11096 11096 5966 1    
-22       8601 5967  5967  4749 4096 
-21       7145 8845  8845  3468 8191 
-20       7145 11659 11659 2249 4096 
-19       7059 6345  6345  1209 1    
-18       7059 1210  1210  454  4096 
-17       6455 4550  4550  53   8191 
-16       6455 8244  8244  49   4096 
-15       7458 4145  4145  442  1    
-14       7458 443   443   1192 4096 
-13       7805 5288  5288  2226 8191 
-12       7805 10417 10417 3443 4096 
-11       9264 7539  7539  4724 1    
-10       9264 4725  4725  5943 4096 
-9        9342 10039 10039 6983 8191 
-8        9342 15174 15174 7738 4096 
-7        9947 11834 11834 8139 1    
-6        9947 8140  8140  8143 4096 
-5        8937 12239 12239 7750 8191 
-4        8937 15941 15941 7000 4096 
-3        8602 11096 11096 5966 1    
-2        8602 5967  5967  4749 4096 
-1        7141 8845  8845  3468 8191 
0         7141 11659 11659 2249 4096 
1         7059 6345  6345  1209 1    
2         7059 1210  1210  454  4096 
3         6454 4550  4550  53   8191 
4         6454 8244  8244  49   4096 
5         7456 4145  4145  442  1    
6         7456 443   443   1192 4096 
7         7806 5288  5288  2226 8191 
8         7806 10417 10417 3443 4096 
9         9263 7539  7539  4724 1    
10        9263 4725  4725  5943 4096 
11        9339 10039 10039 6983 8191 
12        9339 15174 15174 7738 4096 
13        9949 11834 11834 8139 1    
14        9949 8140  8140  8143 4096 
15        8937 12239 12239 7750 8191 
16        8937 15941 15941 7000 4096 
17        8599 11096 11096 5966 1    
18        8599 5967  5967  4749 4096 
19        7145 8845  8845  3468 8191 
20        7145 11659 11659 2249 4096 
21        7060 6345  6345  1209 1    
22        7060 1210  1210  454  4096 
23        6452 4550  4550  53   8191 
24        6452 8244  8244  49   4096 
25        7457 4145  4145  442  1    
26        7457 443   443   1192 4096 
27        7805 5288  5288  2226 8191 
28        7805 10417 10417 3443 4096 
29        9259 7539  7539  4724 1    
30        9259 4725  4725  5943 4096 
31        9341 10039 10039 6983 8191 
32        9341 15174 15174 7738 4096 
33        9949 11834 11834 8139 1    
34        9949 8140  8140  8143 4096 
35        8938 12239 12239 7750 8191 
36        8938 15941 15941 7000 4096 
37        8601 11096 11096 5966 1    
38        8601 5967  5967  4749 4096 
39        7147 8845  8845  3468 8191 
40        7147 11659 11659 2249 4096 
41        7060 6345  6345  1209 1    
42        7060 1210  1210  454  4096 
43        6456 4550  4550  53   8191 
44        6456 8244  8244  49   4096 
45        7455 4145  4145  442  1    
46        7455 443   443   1192 4096 
47        7805 5288  5288  2226 8191 
48        7805 10417 10417 3443 4096 
49        9258 7539  7539  4724 1    
50        9258 4725  4725  5943 4096 
51        9345 10039 10039 6983 8191 
52        9345 15174 15174 7738 4096 
53        9950 11834 11834 8139 1    
54        9950 8140  8140  8143 4096 
55        8939 12239 12239 7750 8191 
56        8939 15941 15941 7000 4096 
57        8599 11096 11096 5966 1    
58        8599 5967  5967  4749 4096 
59        7147 8845  8845  3468 8191 
60        7147 11659 11659 2249 4096 
61        7056 6345  6345  1209 1    
62        7056 1210  1210  454  4096 
63        6452 4550  4550  53   8191 
64        6452 8244  8244  49   4096 
65        7455 4145  4145  442  1    
66        7455 443   443   1192 4096 
67        7806 5288  5288  2226 8191 
68        7806 10417 10417 3443 4096 
69        9260 7539  7539  4724 1    
70        9260 4725  4725  5943 4096 
71        9343 10039 10039 6983 8191 
72        9343 15174 15174 7738 4096 
73        9948 11834 11834 8139 1    
74        9948 8140  8140  8143 4096 
75        8937 12239 12239 7750 8191 
76        8937 15941 15941 7000 4096 
77        8599 11096 11096 5966 1    
78        8599 5967  5967  4749 4096 
79        7148 8845  8845  3468 8191 
80        7148 11659 11659 2249 4096 
81        7057 6345  6345  1209 1    
82        7057 1210  1210  454  4096 
83        6453 4550  4550  53   8191 
84        6453 8244  8244  49   4096 
85        7454 4145  4145  442  1    
86        7454 443   443   1192 4096 
87        7806 5288  5288  2226 8191 
88        7806 10417 10417 3443 4096 
89        9258 7539  7539  4724 1    
90        9258 4725  4725  5943 4096 
91        9343 10039 10039 6983 8191 
92        9343 15174 15174 7738 4096 
93        9949 11834 11834 8139 1    
94        9949 8140  8140  8143 4096 
95        8938 12239 12239 7750 8191 
96        8938 15941 15941 7000 4096 
97        8600 11096 11096 5966 1    
98        8600 5967  5967  4749 4096 
99        7145 8845  8845  3468 8191 
100       7145 11659 11659 2249 4096 
101       7058 6345  6345  1209 1    
102       7058 1210  1210  454  4096 
103       6454 4550  4550  53   8191 
104       6454 8244  8244  49   4096 
105       7453 4145  4145  442  1    
106       7453 443   443   1192 4096 
107       7804 5288  5288  2226 8191 
108       7804 10417 10417 3443 4096 
109       9264 7539  7539  4724 1    
110       9264 4725  4725  5943 4096 
111       9342 10039 10039 6983 8191 
112       9342 15174 15174 7738 4096 
113       9952 11834 11834 8139 1    
114       9952 8140  8140  8143 4096 
115       8937 12239 12239 7750 8191 
116       8937 15941 15941 7000 4096 
117       8600 11096 11096 5966 1    
118       8600 5967  5967  4749 4096 
119       7148 8845  8845  3468 8191 
120       7148 11659 11659 2249 4096 
121       7059 6345  6345  1209 1    
122       7059 1210  1210  454  4096 
123       6453 4550  4550  53   8191 
124       6453 8244  8244  49   4096 
125       7454 4145  4145  442  1    
126       7454 443   443   1192 4096 
127       7804 5288  5288  2226 8191 
128       7804 10417 10417 3443 4096 
129       9260 7539  7539  4724 1    
130       9260 4725  4725  5943 4096 
131       9340 10039 10039 6983 8191 
132       9340 15174 15174 7738 4096 
133       9951 11834 11834 8139 1    
134       9951 8140  8140  8143 4096 
135       8938 12239 12239 7750 8191 
136       8938 15941 15941 7000 4096 
137       8601 11096 11096 5966 1    
138       8601 5967  5967  4749 4096 
139       7141 8845  8845  3468 8191 
140       7141 11659 11659 2249 4096 
141       7059 6345  6345  1209 1    
142       7059 1210  1210  454  4096 
143       6454 4550  4550  53   8191 
144       6454 8244  8244  49   4096 
145       7456 4145  4145  442  1    
146       7456 443   443   1192 4096 
147       7804 5288  5288  2226 8191 
148       7804 10417 10417 3443 4096 
149       9257 7539  7539  4724 1    
150       9257 4725  4725  5943 4096 
151       9343 10039 10039 6983 8191 
152       9343 15174 15174 7738 4096 
153       9948 11834 11834 8139 1    
154       9948 8140  8140  8143 4096 
155       8938 12239 12239 7750 8191 
156       8938 15941 15941 7000 4096 
157       8600 11096 11096 5966 1    
158       8600 5967  5967  4749 4096 
159       7146 8845  8845  3468 8191 
160       7146 11659 11659 2249 4096 
161       7061 6345  6345  1209 1    
162       7061 1210  1210  454  4096 
163       6456 4550  4550  53   8191 
164       6456 8244  8244  49   4096 
165       7456 4145  4145  442  1    
166       7456 443   443   1192 4096 
167       7806 5288  5288  2226 8191 
168       7806 10417 10417 3443 4096 
169       9261 7539  7539  4724 1    
170       9261 4725  4725  5943 4096 
171       9342 10039 10039 6983 8191 
172       9342 15174 15174 7738 4096 
173       9950 11834 11834 8139 1    
174       9950 8140  8140  8143 4096 
175       8937 12239 12239 7750 8191 
176       8937 15941 15941 7000 4096 
177       8602 11096 11096 5966 1    
178       8602 5967  5967  4749 4096 
179       7147 8845  8845  3468 8191 
180       7147 11659 11659 2249 4096 
181       7059 6345  6345  1209 1    
182       7059 1210  1210  454  4096 
183       6457 4550  4550  53   8191 
184       6457 8244  8244  49   4096 
185       7456 4145  4145  442  1    
186       7456 443   443   1192 4096 
187       7805 5288  5288  2226 8191 
188       7805 10417 10417 3443 4096 
189       9260 7539  7539  4724 1    
190       9260 4725  4725  5943 4096 
191       9342 10039 10039 6983 8191 
192       9342 15174 15174 7738 4096 
193       9947 11834 11834 8139 1    
194       9947 8140  8140  8143 4096 
195       8938 12239 12239 7750 8191 
196       8938 15941 15941 7000 4096 
197       8600 11096 11096 5966 1    
198       8600 5967  5967  4749 4096 
199       7148 8845  8845  3468 8191 
200       7148 11659 11659 2249 4096 
201       7059 6345  6345  1209 1    
202       7059 1210  1210  454  4096 
203       6453 4550  4550  53   8191 
204       6453 8244  8244  49   4096 
205       7455 4145  4145  442  1    
206       7455 443   443   1192 4096 
207       7805 5288  5288  2226 8191 
208       7805 10417 10417 3443 4096 
209       9258 7539  7539  4724 1    
210       9258 4725  4725  5943 4096 
211       9342 10039 10039 6983 8191 
212       9342 15174 15174 7738 4096 
213       9952 11834 11834 8139 1    
214       9952 8140  8140  8143 4096 
215       8939 12239 12239 7750 8191 
216       8939 15941 15941 7000 4096 
217       8602 11096 11096 5966 1    
218       8602 5967  5967  4749 4096 
219       7147 8845  8845  3468 8191 
220       7147 11659 11659 2249 4096 
221       7060 6345  6345  1209 1    
222       7060 1210  1210  454  4096 
223       6455 4550  4550  53   8191 
224       6455 8244  8244  49   4096 
225       7456 4145  4145  442  1    
226       7456 443   443   1192 4096 
227       7804 5288  5288  2226 8191 
228       7804 10417 10417 3443 4096 
229       9262 7539  7539  4724 1    
230       9262 4725  4725  5943 4096 
231       9341 10039 10039 6983 8191 
232       9341 15174 15174 7738 4096 
233       9950 11834 11834 8139 1    
234       9950 8140  8140  8143 4096 
235       8935 12239 12239 7750 8191 
236       8935 15941 15941 7000 4096 
237       8602 11096 11096 5966 1    
238       8602 5967  5967  4749 4096 
239       7146 8845  8845  3468 8191 
240       7146 11659 11659 2249 4096 
241       7062 6345  6345  1209 1    
242       7062 1210  1210  454  4096 
243       6453 4550  4550  53   8191 
244       6453 8244  8244  49   4096 
245       7459 4145  4145  442  1    
246       7459 443   443   1192 4096 
247       7805 5288  5288  2226 8191 
248       7805 10417 10417 3443 4096 
249       9260 7539  7539  4724 1    
250       9260 4725  4725  5943 4096 
251       9340 10039 10039 6983 8191 
252       9340 15174 15174 7738 4096 
253       9950 11834 11834 8139 1    
254       9950 8140  8140  8143 4096 
255       8935 12239 12239 7750 8191 
256       8935 15941 15941 7000 4096 
257       8600 11096 11096 5966 1    
258       8600 5967  5967  4749 4096 
259       7146 8845  8845  3468 8191 
260       7146 11659 11659 2249 4096 
261       7058 6345  6345  1209 1    
262       7058 1210  1210  454  4096 
263       6457 4550  4550  53   8191 
264       6457 8244  8244  49   4096 
265       7455 4145  4145  442  1    
266       7455 443   443   1192 4096 
267       7806 5288  5288  2226 8191 
268       7806 10417 10417 3443 4096 
269       9262 7539  7539  4724 1    
270       9262 4725  4725  5943 4096 
271       9341 10039 10039 6983 8191 
272       9341 15174 15174 7738 4096 
273       9952 11834 11834 8139 1    
274       9952 8140  8140  8143 4096 
275       8938 12239 12239 7750 8191 
276       8938 15941 15941 7000 4096 
277       8603 11096 11096 5966 1    
278       8603 5967  5967  4749 4096 
279       7146 8845  8845  3468 8191 
280       7146 11659 11659 2249 4096 
281       7059 6345  6345  1209 1    
282       7059 1210  1210  454  4096 
283       6453 4550  4550  53   8191 
284       6453 8244  8244  49   4096 
285       7456 4145  4145  442  1    
286       7456 443   443   1192 4096 
287       7805 5288  5288  2226 8191 
288       7805 10417 10417 3443 4096 
289       9262 7539  7539  4724 1    
290       9262 4725  4725  5943 4096 
291       9339 10039 10039 6983 8191 
292       9339 15174 15174 7738 4096 
293       9950 11834 11834 8139 1    
294       9950 8140  8140  8143 4096 
295       8935 12239 12239 7750 8191 
296       8935 15941 15941 7000 4096 
297       8604 11096 11096 5966 1    
298       8604 5967  5967  4749 4096 
299       7147 8845  8845  3468 8191 
300       7147 11659 11659 2249 4096 
301       7062 6345  6345  1209 1    
302       7062 1210  1210  454  4096 
303       6456 4550  4550  53   8191 
304       6456 8244  8244  49   4096 
305       7456 4145  4145  442  1    
306       7456 443   443   1192 4096 
307       7804 5288  5288  2226 8191 
308       7804 10417 10417 3443 4096 
309       9264 7539  7539  4724 1    
310       9264 4725  4725  5943 4096 
311       9338 10039 10039 6983 8191 
312       9338 15174 15174 7738 4096 
313       9951 11834 11834 8139 1    
314       9951 8140  8140  8143 4096 
315       8935 12239 12239 7750 8191 
316       8935 15941 15941 7000 4096 
317       8603 11096 11096 5966 1    
318       8603 5967  5967  4749 4096 
319       7140 8845  8845  3468 8191 
320       7140 11659 11659 2249 4096 
321       7060 6345  6345  1209 1    
322       7060 1210  1210  454  4096 
323       6452 4550  4550  53   8191 
324       6452 8244  8244  49   4096 
325       7457 4145  4145  442  1    
326       7457 443   443   1192 4096 
327       7806 5288  5288  2226 8191 
328       7806 10417 10417 3443 4096 
329       9261 7539  7539  4724 1    
330       9261 4725  4725  5943 4096 
331       9338 10039 10039 6983 8191 
332       9338 15174 15174 7738 4096 
333       9952 11834 11834 8139 1    
334       9952 8140  8140  8143 4096 
335       8940 12239 12239 7750 8191 
336       8940 15941 15941 7000 4096 
337       8604 11096 11096 5966 1    
338       8604 5967  5967  4749 4096 
339       7144 8845  8845  3468 8191 
340       7144 11659 11659 2249 4096 
341       7058 6345  6345  1209 1    
342       7058 1210  1210  454  4096 
343       6451 4550  4550  53   8191 
344       6451 8244  8244  49   4096 
345       7462 4145  4145  442  1    
346       7462 443   443   1192 4096 
347       7803 5288  5288  2226 8191 
348       7803 10417 10417 3443 4096 
349       9262 7539  7539  4724 1    
350       9262 4725  4725  5943 4096 
351       9343 10039 10039 6983 8191 
352       9343 15174 15174 7738 4096 
353       9951 11834 11834 8139 1    
354       9951 8140  8140  8143 4096 
355       8937 12239 12239 7750 8191 
356       8937 15941 15941 7000 4096 
357       8600 11096 11096 5966 1    
358       8600 5967  5967  4749 4096 
359       7145 8845  8845  3468 8191 
360       7145 11659 11659 2249 4096 
361       7059 6345  6345  1209 1    
362       7059 1210  1210  454  4096 
363       6454 4550  4550  53   8191 
364       6454 8244  8244  49   4096 
365       7459 4145  4145  442  1    
366       7459 443   443   1192 4096 
367       7804 5288  5288  2226 8191 
368       7804 10417 10417 3443 4096 
369       9261 7539  7539  4724 1    
370       9261 4725  4725  5943 4096 
371       9341 10039 10039 6983 8191 
372       9341 15174 15174 7738 4096 
373       9949 11834 11834 8139 1    
374       9949 8140  8140  8143 4096 
375       8935 12239 12239 7750 8191 
376       8935 15941 15941 7000 4096 
377       8600 11096 11096 5966 1    
378       8600 5967  5967  4749 4096 
379       7144 8845  8845  3468 8191 
380       7144 11659 11659 2249 4096 
381       7066 6345  6345  1209 1    
382       7066 1210  1210  454  4096 
383       6450 4550  4550  53   8191 
384       6450 8244  8244  49   4096 
385       7459 4145  4145  442  1    
386       7459 443   443   1192 4096 
387       7803 5288  5288  2226 8191 
388       7803 10417 10417 3443 4096 
389       9262 7539  7539  4724 1    
390       9262 4725  4725  5943 4096 
391       9339 10039 10039 6983 8191 
392       9339 15174 15174 7738 4096 
393       9951 11834 11834 8139 1    
394       9951 8140  8140  8143 4096 
395       8933 12239 12239 7750 8191 
396       8933 15941 15941 7000 4096 
397       8602 11096 11096 5966 1    
398       8602 5967  5967  4749 4096 
399       7142 8845  8845  3468 8191 
400       7142 11659 11659 2249 4096 
401       7061 6345  6345  1209 1    
402       7061 1210  1210  454  4096 
403       6450 4550  4550  53   8191 
404       6450 8244  8244  49   4096 
405       7458 4145  4145  442  1    
406       7458 443   443   1192 4096 
407       7805 5288  5288  2226 8191 
408       7805 10417 10417 3443 4096 
409       9264 7539  7539  4724 1    
410       9264 4725  4725  5943 4096 
411       9340 10039 10039 6983 8191 
412       9340 15174 15174 7738 4096 
413       9950 11834 11834 8139 1    
414       9950 8140  8140  8143 4096 
415       8936 12239 12239 7750 8191 
416       8936 15941 15941 7000 4096 
417       8601 11096 11096 5966 1    
418       8601 5967  5967  4749 4096 
419       7143 8845  8845  3468 8191 
420       7143 11659 11659 2249 4096 
421       7063 6345  6345  1209 1    
422       7063 1210  1210  454  4096 
423       6454 4550  4550  53   8191 
424       6454 8244  8244  49   4096 
425       7459 4145  4145  442  1    
426       7459 443   443   1192 4096 
427       7803 5288  5288  2226 8191 
428       7803 10417 10417 3443 4096 
429       9261 7539  7539  4724 1    
430       9261 4725  4725  5943 4096 
431       9342 10039 10039 6983 8191 
432       9342 15174 15174 7738 4096 
433       9950 11834 11834 8139 1    
434       9950 8140  8140  8143 4096 
435       8932 12239 12239 7750 8191 
436       8932 15941 15941 7000 4096 
437       8602 11096 11096 5966 1    
438       8602 5967  5967  4749 4096 
439       7144 8845  8845  3468 8191 
440       7144 11659 11659 2249 4096 
441       7061 6345  6345  1209 1    
442       7061 1210  1210  454  4096 
443       6453 4550  4550  53   8191 
444       6453 8244  8244  49   4096 
445       7458 4145  4145  442  1    
446       7458 443   443   1192 4096 
447       7803 5288  5288  2226 8191 
448       7803 10417 10417 3443 4096 
449       9262 7539  7539  4724 1    
450       9262 4725  4725  5943 4096 
451       9338 10039 10039 6983 8191 
452       9338 15174 15174 7738 4096 
453       9950 11834 11834 8139 1    
454       9950 8140  8140  8143 4096 
455       8937 12239 12239 7750 8191 
456       8937 15941 15941 7000 4096 
457       8604 11096 11096 5966 1    
458       8604 5967  5967  4749 4096 
459       7141 8845  8845  3468 8191 
460       7141 11659 11659 2249 4096 
461       7061 6345  6345  1209 1    
462       7061 1210  1210  454  4096 
463       6453 4550  4550  53   8191 
464       6453 8244  8244  49   4096 
465       7463 4145  4145  442  1    
466       7463 443   443   1192 4096 
467       7804 5288  5288  2226 8191 
468       7804 10417 10417 3443 4096 
469       9263 7539  7539  4724 1    
470       9263 4725  4725  5943 4096 
471       9338 10039 10039 6983 8191 
472       9338 15174 15174 7738 4096 
473       9950 11834 11834 8139 1    
474       9950 8140  8140  8143 4096 
475       8932 12239 12239 7750 8191 
476       8932 15941 15941 7000 4096 
477       8601 11096 11096 5966 1    
478       8601 5967  5967  4749 4096 
479       7143 8845  8845  3468 8191 
480       7143 11659 11659 2249 4096 
481       7061 6345  6345  1209 1    
482       7061 1210  1210  454  4096 
483       6450 4550  4550  53   8191 
484       6450 8244  8244  49   4096 
485       7460 4145  4145  442  1    
486       7460 443   443   1192 4096 
487       7801 5288  5288  2226 8191 
488       7801 10417 10417 3443 4096 
489       9262 7539  7539  4724 1    
490       9262 4725  4725  5943 4096 
491       9338 10039 10039 6983 8191 
492       9338 15174 15174 7738 4096 
493       9952 11834 11834 8139 1    
494       9952 8140  8140  8143 4096 
495       8933 12239 12239 7750 8191 
496       8933 15941 15941 7000 4096 
497       8602 11096 11096 5966 1    
498       8602 5967  5967  4749 4096 
499       7143 8845  8845  3468 8191 
500       7143 11659 11659 2249 4096 
501       7062 6345  6345  1209 1    
502       7062 1210  1210  454  4096 
503       6453 4550  4550  53   8191 
504       6453 8244  8244  49   4096 
505       7461 4145  4145  442  1    
506       7461 443   443   1192 4096 
507       7805 5288  5288  2226 8191 
508       7805 10417 10417 3443 4096 
509       9260 7539  7539  4724 1    
510       9260 4725  4725  5943 4096 
511       9339 10039 10039 6983 8191 
512       9339 15174 15174 7738 4096 
513       9952 11834 11834 8139 1    
514       9952 8140  8140  8143 4096 
515       8931 12239 12239 7750 8191 
516       8931 15941 15941 7000 4096 
517       8603 11096 11096 5966 1    
518       8603 5967  5967  4749 4096 
519       7142 8845  8845  3468 8191 
520       7142 11659 11659 2249 4096 
521       7061 6345  6345  1209 1    
522       7061 1210  1210  454  4096 
523       6450 4550  4550  53   8191 
524       6450 8244  8244  49   4096 
525       7456 4145  4145  442  1    
526       7456 443   443   1192 4096 
527       7803 5288  5288  2226 8191 
528       7803 10417 10417 3443 4096 
529       9263 7539  7539  4724 1    
530       9263 4725  4725  5943 4096 
531       9341 10039 10039 6983 8191 
532       9341 15174 15174 7738 4096 
533       9952 11834 11834 8139 1    
534       9952 8140  8140  8143 4096 
535       8932 12239 12239 7750 8191 
536       8932 15941 15941 7000 4096 
537       8601 11096 11096 5966 1    
538       8601 5967  5967  4749 4096 
539       7140 8845  8845  3468 8191 
540       7140 11659 11659 2249 4096 
541       7061 6345  6345  1209 1    
542       7061 1210  1210  454  4096 
543       6452 4550  4550  53   8191 
544       6452 8244  8244  49   4096 
545       7460 4145  4145  442  1    
546       7460 443   443   1192 4096 
547       7801 5288  5288  2226 8191 
548       7801 10417 10417 3443 4096 
549       9265 7539  7539  4724 1    
550       9265 4725  4725  5943 4096 
551       9339 10039 10039 6983 8191 
552       9339 15174 15174 7738 4096 
553       9951 11834 11834 8139 1    
554       9951 8140  8140  8143 4096 
555       8934 12239 12239 7750 8191 
556       8934 15941 15941 7000 4096 
557       8603 11096 11096 5966 1    
558       8603 5967  5967  4749 4096 
559       7140 8845  8845  3468 8191 
560       7140 11659 11659 2249 4096 
561       7061 6345  6345  1209 1    
562       7061 1210  1210  454  4096 
563       6451 4550  4550  53   8191 
564       6451 8244  8244  49   4096 
565       7458 4145  4145  442  1    
566       7458 443   443   1192 4096 
567       7804 5288  5288  2226 8191 
568       7804 10417 10417 3443 4096 
569       9268 7539  7539  4724 1    
570       9268 4725  4725  5943 4096 
571       9338 10039 10039 6983 8191 
572       9338 15174 15174 7738 4096 
573       9953 11834 11834 8139 1    
574       9953 8140  8140  8143 4096 
575       8930 12239 12239 7750 8191 
576       8930 15941 15941 7000 4096 
577       8600 11096 11096 5966 1    
578       8600 5967  5967  4749 4096 
579       7139 8845  8845  3468 8191 
580       7139 11659 11659 2249 4096 
581       7061 6345  6345  1209 1    
582       7061 1210  1210  454  4096 
583       6452 4550  4550  53   8191 
584       6452 8244  8244  49   4096 
585       7459 4145  4145  442  1    
586       7459 443   443   1192 4096 
587       7805 5288  5288  2226 8191 
588       7805 10417 10417 3443 4096 
589       9265 7539  7539  4724 1    
590       9265 4725  4725  5943 4096 
591       9340 10039 10039 6983 8191 
592       9340 15174 15174 7738 4096 
593       9951 11834 11834 8139 1    
594       9951 8140  8140  8143 4096 
595       8934 12239 12239 7750 8191 
596       8934 15941 15941 7000 4096 
597       8603 11096 11096 5966 1    
598       8603 5967  5967  4749 4096 
599       7140 8845  8845  3468 8191 
600       7140 11659 11659 2249 4096 
601       7061 6345  6345  1209 1    
602       7061 1210  1210  454  4096 
603       6454 4550  4550  53   8191 
604       6454 8244  8244  49   4096 
605       7460 4145  4145  442  1    
606       7460 443   443   1192 4096 
607       7803 5288  5288  2226 8191 
608       7803 10417 10417 3443 4096 
609       9263 7539  7539  4724 1    
610       9263 4725  4725  5943 4096 
611       9340 10039 10039 6983 8191 
612       9340 15174 15174 7738 4096 
613       9951 11834 11834 8139 1    
614       9951 8140  8140  8143 4096 
615       8933 12239 12239 7750 8191 
616       8933 15941 15941 7000 4096 
617       8602 11096 11096 5966 1    
618       8602 5967  5967  4749 4096 
619       7142 8845  8845  3468 8191 
620       7142 11659 11659 2249 4096 
621       7063 6345  6345  1209 1    
622       7063 1210  1210  454  4096 
623       6452 4550  4550  53   8191 
624       6452 8244  8244  49   4096 
625       7460 4145  4145  442  1    
626       7460 443   443   1192 4096 
627       7806 5288  5288  2226 8191 
628       7806 10417 10417 3443 4096 
629       9263 7539  7539  4724 1    
630       9263 4725  4725  5943 4096 
631       9338 10039 10039 6983 8191 
632       9338 15174 15174 7738 4096 
633       9953 11834 11834 8139 1    
634       9953 8140  8140  8143 4096 
635       8934 12239 12239 7750 8191 
636       8934 15941 15941 7000 4096 
637       8605 11096 11096 5966 1    
638       8605 5967  5967  4749 4096 
639       7142 8845  8845  3468 8191 
640       7142 11659 11659 2249 4096 
641       7062 6345  6345  1209 1    
642       7062 1210  1210  454  4096 
643       6454 4550  4550  53   8191 
644       6454 8244  8244  49   4096 
645       7460 4145  4145  442  1    
646       7460 443   443   1192 4096 
647       7799 5288  5288  2226 8191 
648       7799 10417 10417 3443 4096 
649       9267 7539  7539  4724 1    
650       9267 4725  4725  5943 4096 
651       9341 10039 10039 6983 8191 
652       9341 15174 15174 7738 4096 
653       9954 11834 11834 8139 1    
654       9954 8140  8140  8143 4096 
655       8932 12239 12239 7750 8191 
656       8932 15941 15941 7000 4096 
657       8604 11096 11096 5966 1    
658       8604 5967  5967  4749 4096 
659       7142 8845  8845  3468 8191 
660       7142 11659 11659 2249 4096 
661       7063 6345  6345  1209 1    
662       7063 1210  1210  454  4096 
663       6453 4550  4550  53   8191 
664       6453 8244  8244  49   4096 
665       7463 4145  4145  442  1    
666       7463 443   443   1192 4096 
667       7804 5288  5288  2226 8191 
668       7804 10417 10417 3443 4096 
669       9265 7539  7539  4724 1    
670       9265 4725  4725  5943 4096 
671       9342 10039 10039 6983 8191 
672       9342 15174 15174 7738 4096 
673       9953 11834 11834 8139 1    
674       9953 8140  8140  8143 4096 
675       8936 12239 12239 7750 8191 
676       8936 15941 15941 7000 4096 
677       8605 11096 11096 5966 1    
678       8605 5967  5967  4749 4096 
679       7140 8845  8845  3468 8191 
680       7140 11659 11659 2249 4096 
681       7063 6345  6345  1209 1    
682       7063 1210  1210  454  4096 
683       6451 4550  4550  53   8191 
684       6451 8244  8244  49   4096 
685       7459 4145  4145  442  1    
686       7459 443   443   1192 4096 
687       7805 5288  5288  2226 8191 
688       7805 10417 10417 3443 4096 
689       9268 7539  7539  4724 1    
690       9268 4725  4725  5943 4096 
691       9341 10039 10039 6983 8191 
692       9341 15174 15174 7738 4096 
693       9951 11834 11834 8139 1    
694       9951 8140  8140  8143 4096 
695       8936 12239 12239 7750 8191 
696       8936 15941 15941 7000 4096 
697       8604 11096 11096 5966 1    
698       8604 5967  5967  4749 4096 
699       7141 8845  8845  3468 8191 
700       7141 11659 11659 2249 4096 
701       7063 6345  6345  1209 1    
702       7063 1210  1210  454  4096 
703       6452 4550  4550  53   8191 
704       6452 8244  8244  49   4096 
705       7462 4145  4145  442  1    
706       7462 443   443   1192 4096 
707       7805 5288  5288  2226 8191 
708       7805 10417 10417 3443 4096 
709       9268 7539  7539  4724 1    
710       9268 4725  4725  5943 4096 
711       9340 10039 10039 6983 8191 
712       9340 15174 15174 7738 4096 
713       9952 11834 11834 8139 1    
714       9952 8140  8140  8143 4096 
715       8933 12239 12239 7750 8191 
716       8933 15941 15941 7000 4096 
717       8603 11096 11096 5966 1    
718       8603 5967  5967  4749 4096 
719       7142 8845  8845  3468 8191 
720       7142 11659 11659 2249 4096 
721       7059 6345  6345  1209 1    
722       7059 1210  1210  454  4096 
723       6451 4550  4550  53   8191 
724       6451 8244  8244  49   4096 
725       7459 4145  4145  442  1    
726       7459 443   443   1192 4096 
727       7806 5288  5288  2226 8191 
728       7806 10417 10417 3443 4096 
729       9264 7539  7539  4724 1    
730       9264 4725  4725  5943 4096 
731       9343 10039 10039 6983 8191 
732       9343 15174 15174 7738 4096 
733       9951 11834 11834 8139 1    
734       9951 8140  8140  8143 4096 
735       8935 12239 12239 7750 8191 
736       8935 15941 15941 7000 4096 
737       8604 11096 11096 5966 1    
738       8604 5967  5967  4749 4096 
739       7139 8845  8845  3468 8191 
740       7139 11659 11659 2249 4096 
741       7064 6345  6345  1209 1    
742       7064 1210  1210  454  4096 
743       6456 4550  4550  53   8191 
744       6456 8244  8244  49   4096 
745       7459 4145  4145  442  1    
746       7459 443   443   1192 4096 
747       7806 5288  5288  2226 8191 
748       7806 10417 10417 3443 4096 
749       9266 7539  7539  4724 1    
750       9266 4725  4725  5943 4096 
751       9340 10039 10039 6983 8191 
752       9340 15174 15174 7738 4096 
753       9949 11834 11834 8139 1    
754       9949 8140  8140  8143 4096 
755       8936 12239 12239 7750 8191 
756       8936 15941 15941 7000 4096 
757       8603 11096 11096 5966 1    
758       8603 5967  5967  4749 4096 
759       7141 8845  8845  3468 8191 
760       7141 11659 11659 2249 4096 
761       7061 6345  6345  1209 1    
762       7061 1210  1210  454  4096 
763       6456 4550  4550  53   8191 
764       6456 8244  8244  49   4096 
765       7463 4145  4145  442  1    
766       7463 443   443   1192 4096 
767       7805 5288  5288  2226 8191 
768       7805 10417 10417 3443 4096 
769       9267 7539  7539  4724 1    
770       9267 4725  4725  5943 4096 
771       9342 10039 10039 6983 8191 
772       9342 15174 15174 7738 4096 
773       9954 11834 11834 8139 1    
774       9954 8140  8140  8143 4096 
775       8937 12239 12239 7750 8191 
776       8937 15941 15941 7000 4096 
777       8603 11096 11096 5966 1    
778       8603 5967  5967  4749 4096 
779       7143 8845  8845  3468 8191 
780       7143 11659 11659 2249 4096 
781       7062 6345  6345  1209 1    
782       7062 1210  1210  454  4096 
783       6454 4550  4550  53   8191 
784       6454 8244  8244  49   4096 
785       7462 4145  4145  442  1    
786       7462 443   443   1192 4096 
787       7804 5288  5288  2226 8191 
788       7804 10417 10417 3443 4096 
789       9265 7539  7539  4724 1    
790       9265 4725  4725  5943 4096 
791       9340 10039 10039 6983 8191 
792       9340 15174 15174 7738 4096 
793       9951 11834 11834 8139 1    
794       9951 8140  8140  8143 4096 
795       8935 12239 12239 7750 8191 
796       8935 15941 15941 7000 4096 
797       8604 11096 11096 5966 1    
798       8604 5967  5967  4749 4096 
799       7142 8845  8845  3468 8191 
800       7142 11659 11659 2249 4096 
801       7059 6345  6345  1209 1    
802       7059 1210  1210  454  4096 
803       6455 4550  4550  53   8191 
804       6455 8244  8244  49   4096 
805       7460 4145  4145  442  1    
806       7460 443   443   1192 4096 
807       7804 5288  5288  2226 8191 
808       7804 10417 10417 3443 4096 
809       9261 7539  7539  4724 1    
810       9261 4725  4725  5943 4096 
811       9341 10039 10039 6983 8191 
812       9341 15174 15174 7738 4096 
813       9952 11834 11834 8139 1    
814       9952 8140  8140  8143 4096 
815       8935 12239 12239 7750 8191 
816       8935 15941 15941 7000 4096 
817       8603 11096 11096 5966 1    
818       8603 5967  5967  4749 4096 
819       7142 8845  8845  3468 8191 
820       7142 11659 11659 2249 4096 
821       7063 6345  6345  1209 1    
822       7063 1210  1210  454  4096 
823       6451 4550  4550  53   8191 
824       6451 8244  8244  49   4096 
825       7458 4145  4145  442  1    
826       7458 443   443   1192 4096 
827       7805 5288  5288  2226 8191 
828       7805 10417 10417 3443 4096 
829       9266 7539  7539  4724 1    
830       9266 4725  4725  5943 4096 
831       9343 10039 10039 6983 8191 
832       9343 15174 15174 7738 4096 
833       9950 11834 11834 8139 1    
834       9950 8140  8140  8143 4096 
835       8936 12239 12239 7750 8191 
836       8936 15941 15941 7000 4096 
837       8601 11096 11096 5966 1    
838       8601 5967  5967  4749 4096 
839       7144 8845  8845  3468 8191 
840       7144 11659 11659 2249 4096 
841       7060 6345  6345  1209 1    
842       7060 1210  1210  454  4096 
843       6456 4550  4550  53   8191 
844       6456 8244  8244  49   4096 
845       7457 4145  4145  442  1    
846       7457 443   443   1192 4096 
847       7804 5288  5288  2226 8191 
848       7804 10417 10417 3443 4096 
849       9264 7539  7539  4724 1    
850       9264 4725  4725  5943 4096 
851       9344 10039 10039 6983 8191 
852       9344 15174 15174 7738 4096 
853       9950 11834 11834 8139 1    
854       9950 8140  8140  8143 4096 
855       8939 12239 12239 7750 8191 
856       8939 15941 15941 7000 4096 
857       8603 11096 11096 5966 1    
858       8603 5967  5967  4749 4096 
859       7146 8845  8845  3468 8191 
860       7146 11659 11659 2249 4096 
861       7062 6345  6345  1209 1    
862       7062 1210  1210  454  4096 
863       6455 4550  4550  53   8191 
864       6455 8244  8244  49   4096 
865       7459 4145  4145  442  1    
866       7459 443   443   1192 4096 
867       7806 5288  5288  2226 8191 
868       7806 10417 10417 3443 4096 
869       9261 7539  7539  4724 1    
870       9261 4725  4725  5943 4096 
871       9341 10039 10039 6983 8191 
872       9341 15174 15174 7738 4096 
873       9953 11834 11834 8139 1    
874       9953 8140  8140  8143 4096 
875       8935 12239 12239 7750 8191 
876       8935 15941 15941 7000 4096 
877       8602 11096 11096 5966 1    
878       8602 5967  5967  4749 4096 
879       7143 8845  8845  3468 8191 
880       7143 11659 11659 2249 4096 
881       7059 6345  6345  1209 1    
882       7059 1210  1210  454  4096 
883       6454 4550  4550  53   8191 
884       6454 8244  8244  49   4096 
885       7462 4145  4145  442  1    
886       7462 443   443   1192 4096 
887       7805 5288  5288  2226 8191 
888       7805 10417 10417 3443 4096 
889       9264 7539  7539  4724 1    
890       9264 4725  4725  5943 4096 
891       9340 10039 10039 6983 8191 
892       9340 15174 15174 7738 4096 
893       9953 11834 11834 8139 1    
894       9953 8140  8140  8143 4096 
895       8938 12239 12239 7750 8191 
896       8938 15941 15941 7000 4096 
897       8603 11096 11096 5966 1    
898       8603 5967  5967  4749 4096 
899       7149 8845  8845  3468 8191 
900       7149 11659 11659 2249 4096 
901       7060 6345  6345  1209 1    
902       7060 1210  1210  454  4096 
903       6456 4550  4550  53   8191 
904       6456 8244  8244  49   4096 
905       7461 4145  4145  442  1    
906       7461 443   443   1192 4096 
907       7806 5288  5288  2226 8191 
908       7806 10417 10417 3443 4096 
909       9262 7539  7539  4724 1    
910       9262 4725  4725  5943 4096 
911       9341 10039 10039 6983 8191 
912       9341 15174 15174 7738 4096 
913       9953 11834 11834 8139 1    
914       9953 8140  8140  8143 4096 
915       8939 12239 12239 7750 8191 
916       8939 15941 15941 7000 4096 
917       8602 11096 11096 5966 1    
918       8602 5967  5967  4749 4096 
919       7146 8845  8845  3468 8191 
920       7146 11659 11659 2249 4096 
921       7060 6345  6345  1209 1    
922       7060 1210  1210  454  4096 
923       6453 4550  4550  53   8191 
924       6453 8244  8244  49   4096 
925       7455 4145  4145  442  1    
926       7455 443   443   1192 4096 
927       7804 5288  5288  2226 8191 
928       7804 10417 10417 3443 4096 
929       9265 7539  7539  4724 1    
930       9265 4725  4725  5943 4096 
931       9344 10039 10039 6983 8191 
932       9344 15174 15174 7738 4096 
933       9951 11834 11834 8139 1    
934       9951 8140  8140  8143 4096 
935       8938 12239 12239 7750 8191 
936       8938 15941 15941 7000 4096 
937       8603 11096 11096 5966 1    
938       8603 5967  5967  4749 4096 
939       7147 8845  8845  3468 8191 
940       7147 11659 11659 2249 4096 
941       7059 6345  6345  1209 1    
942       7059 1210  1210  454  4096 
943       6457 4550  4550  53   8191 
944       6457 8244  8244  49   4096 
945       7459 4145  4145  442  1    
946       7459 443   443   1192 4096 
947       7806 5288  5288  2226 8191 
948       7806 10417 10417 3443 4096 
949       9262 7539  7539  4724 1    
950       9262 4725  4725  5943 4096 
951       9343 10039 10039 6983 8191 
952       9343 15174 15174 7738 4096 
953       9954 11834 11834 8139 1    
954       9954 8140  8140  8143 4096 
955       8937 12239 12239 7750 8191 
956       8937 15941 15941 7000 4096 
957       8603 11096 11096 5966 1    
958       8603 5967  5967  4749 4096 
959       7145 8845  8845  3468 8191 
960       7145 11659 11659 2249 4096 
961       7060 6345  6345  1209 1    
962       7060 1210  1210  454  4096 
963       6455 4550  4550  53   8191 
964       6455 8244  8244  49   4096 
965       7457 4145  4145  442  1    
966       7457 443   443   1192 4096 
967       7805 5288  5288  2226 8191 
968       7805 10417 10417 3443 4096 
969       9265 7539  7539  4724 1    
970       9265 4725  4725  5943 4096 
971       9342 10039 10039 6983 8191 
972       9342 15174 15174 7738 4096 
973       9950 11834 11834 8139 1    
974       9950 8140  8140  8143 4096 
975       8938 12239 12239 7750 8191 
976       8938 15941 15941 7000 4096 
977       8602 11096 11096 5966 1    
978       8602 5967  5967  4749 4096 
979       7148 8845  8845  3468 8191 
980       7148 11659 11659 2249 4096 
981       7059 6345  6345  1209 1    
982       7059 1210  1210  454  4096 
983       6455 4550  4550  53   8191 
984       6455 8244  8244  49   4096 
985       7457 4145  4145  442  1    
986       7457 443   443   1192 4096 
987       7805 5288  5288  2226 8191 
988       7805 10417 10417 3443 4096 
989       9260 7539  7539  4724 1    
990       9260 4725  4725  5943 4096 
991       9344 10039 10039 6983 8191 
992       9344 15174 15174 7738 4096 
993       9950 11834 11834 8139 1    
994       9950 8140  8140  8143 4096 
995       8937 12239 12239 7750 8191 
996       8937 15941 15941 7000 4096 
997       8601 11096 11096 5966 1    
998       8601 5967  5967  4749 4096 
999       7147 8845  8845  3468 8191 
1000      7147 11659 11659 2249 4096 
1001      7060 6345  6345  1209 1    
1002      7060 1210  1210  454  4096 
1003      6455 4550  4550  53   8191 
1004      6455 8244  8244  49   4096 
1005      7458 4145  4145  442  1    
1006      7458 443   443   1192 4096 
1007      7807 5288  5288  2226 8191 
1008      7807 10417 10417 3443 4096 
1009      9260 7539  7539  4724 1    
1010      9260 4725  4725  5943 4096 
1011      9341 10039 10039 6983 8191 
1012      9341 15174 15174 7738 4096 
1013      9952 11834 11834 8139 1    
1014      9952 8140  8140  8143 4096 
1015      8938 12239 12239 7750 8191 
1016      8938 15941 15941 7000 4096 
1017      8602 11096 11096 5966 1    
1018      8602 5967  5967  4749 4096 
1019      7148 8845  8845  3468 8191 
1020      7148 11659 11659 2249 4096 
1021      7062 6345  6345  1209 1    
1022      7062 1210  1210  454  4096 
1023      6455 4550  4550  53   8191 
1024      6455 8244  8244  49   4096 
1025      7459 4145  4145  442  1    
1026      7459 443   443   1192 4096 
1027      7805 5288  5288  2226 8191 
1028      7805 10417 10417 3443 4096 
1029      9259 7539  7539  4724 1    
1030      9259 4725  4725  5943 4096 
1031      9342 10039 10039 6983 8191 
1032      9342 15174 15174 7738 4096 
1033      9951 11834 11834 8139 1    
1034      9951 8140  8140  8143 4096 
1035      8939 12239 12239 7750 8191 
1036      8939 15941 15941 7000 4096 
1037      8602 11096 11096 5966 1    
1038      8602 5967  5967  4749 4096 
1039      7144 8845  8845  3468 8191 
1040      7144 11659 11659 2249 4096 
1041      7061 6345  6345  1209 1    
1042      7061 1210  1210  454  4096 
1043      6456 4550  4550  53   8191 
1044      6456 8244  8244  49   4096 
1045      7455 4145  4145  442  1    
1046      7455 443   443   1192 4096 
1047      7805 5288  5288  2226 8191 
1048      7805 10417 10417 3443 4096 
1049      9262 7539  7539  4724 1    
1050      9262 4725  4725  5943 4096 
1051      9344 10039 10039 6983 8191 
1052      9344 15174 15174 7738 4096 
1053      9949 11834 11834 8139 1    
1054      9949 8140  8140  8143 4096 
1055      8936 12239 12239 7750 8191 
1056      8936 15941 15941 7000 4096 
1057      8601 11096 11096 5966 1    
1058      8601 5967  5967  4749 4096 
1059      7145 8845  8845  3468 8191 
1060      7145 11659 11659 2249 4096 
1061      7058 6345  6345  1209 1    
1062      7058 1210  1210  454  4096 
1063      6453 4550  4550  53   8191 
1064      6453 8244  8244  49   4096 
1065      7456 4145  4145  442  1    
1066      7456 443   443   1192 4096 
1067      7807 5288  5288  2226 8191 
1068      7807 10417 10417 3443 4096 
1069      9260 7539  7539  4724 1    
1070      9260 4725  4725  5943 4096 
1071      9344 10039 10039 6983 8191 
1072      9344 15174 15174 7738 4096 
1073      9948 11834 11834 8139 1    
1074      9948 8140  8140  8143 4096 
1075      8939 12239 12239 7750 8191 
1076      8939 15941 15941 7000 4096 
1077      8600 11096 11096 5966 1    
1078      8600 5967  5967  4749 4096 
1079      7145 8845  8845  3468 8191 
1080      7145 11659 11659 2249 4096 
1081      7058 6345  6345  1209 1    
1082      7058 1210  1210  454  4096 
1083      6456 4550  4550  53   8191 
1084      6456 8244  8244  49   4096 
1085      7457 4145  4145  442  1    
1086      7457 443   443   1192 4096 
1087      7805 5288  5288  2226 8191 
1088      7805 10417 10417 3443 4096 
1089      9261 7539  7539  4724 1    
1090      9261 4725  4725  5943 4096 
1091      9342 10039 10039 6983 8191 
1092      9342 15174 15174 7738 4096 
1093      9949 11834 11834 8139 1    
1094      9949 8140  8140  8143 4096 
1095      8941 12239 12239 7750 8191 
1096      8941 15941 15941 7000 4096 
1097      8601 11096 11096 5966 1    
1098      8601 5967  5967  4749 4096 
1099      7146 8845  8845  3468 8191 
1100      7146 11659 11659 2249 4096 
1101      7060 6345  6345  1209 1    
1102      7060 1210  1210  454  4096 
1103      6453 4550  4550  53   8191 
1104      6453 8244  8244  49   4096 
1105      7457 4145  4145  442  1    
1106      7457 443   443   1192 4096 
1107      7805 5288  5288  2226 8191 
1108      7805 10417 10417 3443 4096 
1109      9259 7539  7539  4724 1    
1110      9259 4725  4725  5943 4096 
1111      9344 10039 10039 6983 8191 
1112      9344 15174 15174 7738 4096 
1113      9949 11834 11834 8139 1    
1114      9949 8140  8140  8143 4096 
1115      8935 12239 12239 7750 8191 
1116      8935 15941 15941 7000 4096 
1117      8600 11096 11096 5966 1    
1118      8600 5967  5967  4749 4096 
1119      7150 8845  8845  3468 8191 
1120      7150 11659 11659 2249 4096 
1121      7059 6345  6345  1209 1    
1122      7059 1210  1210  454  4096 
1123      6455 4550  4550  53   8191 
1124      6455 8244  8244  49   4096 
1125      7454 4145  4145  442  1    
1126      7454 443   443   1192 4096 
1127      7806 5288  5288  2226 8191 
1128      7806 10417 10417 3443 4096 
1129      9261 7539  7539  4724 1    
1130      9261 4725  4725  5943 4096 
1131      9342 10039 10039 6983 8191 
1132      9342 15174 15174 7738 4096 
1133      9947 11834 11834 8139 1    
1134      9947 8140  8140  8143 4096 
1135      8938 12239 12239 7750 8191 
1136      8938 15941 15941 7000 4096 
1137      8602 11096 11096 5966 1    
1138      8602 5967  5967  4749 4096 
1139      7147 8845  8845  3468 8191 
1140      7147 11659 11659 2249 4096 
1141      7058 6345  6345  1209 1    
1142      7058 1210  1210  454  4096 
1143      6455 4550  4550  53   8191 
1144      6455 8244  8244  49   4096 
1145      7456 4145  4145  442  1    
1146      7456 443   443   1192 4096 
1147      7806 5288  5288  2226 8191 
1148      7806 10417 10417 3443 4096 
1149      9261 7539  7539  4724 1    
1150      9261 4725  4725  5943 4096 
1151      9343 10039 10039 6983 8191 
1152      9343 15174 15174 7738 4096 
1153      9949 11834 11834 8139 1    
1154      9949 8140  8140  8143 4096 
1155      8939 12239 12239 7750 8191 
1156      8939 15941 15941 7000 4096 
1157      8600 11096 11096 5966 1    
1158      8600 5967  5967  4749 4096 
1159      7147 8845  8845  3468 8191 
1160      7147 11659 11659 2249 4096 
1161      7056 6345  6345  1209 1    
1162      7056 1210  1210  454  4096 
1163      6452 4550  4550  53   8191 
1164      6452 8244  8244  49   4096 
1165      7455 4145  4145  442  1    
1166      7455 443   443   1192 4096 
1167      7807 5288  5288  2226 8191 
1168      7807 10417 10417 3443 4096 
1169      9261 7539  7539  4724 1    
1170      9261 4725  4725  5943 4096 
1171      9341 10039 10039 6983 8191 
1172      9341 15174 15174 7738 4096 
1173      9950 11834 11834 8139 1    
1174      9950 8140  8140  8143 4096 
1175      8938 12239 12239 7750 8191 
1176      8938 15941 15941 7000 4096 
1177      8600 11096 11096 5966 1    
1178      8600 5967  5967  4749 4096 
1179      7146 8845  8845  3468 8191 
1180      7146 11659 11659 2249 4096 
1181      7058 6345  6345  1209 1    
1182      7058 1210  1210  454  4096 
1183      6455 4550  4550  53   8191 
1184      6455 8244  8244  49   4096 
1185      7458 4145  4145  442  1    
1186      7458 443   443   1192 4096 
1187      7806 5288  5288  2226 8191 
1188      7806 10417 10417 3443 4096 
1189      9259 7539  7539  4724 1    
1190      9259 4725  4725  5943 4096 
1191      9339 10039 10039 6983 8191 
1192      9339 15174 15174 7738 4096 
1193      9950 11834 11834 8139 1    
1194      9950 8140  8140  8143 4096 
1195      8938 12239 12239 7750 8191 
1196      8938 15941 15941 7000 4096 
1197      8600 11096 11096 5966 1    
1198      8600 5967  5967  4749 4096 
1199      7146 8845  8845  3468 8191 
1200      7146 11659 11659 2249 4096 
1201      7059 6345  6345  1209 1    
1202      7059 1210  1210  454  4096 
1203      6456 4550  4550  53   8191 
1204      6456 8244  8244  49   4096 
1205      7455 4145  4145  442  1    
1206      7455 443   443   1192 4096 
1207      7806 5288  5288  2226 8191 
1208      7806 10417 10417 3443 4096 
1209      9259 7539  7539  4724 1    
1210      9259 4725  4725  5943 4096 
1211      9342 10039 10039 6983 8191 
1212      9342 15174 15174 7738 4096 
1213      9950 11834 11834 8139 1    
1214      9950 8140  8140  8143 4096 
1215      8938 12239 12239 7750 8191 
1216      8938 15941 15941 7000 4096 
1217      8602 11096 11096 5966 1    
1218      8602 5967  5967  4749 4096 
1219      7147 8845  8845  3468 8191 
1220      7147 11659 11659 2249 4096 
1221      7057 6345  6345  1209 1    
1222      7057 1210  1210  454  4096 
1223      6454 4550  4550  53   8191 
1224      6454 8244  8244  49   4096 
1225      7457 4145  4145  442  1    
1226      7457 443   443   1192 4096 
1227      7802 5288  5288  2226 8191 
1228      7802 10417 10417 3443 4096 
1229      9257 7539  7539  4724 1    
1230      9257 4725  4725  5943 4096 
1231      9341 10039 10039 6983 8191 
1232      9341 15174 15174 7738 4096 
1233      9951 11834 11834 8139 1    
1234      9951 8140  8140  8143 4096 
1235      8940 12239 12239 7750 8191 
1236      8940 15941 15941 7000 4096 
1237      8600 11096 11096 5966 1    
1238      8600 5967  5967  4749 4096 
1239      7147 8845  8845  3468 8191 
1240      7147 11659 11659 2249 4096 
1241      7060 6345  6345  1209 1    
1242      7060 1210  1210  454  4096 
1243      6457 4550  4550  53   8191 
1244      6457 8244  8244  49   4096 
1245      7457 4145  4145  442  1    
1246      7457 443   443   1192 4096 
1247      7806 5288  5288  2226 8191 
1248      7806 10417 10417 3443 4096 
1249      9261 7539  7539  4724 1    
1250      9261 4725  4725  5943 4096 
1251      9342 10039 10039 6983 8191 
1252      9342 15174 15174 7738 4096 
1253      9949 11834 11834 8139 1    
1254      9949 8140  8140  8143 4096 
1255      8937 12239 12239 7750 8191 
1256      8937 15941 15941 7000 4096 
1257      8599 11096 11096 5966 1    
1258      8599 5967  5967  4749 4096 
1259      7151 8845  8845  3468 8191 
1260      7151 11659 11659 2249 4096 
1261      7060 6345  6345  1209 1    
1262      7060 1210  1210  454  4096 
1263      6456 4550  4550  53   8191 
1264      6456 8244  8244  49   4096 
1265      7455 4145  4145  442  1    
1266      7455 443   443   1192 4096 
1267      7808 5288  5288  2226 8191 
1268      7808 10417 10417 3443 4096 
1269      9262 7539  7539  4724 1    
1270      9262 4725  4725  5943 4096 
1271      9346 10039 10039 6983 8191 
1272      9346 15174 15174 7738 4096 
1273      9946 11834 11834 8139 1    
1274      9946 8140  8140  8143 4096 
1275      8938 12239 12239 7750 8191 
1276      8938 15941 15941 7000 4096 
1277      8597 11096 11096 5966 1    
1278      8597 5967  5967  4749 4096 
1279      7148 8845  8845  3468 8191 
1280      7148 11659 11659 2249 4096 
1281      7057 6345  6345  1209 1    
1282      7057 1210  1210  454  4096 
1283      6457 4550  4550  53   8191 
1284      6457 8244  8244  49   4096 
1285      7454 4145  4145  442  1    
1286      7454 443   443   1192 4096 
1287      7806 5288  5288  2226 8191 
1288      7806 10417 10417 3443 4096 
1289      9260 7539  7539  4724 1    
1290      9260 4725  4725  5943 4096 
1291      9340 10039 10039 6983 8191 
1292      9340 15174 15174 7738 4096 
1293      9951 11834 11834 8139 1    
1294      9951 8140  8140  8143 4096 
1295      8943 12239 12239 7750 8191 
1296      8943 15941 15941 7000 4096 
1297      8602 11096 11096 5966 1    
1298      8602 5967  5967  4749 4096 
1299      7142 8845  8845  3468 8191 
1300      7142 11659 11659 2249 4096 
1301      7058 6345  6345  1209 1    
1302      7058 1210  1210  454  4096 
1303      6458 4550  4550  53   8191 
1304      6458 8244  8244  49   4096 
1305      7456 4145  4145  442  1    
1306      7456 443   443   1192 4096 
1307      7806 5288  5288  2226 8191 
1308      7806 10417 10417 3443 4096 
1309      9263 7539  7539  4724 1    
1310      9263 4725  4725  5943 4096 
1311      9342 10039 10039 6983 8191 
1312      9342 15174 15174 7738 4096 
1313      9949 11834 11834 8139 1    
1314      9949 8140  8140  8143 4096 
1315      8936 12239 12239 7750 8191 
1316      8936 15941 15941 7000 4096 
1317      8600 11096 11096 5966 1    
1318      8600 5967  5967  4749 4096 
1319      7145 8845  8845  3468 8191 
1320      7145 11659 11659 2249 4096 
1321      7060 6345  6345  1209 1    
1322      7060 1210  1210  454  4096 
1323      6457 4550  4550  53   8191 
1324      6457 8244  8244  49   4096 
1325      7455 4145  4145  442  1    
1326      7455 443   443   1192 4096 
1327      7806 5288  5288  2226 8191 
1328      7806 10417 10417 3443 4096 
1329      9263 7539  7539  4724 1    
1330      9263 4725  4725  5943 4096 
1331      9340 10039 10039 6983 8191 
1332      9340 15174 15174 7738 4096 
1333      9950 11834 11834 8139 1    
1334      9950 8140  8140  8143 4096 
1335      8936 12239 12239 7750 8191 
1336      8936 15941 15941 7000 4096 
1337      8602 11096 11096 5966 1    
1338      8602 5967  5967  4749 4096 
1339      7143 8845  8845  3468 8191 
1340      7143 11659 11659 2249 4096 
1341      7060 6345  6345  1209 1    
1342      7060 1210  1210  454  4096 
1343      6454 4550  4550  53   8191 
1344      6454 8244  8244  49   4096 
1345      7458 4145  4145  442  1    
1346      7458 443   443   1192 4096 
1347      7804 5288  5288  2226 8191 
1348      7804 10417 10417 3443 4096 
1349      9261 7539  7539  4724 1    
1350      9261 4725  4725  5943 4096 
1351      9341 10039 10039 6983 8191 
1352      9341 15174 15174 7738 4096 
1353      9950 11834 11834 8139 1    
1354      9950 8140  8140  8143 4096 
1355      8938 12239 12239 7750 8191 
1356      8938 15941 15941 7000 4096 
1357      8602 11096 11096 5966 1    
1358      8602 5967  5967  4749 4096 
1359      7145 8845  8845  3468 8191 
1360      7145 11659 11659 2249 4096 
1361      7062 6345  6345  1209 1    
1362      7062 1210  1210  454  4096 
1363      6454 4550  4550  53   8191 
1364      6454 8244  8244  49   4096 
1365      7458 4145  4145  442  1    
1366      7458 443   443   1192 4096 
1367      7805 5288  5288  2226 8191 
1368      7805 10417 10417 3443 4096 
1369      9260 7539  7539  4724 1    
1370      9260 4725  4725  5943 4096 
1371      9341 10039 10039 6983 8191 
1372      9341 15174 15174 7738 4096 
1373      9948 11834 11834 8139 1    
1374      9948 8140  8140  8143 4096 
1375      8936 12239 12239 7750 8191 
1376      8936 15941 15941 7000 4096 
1377      8600 11096 11096 5966 1    
1378      8600 5967  5967  4749 4096 
1379      7145 8845  8845  3468 8191 
1380      7145 11659 11659 2249 4096 
1381      7061 6345  6345  1209 1    
1382      7061 1210  1210  454  4096 
1383      6454 4550  4550  53   8191 
1384      6454 8244  8244  49   4096 
1385      7457 4145  4145  442  1    
1386      7457 443   443   1192 4096 
1387      7807 5288  5288  2226 8191 
1388      7807 10417 10417 3443 4096 
1389      9265 7539  7539  4724 1    
1390      9265 4725  4725  5943 4096 
1391      9343 10039 10039 6983 8191 
1392      9343 15174 15174 7738 4096 
1393      9948 11834 11834 8139 1    
1394      9948 8140  8140  8143 4096 
1395      8936 12239 12239 7750 8191 
1396      8936 15941 15941 7000 4096 
1397      8600 11096 11096 5966 1    
1398      8600 5967  5967  4749 4096 
1399      7145 8845  8845  3468 8191 
1400      7145 11659 11659 2249 4096 
1401      7061 6345  6345  1209 1    
1402      7061 1210  1210  454  4096 
1403      6455 4550  4550  53   8191 
1404      6455 8244  8244  49   4096 
1405      7460 4145  4145  442  1    
1406      7460 443   443   1192 4096 
1407      7806 5288  5288  2226 8191 
1408      7806 10417 10417 3443 4096 
1409      9260 7539  7539  4724 1    
1410      9260 4725  4725  5943 4096 
1411      9341 10039 10039 6983 8191 
1412      9341 15174 15174 7738 4096 
1413      9949 11834 11834 8139 1    
1414      9949 8140  8140  8143 4096 
1415      8936 12239 12239 7750 8191 
1416      8936 15941 15941 7000 4096 
1417      8601 11096 11096 5966 1    
1418      8601 5967  5967  4749 4096 
1419      7142 8845  8845  3468 8191 
1420      7142 11659 11659 2249 4096 
1421      7058 6345  6345  1209 1    
1422      7058 1210  1210  454  4096 
1423      6444 4550  4550  53   8191 
1424      6444 8244  8244  49   4096 
1425      7456 4145  4145  442  1    
1426      7456 443   443   1192 4096 
1427      7804 5288  5288  2226 8191 
1428      7804 10417 10417 3443 4096 
1429      9262 7539  7539  4724 1    
1430      9262 4725  4725  5943 4096 
1431      9339 10039 10039 6983 8191 
1432      9339 15174 15174 7738 4096 
1433      9948 11834 11834 8139 1    
1434      9948 8140  8140  8143 4096 
1435      8937 12239 12239 7750 8191 
1436      8937 15941 15941 7000 4096 
1437      8601 11096 11096 5966 1    
1438      8601 5967  5967  4749 4096 
1439      7144 8845  8845  3468 8191 
1440      7144 11659 11659 2249 4096 
1441      7059 6345  6345  1209 1    
1442      7059 1210  1210  454  4096 
1443      6454 4550  4550  53   8191 
1444      6454 8244  8244  49   4096 
1445      7460 4145  4145  442  1    
1446      7460 443   443   1192 4096 
1447      7805 5288  5288  2226 8191 
1448      7805 10417 10417 3443 4096 
1449      9263 7539  7539  4724 1    
1450      9263 4725  4725  5943 4096 
1451      9340 10039 10039 6983 8191 
1452      9340 15174 15174 7738 4096 
1453      9947 11834 11834 8139 1    
1454      9947 8140  8140  8143 4096 
1455      8934 12239 12239 7750 8191 
1456      8934 15941 15941 7000 4096 
1457      8602 11096 11096 5966 1    
1458      8602 5967  5967  4749 4096 
1459      7142 8845  8845  3468 8191 
1460      7142 11659 11659 2249 4096 
1461      7060 6345  6345  1209 1    
1462      7060 1210  1210  454  4096 
1463      6453 4550  4550  53   8191 
1464      6453 8244  8244  49   4096 
1465      7458 4145  4145  442  1    
1466      7458 443   443   1192 4096 
1467      7804 5288  5288  2226 8191 
1468      7804 10417 10417 3443 4096 
1469      9263 7539  7539  4724 1    
1470      9263 4725  4725  5943 4096 
1471      9342 10039 10039 6983 8191 
1472      9342 15174 15174 7738 4096 
1473      9953 11834 11834 8139 1    
1474      9953 8140  8140  8143 4096 
1475      8936 12239 12239 7750 8191 
1476      8936 15941 15941 7000 4096 
1477      8599 11096 11096 5966 1    
1478      8599 5967  5967  4749 4096 
1479      7143 8845  8845  3468 8191 
1480      7143 11659 11659 2249 4096 
1481      7060 6345  6345  1209 1    
1482      7060 1210  1210  454  4096 
1483      6453 4550  4550  53   8191 
1484      6453 8244  8244  49   4096 
1485      7452 4145  4145  442  1    
1486      7452 443   443   1192 4096 
1487      7804 5288  5288  2226 8191 
1488      7804 10417 10417 3443 4096 
1489      9261 7539  7539  4724 1    
1490      9261 4725  4725  5943 4096 
1491      9339 10039 10039 6983 8191 
1492      9339 15174 15174 7738 4096 
1493      9951 11834 11834 8139 1    
1494      9951 8140  8140  8143 4096 
1495      8938 12239 12239 7750 8191 
1496      8938 15941 15941 7000 4096 
1497      8602 11096 11096 5966 1    
1498      8602 5967  5967  4749 4096 
1499      7142 8845  8845  3468 8191 
1500      7142 11659 11659 2249 4096 
1501      7059 6345  6345  1209 1    
1502      7059 1210  1210  454  4096 
1503      6452 4550  4550  53   8191 
1504      6452 8244  8244  49   4096 
1505      7458 4145  4145  442  1    
1506      7458 443   443   1192 4096 
1507      7806 5288  5288  2226 8191 
1508      7806 10417 10417 3443 4096 
1509      9261 7539  7539  4724 1    
1510      9261 4725  4725  5943 4096 
1511      9339 10039 10039 6983 8191 
1512      9339 15174 15174 7738 4096 
1513      9949 11834 11834 8139 1    
1514      9949 8140  8140  8143 4096 
1515      8935 12239 12239 7750 8191 
1516      8935 15941 15941 7000 4096 
1517      8602 11096 11096 5966 1    
1518      8602 5967  5967  4749 4096 
1519      7142 8845  8845  3468 8191 
1520      7142 11659 11659 2249 4096 
1521      7061 6345  6345  1209 1    
1522      7061 1210  1210  454  4096 
1523      6453 4550  4550  53   8191 
1524      6453 8244  8244  49   4096 
1525      7458 4145  4145  442  1    
1526      7458 443   443   1192 4096 
1527      7803 5288  5288  2226 8191 
1528      7803 10417 10417 3443 4096 
1529      9264 7539  7539  4724 1    
1530      9264 4725  4725  5943 4096 
1531      9342 10039 10039 6983 8191 
1532      9342 15174 15174 7738 4096 
1533      9951 11834 11834 8139 1    
1534      9951 8140  8140  8143 4096 
1535      8933 12239 12239 7750 8191 
1536      8933 15941 15941 7000 4096 
1537      8603 11096 11096 5966 1    
1538      8603 5967  5967  4749 4096 
1539      7143 8845  8845  3468 8191 
1540      7143 11659 11659 2249 4096 
1541      7061 6345  6345  1209 1    
1542      7061 1210  1210  454  4096 
1543      6452 4550  4550  53   8191 
1544      6452 8244  8244  49   4096 
1545      7459 4145  4145  442  1    
1546      7459 443   443   1192 4096 
1547      7805 5288  5288  2226 8191 
1548      7805 10417 10417 3443 4096 
1549      9267 7539  7539  4724 1    
1550      9267 4725  4725  5943 4096 
1551      9340 10039 10039 6983 8191 
1552      9340 15174 15174 7738 4096 
1553      9950 11834 11834 8139 1    
1554      9950 8140  8140  8143 4096 
1555      8932 12239 12239 7750 8191 
1556      8932 15941 15941 7000 4096 
1557      8602 11096 11096 5966 1    
1558      8602 5967  5967  4749 4096 
1559      7142 8845  8845  3468 8191 
1560      7142 11659 11659 2249 4096 
1561      7060 6345  6345  1209 1    
1562      7060 1210  1210  454  4096 
1563      6453 4550  4550  53   8191 
1564      6453 8244  8244  49   4096 
1565      7461 4145  4145  442  1    
1566      7461 443   443   1192 4096 
1567      7804 5288  5288  2226 8191 
1568      7804 10417 10417 3443 4096 
1569      9264 7539  7539  4724 1    
1570      9264 4725  4725  5943 4096 
1571      9341 10039 10039 6983 8191 
1572      9341 15174 15174 7738 4096 
1573      9949 11834 11834 8139 1    
1574      9949 8140  8140  8143 4096 
1575      8936 12239 12239 7750 8191 
1576      8936 15941 15941 7000 4096 
1577      8602 11096 11096 5966 1    
1578      8602 5967  5967  4749 4096 
1579      7143 8845  8845  3468 8191 
1580      7143 11659 11659 2249 4096 
1581      7061 6345  6345  1209 1    
1582      7061 1210  1210  454  4096 
1583      6451 4550  4550  53   8191 
1584      6451 8244  8244  49   4096 
1585      7460 4145  4145  442  1    
1586      7460 443   443   1192 4096 
1587      7804 5288  5288  2226 8191 
1588      7804 10417 10417 3443 4096 
1589      9262 7539  7539  4724 1    
1590      9262 4725  4725  5943 4096 
1591      9341 10039 10039 6983 8191 
1592      9341 15174 15174 7738 4096 
1593      9951 11834 11834 8139 1    
1594      9951 8140  8140  8143 4096 
1595      8931 12239 12239 7750 8191 
1596      8931 15941 15941 7000 4096 
1597      8606 11096 11096 5966 1    
1598      8606 5967  5967  4749 4096 
1599      7142 8845  8845  3468 8191 
1600      7142 11659 11659 2249 4096 
1601      7063 6345  6345  1209 1    
1602      7063 1210  1210  454  4096 
1603      6452 4550  4550  53   8191 
1604      6452 8244  8244  49   4096 
1605      7460 4145  4145  442  1    
1606      7460 443   443   1192 4096 
1607      7803 5288  5288  2226 8191 
1608      7803 10417 10417 3443 4096 
1609      9260 7539  7539  4724 1    
1610      9260 4725  4725  5943 4096 
1611      9341 10039 10039 6983 8191 
1612      9341 15174 15174 7738 4096 
1613      9953 11834 11834 8139 1    
1614      9953 8140  8140  8143 4096 
1615      8934 12239 12239 7750 8191 
1616      8934 15941 15941 7000 4096 
1617      8604 11096 11096 5966 1    
1618      8604 5967  5967  4749 4096 
1619      7140 8845  8845  3468 8191 
1620      7140 11659 11659 2249 4096 
1621      7061 6345  6345  1209 1    
1622      7061 1210  1210  454  4096 
1623      6450 4550  4550  53   8191 
1624      6450 8244  8244  49   4096 
1625      7459 4145  4145  442  1    
1626      7459 443   443   1192 4096 
1627      7803 5288  5288  2226 8191 
1628      7803 10417 10417 3443 4096 
1629      9264 7539  7539  4724 1    
1630      9264 4725  4725  5943 4096 
1631      9340 10039 10039 6983 8191 
1632      9340 15174 15174 7738 4096 
1633      9953 11834 11834 8139 1    
1634      9953 8140  8140  8143 4096 
1635      8934 12239 12239 7750 8191 
1636      8934 15941 15941 7000 4096 
1637      8602 11096 11096 5966 1    
1638      8602 5967  5967  4749 4096 
1639      7138 8845  8845  3468 8191 
1640      7138 11659 11659 2249 4096 
1641      7063 6345  6345  1209 1    
1642      7063 1210  1210  454  4096 
1643      6449 4550  4550  53   8191 
1644      6449 8244  8244  49   4096 
1645      7463 4145  4145  442  1    
1646      7463 443   443   1192 4096 
1647      7803 5288  5288  2226 8191 
1648      7803 10417 10417 3443 4096 
1649      9265 7539  7539  4724 1    
1650      9265 4725  4725  5943 4096 
1651      9340 10039 10039 6983 8191 
1652      9340 15174 15174 7738 4096 
1653      9950 11834 11834 8139 1    
1654      9950 8140  8140  8143 4096 
1655      8935 12239 12239 7750 8191 
1656      8935 15941 15941 7000 4096 
1657      8604 11096 11096 5966 1    
1658      8604 5967  5967  4749 4096 
1659      7139 8845  8845  3468 8191 
1660      7139 11659 11659 2249 4096 
1661      7061 6345  6345  1209 1    
1662      7061 1210  1210  454  4096 
1663      6454 4550  4550  53   8191 
1664      6454 8244  8244  49   4096 
1665      7461 4145  4145  442  1    
1666      7461 443   443   1192 4096 
1667      7805 5288  5288  2226 8191 
1668      7805 10417 10417 3443 4096 
1669      9267 7539  7539  4724 1    
1670      9267 4725  4725  5943 4096 
1671      9339 10039 10039 6983 8191 
1672      9339 15174 15174 7738 4096 
1673      9953 11834 11834 8139 1    
1674      9953 8140  8140  8143 4096 
1675      8931 12239 12239 7750 8191 
1676      8931 15941 15941 7000 4096 
1677      8604 11096 11096 5966 1    
1678      8604 5967  5967  4749 4096 
1679      7141 8845  8845  3468 8191 
1680      7141 11659 11659 2249 4096 
1681      7061 6345  6345  1209 1    
1682      7061 1210  1210  454  4096 
1683      6452 4550  4550  53   8191 
1684      6452 8244  8244  49   4096 
1685      7458 4145  4145  442  1    
1686      7458 443   443   1192 4096 
1687      7804 5288  5288  2226 8191 
1688      7804 10417 10417 3443 4096 
1689      9264 7539  7539  4724 1    
1690      9264 4725  4725  5943 4096 
1691      9341 10039 10039 6983 8191 
1692      9341 15174 15174 7738 4096 
1693      9953 11834 11834 8139 1    
1694      9953 8140  8140  8143 4096 
1695      8934 12239 12239 7750 8191 
1696      8934 15941 15941 7000 4096 
1697      8604 11096 11096 5966 1    
1698      8604 5967  5967  4749 4096 
1699      7140 8845  8845  3468 8191 
1700      7140 11659 11659 2249 4096 
1701      7063 6345  6345  1209 1    
1702      7063 1210  1210  454  4096 
1703      6451 4550  4550  53   8191 
1704      6451 8244  8244  49   4096 
1705      7460 4145  4145  442  1    
1706      7460 443   443   1192 4096 
1707      7805 5288  5288  2226 8191 
1708      7805 10417 10417 3443 4096 
1709      9269 7539  7539  4724 1    
1710      9269 4725  4725  5943 4096 
1711      9340 10039 10039 6983 8191 
1712      9340 15174 15174 7738 4096 
1713      9950 11834 11834 8139 1    
1714      9950 8140  8140  8143 4096 
1715      8936 12239 12239 7750 8191 
1716      8936 15941 15941 7000 4096 
1717      8605 11096 11096 5966 1    
1718      8605 5967  5967  4749 4096 
1719      7140 8845  8845  3468 8191 
1720      7140 11659 11659 2249 4096 
1721      7065 6345  6345  1209 1    
1722      7065 1210  1210  454  4096 
1723      6455 4550  4550  53   8191 
1724      6455 8244  8244  49   4096 
1725      7458 4145  4145  442  1    
1726      7458 443   443   1192 4096 
1727      7805 5288  5288  2226 8191 
1728      7805 10417 10417 3443 4096 
1729      9265 7539  7539  4724 1    
1730      9265 4725  4725  5943 4096 
1731      9343 10039 10039 6983 8191 
1732      9343 15174 15174 7738 4096 
1733      9953 11834 11834 8139 1    
1734      9953 8140  8140  8143 4096 
1735      8935 12239 12239 7750 8191 
1736      8935 15941 15941 7000 4096 
1737      8604 11096 11096 5966 1    
1738      8604 5967  5967  4749 4096 
1739      7144 8845  8845  3468 8191 
1740      7144 11659 11659 2249 4096 
1741      7063 6345  6345  1209 1    
1742      7063 1210  1210  454  4096 
1743      6454 4550  4550  53   8191 
1744      6454 8244  8244  49   4096 
1745      7462 4145  4145  442  1    
1746      7462 443   443   1192 4096 
1747      7803 5288  5288  2226 8191 
1748      7803 10417 10417 3443 4096 
1749      9267 7539  7539  4724 1    
1750      9267 4725  4725  5943 4096 
1751      9342 10039 10039 6983 8191 
1752      9342 15174 15174 7738 4096 
1753      9952 11834 11834 8139 1    
1754      9952 8140  8140  8143 4096 
1755      8936 12239 12239 7750 8191 
1756      8936 15941 15941 7000 4096 
1757      8603 11096 11096 5966 1    
1758      8603 5967  5967  4749 4096 
1759      7143 8845  8845  3468 8191 
1760      7143 11659 11659 2249 4096 
1761      7062 6345  6345  1209 1    
1762      7062 1210  1210  454  4096 
1763      6451 4550  4550  53   8191 
1764      6451 8244  8244  49   4096 
1765      7458 4145  4145  442  1    
1766      7458 443   443   1192 4096 
1767      7804 5288  5288  2226 8191 
1768      7804 10417 10417 3443 4096 
1769      9265 7539  7539  4724 1    
1770      9265 4725  4725  5943 4096 
1771      9340 10039 10039 6983 8191 
1772      9340 15174 15174 7738 4096 
1773      9950 11834 11834 8139 1    
1774      9950 8140  8140  8143 4096 
1775      8932 12239 12239 7750 8191 
1776      8932 15941 15941 7000 4096 
1777      8603 11096 11096 5966 1    
1778      8603 5967  5967  4749 4096 
1779      7142 8845  8845  3468 8191 
1780      7142 11659 11659 2249 4096 
1781      7060 6345  6345  1209 1    
1782      7060 1210  1210  454  4096 
1783      6454 4550  4550  53   8191 
1784      6454 8244  8244  49   4096 
1785      7459 4145  4145  442  1    
1786      7459 443   443   1192 4096 
1787      7806 5288  5288  2226 8191 
1788      7806 10417 10417 3443 4096 
1789      9267 7539  7539  4724 1    
1790      9267 4725  4725  5943 4096 
1791      9342 10039 10039 6983 8191 
