Signal Legend:

Key        Signal Name

0        = ADC_DB
1        = DAC_DB
2        = DAC_DA
3        = DE4_ADDA_HSMA_TOP:U1|lpm_add:lpm|dataa
4        = DE4_ADDA_HSMA_TOP:U1|lpm_add:lpm|datab

Data Table:

Signals-> 0     1     2     3    4    

sample

-256      9083  8327  8327  2960 8191 
-255      9083  11151 11151 1800 4096 
-254      5706  5896  5896  865  1    
-253      5706  866   866   246  4096 
-252      7964  4342  4342  3    8191 
-251      7964  8194  8194  162  4096 
-250      5631  4258  4258  705  1    
-249      5631  706   706   1581 4096 
-248      8958  5677  5677  2703 8191 
-247      8958  10894 10894 3961 4096 
-246      7317  8057  8057  5232 1    
-245      7317  5233  5233  6392 4096 
-244      10695 10488 10488 7327 8191 
-243      10695 15518 15518 7946 4096 
-242      8451  12042 12042 8189 1    
-241      8451  8190  8190  8030 4096 
-240      10775 12126 12126 7487 8191 
-239      10775 15678 15678 6611 4096 
-238      7453  10707 10707 5489 1    
-237      7453  5490  5490  4231 4096 
-236      9082  8327  8327  2960 8191 
-235      9082  11151 11151 1800 4096 
-234      5703  5896  5896  865  1    
-233      5703  866   866   246  4096 
-232      7967  4342  4342  3    8191 
-231      7967  8194  8194  162  4096 
-230      5633  4258  4258  705  1    
-229      5633  706   706   1581 4096 
-228      8959  5677  5677  2703 8191 
-227      8959  10894 10894 3961 4096 
-226      7319  8057  8057  5232 1    
-225      7319  5233  5233  6392 4096 
-224      10696 10488 10488 7327 8191 
-223      10696 15518 15518 7946 4096 
-222      8448  12042 12042 8189 1    
-221      8448  8190  8190  8030 4096 
-220      10774 12126 12126 7487 8191 
-219      10774 15678 15678 6611 4096 
-218      7448  10707 10707 5489 1    
-217      7448  5490  5490  4231 4096 
-216      9082  8327  8327  2960 8191 
-215      9082  11151 11151 1800 4096 
-214      5705  5896  5896  865  1    
-213      5705  866   866   246  4096 
-212      7965  4342  4342  3    8191 
-211      7965  8194  8194  162  4096 
-210      5632  4258  4258  705  1    
-209      5632  706   706   1581 4096 
-208      8958  5677  5677  2703 8191 
-207      8958  10894 10894 3961 4096 
-206      7319  8057  8057  5232 1    
-205      7319  5233  5233  6392 4096 
-204      10696 10488 10488 7327 8191 
-203      10696 15518 15518 7946 4096 
-202      8449  12042 12042 8189 1    
-201      8449  8190  8190  8030 4096 
-200      10774 12126 12126 7487 8191 
-199      10774 15678 15678 6611 4096 
-198      7451  10707 10707 5489 1    
-197      7451  5490  5490  4231 4096 
-196      9082  8327  8327  2960 8191 
-195      9082  11151 11151 1800 4096 
-194      5706  5896  5896  865  1    
-193      5706  866   866   246  4096 
-192      7966  4342  4342  3    8191 
-191      7966  8194  8194  162  4096 
-190      5629  4258  4258  705  1    
-189      5629  706   706   1581 4096 
-188      8957  5677  5677  2703 8191 
-187      8957  10894 10894 3961 4096 
-186      7318  8057  8057  5232 1    
-185      7318  5233  5233  6392 4096 
-184      10695 10488 10488 7327 8191 
-183      10695 15518 15518 7946 4096 
-182      8449  12042 12042 8189 1    
-181      8449  8190  8190  8030 4096 
-180      10774 12126 12126 7487 8191 
-179      10774 15678 15678 6611 4096 
-178      7451  10707 10707 5489 1    
-177      7451  5490  5490  4231 4096 
-176      9082  8327  8327  2960 8191 
-175      9082  11151 11151 1800 4096 
-174      5702  5896  5896  865  1    
-173      5702  866   866   246  4096 
-172      7966  4342  4342  3    8191 
-171      7966  8194  8194  162  4096 
-170      5629  4258  4258  705  1    
-169      5629  706   706   1581 4096 
-168      8958  5677  5677  2703 8191 
-167      8958  10894 10894 3961 4096 
-166      7317  8057  8057  5232 1    
-165      7317  5233  5233  6392 4096 
-164      10694 10488 10488 7327 8191 
-163      10694 15518 15518 7946 4096 
-162      8449  12042 12042 8189 1    
-161      8449  8190  8190  8030 4096 
-160      10774 12126 12126 7487 8191 
-159      10774 15678 15678 6611 4096 
-158      7452  10707 10707 5489 1    
-157      7452  5490  5490  4231 4096 
-156      9086  8327  8327  2960 8191 
-155      9086  11151 11151 1800 4096 
-154      5706  5896  5896  865  1    
-153      5706  866   866   246  4096 
-152      7963  4342  4342  3    8191 
-151      7963  8194  8194  162  4096 
-150      5631  4258  4258  705  1    
-149      5631  706   706   1581 4096 
-148      8959  5677  5677  2703 8191 
-147      8959  10894 10894 3961 4096 
-146      7319  8057  8057  5232 1    
-145      7319  5233  5233  6392 4096 
-144      10694 10488 10488 7327 8191 
-143      10694 15518 15518 7946 4096 
-142      8450  12042 12042 8189 1    
-141      8450  8190  8190  8030 4096 
-140      10775 12126 12126 7487 8191 
-139      10775 15678 15678 6611 4096 
-138      7451  10707 10707 5489 1    
-137      7451  5490  5490  4231 4096 
-136      9085  8327  8327  2960 8191 
-135      9085  11151 11151 1800 4096 
-134      5705  5896  5896  865  1    
-133      5705  866   866   246  4096 
-132      7964  4342  4342  3    8191 
-131      7964  8194  8194  162  4096 
-130      5628  4258  4258  705  1    
-129      5628  706   706   1581 4096 
-128      8956  5677  5677  2703 8191 
-127      8956  10894 10894 3961 4096 
-126      7320  8057  8057  5232 1    
-125      7320  5233  5233  6392 4096 
-124      10695 10488 10488 7327 8191 
-123      10695 15518 15518 7946 4096 
-122      8449  12042 12042 8189 1    
-121      8449  8190  8190  8030 4096 
-120      10771 12126 12126 7487 8191 
-119      10771 15678 15678 6611 4096 
-118      7451  10707 10707 5489 1    
-117      7451  5490  5490  4231 4096 
-116      9086  8327  8327  2960 8191 
-115      9086  11151 11151 1800 4096 
-114      5704  5896  5896  865  1    
-113      5704  866   866   246  4096 
-112      7966  4342  4342  3    8191 
-111      7966  8194  8194  162  4096 
-110      5633  4258  4258  705  1    
-109      5633  706   706   1581 4096 
-108      8956  5677  5677  2703 8191 
-107      8956  10894 10894 3961 4096 
-106      7320  8057  8057  5232 1    
-105      7320  5233  5233  6392 4096 
-104      10695 10488 10488 7327 8191 
-103      10695 15518 15518 7946 4096 
-102      8450  12042 12042 8189 1    
-101      8450  8190  8190  8030 4096 
-100      10773 12126 12126 7487 8191 
-99       10773 15678 15678 6611 4096 
-98       7451  10707 10707 5489 1    
-97       7451  5490  5490  4231 4096 
-96       9081  8327  8327  2960 8191 
-95       9081  11151 11151 1800 4096 
-94       5705  5896  5896  865  1    
-93       5705  866   866   246  4096 
-92       7964  4342  4342  3    8191 
-91       7964  8194  8194  162  4096 
-90       5630  4258  4258  705  1    
-89       5630  706   706   1581 4096 
-88       8959  5677  5677  2703 8191 
-87       8959  10894 10894 3961 4096 
-86       7318  8057  8057  5232 1    
-85       7318  5233  5233  6392 4096 
-84       10695 10488 10488 7327 8191 
-83       10695 15518 15518 7946 4096 
-82       8448  12042 12042 8189 1    
-81       8448  8190  8190  8030 4096 
-80       10774 12126 12126 7487 8191 
-79       10774 15678 15678 6611 4096 
-78       7449  10707 10707 5489 1    
-77       7449  5490  5490  4231 4096 
-76       9086  8327  8327  2960 8191 
-75       9086  11151 11151 1800 4096 
-74       5705  5896  5896  865  1    
-73       5705  866   866   246  4096 
-72       7964  4342  4342  3    8191 
-71       7964  8194  8194  162  4096 
-70       5630  4258  4258  705  1    
-69       5630  706   706   1581 4096 
-68       8958  5677  5677  2703 8191 
-67       8958  10894 10894 3961 4096 
-66       7319  8057  8057  5232 1    
-65       7319  5233  5233  6392 4096 
-64       10693 10488 10488 7327 8191 
-63       10693 15518 15518 7946 4096 
-62       8450  12042 12042 8189 1    
-61       8450  8190  8190  8030 4096 
-60       10773 12126 12126 7487 8191 
-59       10773 15678 15678 6611 4096 
-58       7450  10707 10707 5489 1    
-57       7450  5490  5490  4231 4096 
-56       9083  8327  8327  2960 8191 
-55       9083  11151 11151 1800 4096 
-54       5702  5896  5896  865  1    
-53       5702  866   866   246  4096 
-52       7966  4342  4342  3    8191 
-51       7966  8194  8194  162  4096 
-50       5629  4258  4258  705  1    
-49       5629  706   706   1581 4096 
-48       8958  5677  5677  2703 8191 
-47       8958  10894 10894 3961 4096 
-46       7319  8057  8057  5232 1    
-45       7319  5233  5233  6392 4096 
-44       10693 10488 10488 7327 8191 
-43       10693 15518 15518 7946 4096 
-42       8451  12042 12042 8189 1    
-41       8451  8190  8190  8030 4096 
-40       10774 12126 12126 7487 8191 
-39       10774 15678 15678 6611 4096 
-38       7453  10707 10707 5489 1    
-37       7453  5490  5490  4231 4096 
-36       9084  8327  8327  2960 8191 
-35       9084  11151 11151 1800 4096 
-34       5704  5896  5896  865  1    
-33       5704  866   866   246  4096 
-32       7967  4342  4342  3    8191 
-31       7967  8194  8194  162  4096 
-30       5630  4258  4258  705  1    
-29       5630  706   706   1581 4096 
-28       8957  5677  5677  2703 8191 
-27       8957  10894 10894 3961 4096 
-26       7318  8057  8057  5232 1    
-25       7318  5233  5233  6392 4096 
-24       10695 10488 10488 7327 8191 
-23       10695 15518 15518 7946 4096 
-22       8448  12042 12042 8189 1    
-21       8448  8190  8190  8030 4096 
-20       10774 12126 12126 7487 8191 
-19       10774 15678 15678 6611 4096 
-18       7451  10707 10707 5489 1    
-17       7451  5490  5490  4231 4096 
-16       9083  8327  8327  2960 8191 
-15       9083  11151 11151 1800 4096 
-14       5705  5896  5896  865  1    
-13       5705  866   866   246  4096 
-12       7966  4342  4342  3    8191 
-11       7966  8194  8194  162  4096 
-10       5631  4258  4258  705  1    
-9        5631  706   706   1581 4096 
-8        8959  5677  5677  2703 8191 
-7        8959  10894 10894 3961 4096 
-6        7320  8057  8057  5232 1    
-5        7320  5233  5233  6392 4096 
-4        10696 10488 10488 7327 8191 
-3        10696 15518 15518 7946 4096 
-2        8449  12042 12042 8189 1    
-1        8449  8190  8190  8030 4096 
0         10772 12126 12126 7487 8191 
1         10772 15678 15678 6611 4096 
2         7450  10707 10707 5489 1    
3         7450  5490  5490  4231 4096 
4         9082  8327  8327  2960 8191 
5         9082  11151 11151 1800 4096 
6         5705  5896  5896  865  1    
7         5705  866   866   246  4096 
8         7963  4342  4342  3    8191 
9         7963  8194  8194  162  4096 
10        5631  4258  4258  705  1    
11        5631  706   706   1581 4096 
12        8960  5677  5677  2703 8191 
13        8960  10894 10894 3961 4096 
14        7317  8057  8057  5232 1    
15        7317  5233  5233  6392 4096 
16        10694 10488 10488 7327 8191 
17        10694 15518 15518 7946 4096 
18        8450  12042 12042 8189 1    
19        8450  8190  8190  8030 4096 
20        10774 12126 12126 7487 8191 
21        10774 15678 15678 6611 4096 
22        7450  10707 10707 5489 1    
23        7450  5490  5490  4231 4096 
24        9084  8327  8327  2960 8191 
25        9084  11151 11151 1800 4096 
26        5705  5896  5896  865  1    
27        5705  866   866   246  4096 
28        7964  4342  4342  3    8191 
29        7964  8194  8194  162  4096 
30        5632  4258  4258  705  1    
31        5632  706   706   1581 4096 
32        8959  5677  5677  2703 8191 
33        8959  10894 10894 3961 4096 
34        7317  8057  8057  5232 1    
35        7317  5233  5233  6392 4096 
36        10696 10488 10488 7327 8191 
37        10696 15518 15518 7946 4096 
38        8451  12042 12042 8189 1    
39        8451  8190  8190  8030 4096 
40        10774 12126 12126 7487 8191 
41        10774 15678 15678 6611 4096 
42        7453  10707 10707 5489 1    
43        7453  5490  5490  4231 4096 
44        9082  8327  8327  2960 8191 
45        9082  11151 11151 1800 4096 
46        5707  5896  5896  865  1    
47        5707  866   866   246  4096 
48        7964  4342  4342  3    8191 
49        7964  8194  8194  162  4096 
50        5628  4258  4258  705  1    
51        5628  706   706   1581 4096 
52        8957  5677  5677  2703 8191 
53        8957  10894 10894 3961 4096 
54        7318  8057  8057  5232 1    
55        7318  5233  5233  6392 4096 
56        10698 10488 10488 7327 8191 
57        10698 15518 15518 7946 4096 
58        8449  12042 12042 8189 1    
59        8449  8190  8190  8030 4096 
60        10772 12126 12126 7487 8191 
61        10772 15678 15678 6611 4096 
62        7450  10707 10707 5489 1    
63        7450  5490  5490  4231 4096 
64        9082  8327  8327  2960 8191 
65        9082  11151 11151 1800 4096 
66        5705  5896  5896  865  1    
67        5705  866   866   246  4096 
68        7963  4342  4342  3    8191 
69        7963  8194  8194  162  4096 
70        5631  4258  4258  705  1    
71        5631  706   706   1581 4096 
72        8958  5677  5677  2703 8191 
73        8958  10894 10894 3961 4096 
74        7317  8057  8057  5232 1    
75        7317  5233  5233  6392 4096 
76        10696 10488 10488 7327 8191 
77        10696 15518 15518 7946 4096 
78        8449  12042 12042 8189 1    
79        8449  8190  8190  8030 4096 
80        10773 12126 12126 7487 8191 
81        10773 15678 15678 6611 4096 
82        7452  10707 10707 5489 1    
83        7452  5490  5490  4231 4096 
84        9084  8327  8327  2960 8191 
85        9084  11151 11151 1800 4096 
86        5705  5896  5896  865  1    
87        5705  866   866   246  4096 
88        7965  4342  4342  3    8191 
89        7965  8194  8194  162  4096 
90        5629  4258  4258  705  1    
91        5629  706   706   1581 4096 
92        8960  5677  5677  2703 8191 
93        8960  10894 10894 3961 4096 
94        7319  8057  8057  5232 1    
95        7319  5233  5233  6392 4096 
96        10698 10488 10488 7327 8191 
97        10698 15518 15518 7946 4096 
98        8449  12042 12042 8189 1    
99        8449  8190  8190  8030 4096 
100       10775 12126 12126 7487 8191 
101       10775 15678 15678 6611 4096 
102       7452  10707 10707 5489 1    
103       7452  5490  5490  4231 4096 
104       9084  8327  8327  2960 8191 
105       9084  11151 11151 1800 4096 
106       5704  5896  5896  865  1    
107       5704  866   866   246  4096 
108       7967  4342  4342  3    8191 
109       7967  8194  8194  162  4096 
110       5629  4258  4258  705  1    
111       5629  706   706   1581 4096 
112       8958  5677  5677  2703 8191 
113       8958  10894 10894 3961 4096 
114       7318  8057  8057  5232 1    
115       7318  5233  5233  6392 4096 
116       10698 10488 10488 7327 8191 
117       10698 15518 15518 7946 4096 
118       8450  12042 12042 8189 1    
119       8450  8190  8190  8030 4096 
120       10774 12126 12126 7487 8191 
121       10774 15678 15678 6611 4096 
122       7451  10707 10707 5489 1    
123       7451  5490  5490  4231 4096 
124       9085  8327  8327  2960 8191 
125       9085  11151 11151 1800 4096 
126       5705  5896  5896  865  1    
127       5705  866   866   246  4096 
128       7964  4342  4342  3    8191 
129       7964  8194  8194  162  4096 
130       5629  4258  4258  705  1    
131       5629  706   706   1581 4096 
132       8960  5677  5677  2703 8191 
133       8960  10894 10894 3961 4096 
134       7319  8057  8057  5232 1    
135       7319  5233  5233  6392 4096 
136       10696 10488 10488 7327 8191 
137       10696 15518 15518 7946 4096 
138       8449  12042 12042 8189 1    
139       8449  8190  8190  8030 4096 
140       10775 12126 12126 7487 8191 
141       10775 15678 15678 6611 4096 
142       7451  10707 10707 5489 1    
143       7451  5490  5490  4231 4096 
144       9082  8327  8327  2960 8191 
145       9082  11151 11151 1800 4096 
146       5704  5896  5896  865  1    
147       5704  866   866   246  4096 
148       7965  4342  4342  3    8191 
149       7965  8194  8194  162  4096 
150       5628  4258  4258  705  1    
151       5628  706   706   1581 4096 
152       8954  5677  5677  2703 8191 
153       8954  10894 10894 3961 4096 
154       7318  8057  8057  5232 1    
155       7318  5233  5233  6392 4096 
156       10696 10488 10488 7327 8191 
157       10696 15518 15518 7946 4096 
158       8450  12042 12042 8189 1    
159       8450  8190  8190  8030 4096 
160       10772 12126 12126 7487 8191 
161       10772 15678 15678 6611 4096 
162       7454  10707 10707 5489 1    
163       7454  5490  5490  4231 4096 
164       9085  8327  8327  2960 8191 
165       9085  11151 11151 1800 4096 
166       5704  5896  5896  865  1    
167       5704  866   866   246  4096 
168       7964  4342  4342  3    8191 
169       7964  8194  8194  162  4096 
170       5630  4258  4258  705  1    
171       5630  706   706   1581 4096 
172       8958  5677  5677  2703 8191 
173       8958  10894 10894 3961 4096 
174       7318  8057  8057  5232 1    
175       7318  5233  5233  6392 4096 
176       10696 10488 10488 7327 8191 
177       10696 15518 15518 7946 4096 
178       8450  12042 12042 8189 1    
179       8450  8190  8190  8030 4096 
180       10775 12126 12126 7487 8191 
181       10775 15678 15678 6611 4096 
182       7448  10707 10707 5489 1    
183       7448  5490  5490  4231 4096 
184       9085  8327  8327  2960 8191 
185       9085  11151 11151 1800 4096 
186       5707  5896  5896  865  1    
187       5707  866   866   246  4096 
188       7962  4342  4342  3    8191 
189       7962  8194  8194  162  4096 
190       5629  4258  4258  705  1    
191       5629  706   706   1581 4096 
192       8958  5677  5677  2703 8191 
193       8958  10894 10894 3961 4096 
194       7321  8057  8057  5232 1    
195       7321  5233  5233  6392 4096 
196       10695 10488 10488 7327 8191 
197       10695 15518 15518 7946 4096 
198       8450  12042 12042 8189 1    
199       8450  8190  8190  8030 4096 
200       10775 12126 12126 7487 8191 
201       10775 15678 15678 6611 4096 
202       7454  10707 10707 5489 1    
203       7454  5490  5490  4231 4096 
204       9084  8327  8327  2960 8191 
205       9084  11151 11151 1800 4096 
206       5704  5896  5896  865  1    
207       5704  866   866   246  4096 
208       7964  4342  4342  3    8191 
209       7964  8194  8194  162  4096 
210       5631  4258  4258  705  1    
211       5631  706   706   1581 4096 
212       8957  5677  5677  2703 8191 
213       8957  10894 10894 3961 4096 
214       7318  8057  8057  5232 1    
215       7318  5233  5233  6392 4096 
216       10696 10488 10488 7327 8191 
217       10696 15518 15518 7946 4096 
218       8448  12042 12042 8189 1    
219       8448  8190  8190  8030 4096 
220       10773 12126 12126 7487 8191 
221       10773 15678 15678 6611 4096 
222       7451  10707 10707 5489 1    
223       7451  5490  5490  4231 4096 
224       9083  8327  8327  2960 8191 
225       9083  11151 11151 1800 4096 
226       5705  5896  5896  865  1    
227       5705  866   866   246  4096 
228       7962  4342  4342  3    8191 
229       7962  8194  8194  162  4096 
230       5631  4258  4258  705  1    
231       5631  706   706   1581 4096 
232       8958  5677  5677  2703 8191 
233       8958  10894 10894 3961 4096 
234       7317  8057  8057  5232 1    
235       7317  5233  5233  6392 4096 
236       10695 10488 10488 7327 8191 
237       10695 15518 15518 7946 4096 
238       8450  12042 12042 8189 1    
239       8450  8190  8190  8030 4096 
240       10776 12126 12126 7487 8191 
241       10776 15678 15678 6611 4096 
242       7452  10707 10707 5489 1    
243       7452  5490  5490  4231 4096 
244       9083  8327  8327  2960 8191 
245       9083  11151 11151 1800 4096 
246       5704  5896  5896  865  1    
247       5704  866   866   246  4096 
248       7963  4342  4342  3    8191 
249       7963  8194  8194  162  4096 
250       5629  4258  4258  705  1    
251       5629  706   706   1581 4096 
252       8961  5677  5677  2703 8191 
253       8961  10894 10894 3961 4096 
254       7317  8057  8057  5232 1    
255       7317  5233  5233  6392 4096 
256       10693 10488 10488 7327 8191 
257       10693 15518 15518 7946 4096 
258       8449  12042 12042 8189 1    
259       8449  8190  8190  8030 4096 
260       10774 12126 12126 7487 8191 
261       10774 15678 15678 6611 4096 
262       7452  10707 10707 5489 1    
263       7452  5490  5490  4231 4096 
264       9085  8327  8327  2960 8191 
265       9085  11151 11151 1800 4096 
266       5702  5896  5896  865  1    
267       5702  866   866   246  4096 
268       7965  4342  4342  3    8191 
269       7965  8194  8194  162  4096 
270       5630  4258  4258  705  1    
271       5630  706   706   1581 4096 
272       8957  5677  5677  2703 8191 
273       8957  10894 10894 3961 4096 
274       7318  8057  8057  5232 1    
275       7318  5233  5233  6392 4096 
276       10693 10488 10488 7327 8191 
277       10693 15518 15518 7946 4096 
278       8450  12042 12042 8189 1    
279       8450  8190  8190  8030 4096 
280       10775 12126 12126 7487 8191 
281       10775 15678 15678 6611 4096 
282       7451  10707 10707 5489 1    
283       7451  5490  5490  4231 4096 
284       9086  8327  8327  2960 8191 
285       9086  11151 11151 1800 4096 
286       5704  5896  5896  865  1    
287       5704  866   866   246  4096 
288       7965  4342  4342  3    8191 
289       7965  8194  8194  162  4096 
290       5631  4258  4258  705  1    
291       5631  706   706   1581 4096 
292       8958  5677  5677  2703 8191 
293       8958  10894 10894 3961 4096 
294       7318  8057  8057  5232 1    
295       7318  5233  5233  6392 4096 
296       10694 10488 10488 7327 8191 
297       10694 15518 15518 7946 4096 
298       8449  12042 12042 8189 1    
299       8449  8190  8190  8030 4096 
300       10772 12126 12126 7487 8191 
301       10772 15678 15678 6611 4096 
302       7452  10707 10707 5489 1    
303       7452  5490  5490  4231 4096 
304       9085  8327  8327  2960 8191 
305       9085  11151 11151 1800 4096 
306       5706  5896  5896  865  1    
307       5706  866   866   246  4096 
308       7964  4342  4342  3    8191 
309       7964  8194  8194  162  4096 
310       5632  4258  4258  705  1    
311       5632  706   706   1581 4096 
312       8959  5677  5677  2703 8191 
313       8959  10894 10894 3961 4096 
314       7319  8057  8057  5232 1    
315       7319  5233  5233  6392 4096 
316       10696 10488 10488 7327 8191 
317       10696 15518 15518 7946 4096 
318       8449  12042 12042 8189 1    
319       8449  8190  8190  8030 4096 
320       10774 12126 12126 7487 8191 
321       10774 15678 15678 6611 4096 
322       7448  10707 10707 5489 1    
323       7448  5490  5490  4231 4096 
324       9081  8327  8327  2960 8191 
325       9081  11151 11151 1800 4096 
326       5704  5896  5896  865  1    
327       5704  866   866   246  4096 
328       7965  4342  4342  3    8191 
329       7965  8194  8194  162  4096 
330       5631  4258  4258  705  1    
331       5631  706   706   1581 4096 
332       8957  5677  5677  2703 8191 
333       8957  10894 10894 3961 4096 
334       7318  8057  8057  5232 1    
335       7318  5233  5233  6392 4096 
336       10696 10488 10488 7327 8191 
337       10696 15518 15518 7946 4096 
338       8452  12042 12042 8189 1    
339       8452  8190  8190  8030 4096 
340       10776 12126 12126 7487 8191 
341       10776 15678 15678 6611 4096 
342       7452  10707 10707 5489 1    
343       7452  5490  5490  4231 4096 
344       9085  8327  8327  2960 8191 
345       9085  11151 11151 1800 4096 
346       5704  5896  5896  865  1    
347       5704  866   866   246  4096 
348       7965  4342  4342  3    8191 
349       7965  8194  8194  162  4096 
350       5631  4258  4258  705  1    
351       5631  706   706   1581 4096 
352       8957  5677  5677  2703 8191 
353       8957  10894 10894 3961 4096 
354       7319  8057  8057  5232 1    
355       7319  5233  5233  6392 4096 
356       10694 10488 10488 7327 8191 
357       10694 15518 15518 7946 4096 
358       8450  12042 12042 8189 1    
359       8450  8190  8190  8030 4096 
360       10774 12126 12126 7487 8191 
361       10774 15678 15678 6611 4096 
362       7454  10707 10707 5489 1    
363       7454  5490  5490  4231 4096 
364       9084  8327  8327  2960 8191 
365       9084  11151 11151 1800 4096 
366       5704  5896  5896  865  1    
367       5704  866   866   246  4096 
368       7963  4342  4342  3    8191 
369       7963  8194  8194  162  4096 
370       5630  4258  4258  705  1    
371       5630  706   706   1581 4096 
372       8958  5677  5677  2703 8191 
373       8958  10894 10894 3961 4096 
374       7318  8057  8057  5232 1    
375       7318  5233  5233  6392 4096 
376       10696 10488 10488 7327 8191 
377       10696 15518 15518 7946 4096 
378       8448  12042 12042 8189 1    
379       8448  8190  8190  8030 4096 
380       10772 12126 12126 7487 8191 
381       10772 15678 15678 6611 4096 
382       7452  10707 10707 5489 1    
383       7452  5490  5490  4231 4096 
384       9084  8327  8327  2960 8191 
385       9084  11151 11151 1800 4096 
386       5704  5896  5896  865  1    
387       5704  866   866   246  4096 
388       7966  4342  4342  3    8191 
389       7966  8194  8194  162  4096 
390       5629  4258  4258  705  1    
391       5629  706   706   1581 4096 
392       8959  5677  5677  2703 8191 
393       8959  10894 10894 3961 4096 
394       7320  8057  8057  5232 1    
395       7320  5233  5233  6392 4096 
396       10695 10488 10488 7327 8191 
397       10695 15518 15518 7946 4096 
398       8450  12042 12042 8189 1    
399       8450  8190  8190  8030 4096 
400       10774 12126 12126 7487 8191 
401       10774 15678 15678 6611 4096 
402       7453  10707 10707 5489 1    
403       7453  5490  5490  4231 4096 
404       9083  8327  8327  2960 8191 
405       9083  11151 11151 1800 4096 
406       5704  5896  5896  865  1    
407       5704  866   866   246  4096 
408       7965  4342  4342  3    8191 
409       7965  8194  8194  162  4096 
410       5631  4258  4258  705  1    
411       5631  706   706   1581 4096 
412       8957  5677  5677  2703 8191 
413       8957  10894 10894 3961 4096 
414       7317  8057  8057  5232 1    
415       7317  5233  5233  6392 4096 
416       10696 10488 10488 7327 8191 
417       10696 15518 15518 7946 4096 
418       8447  12042 12042 8189 1    
419       8447  8190  8190  8030 4096 
420       10774 12126 12126 7487 8191 
421       10774 15678 15678 6611 4096 
422       7453  10707 10707 5489 1    
423       7453  5490  5490  4231 4096 
424       9085  8327  8327  2960 8191 
425       9085  11151 11151 1800 4096 
426       5705  5896  5896  865  1    
427       5705  866   866   246  4096 
428       7967  4342  4342  3    8191 
429       7967  8194  8194  162  4096 
430       5631  4258  4258  705  1    
431       5631  706   706   1581 4096 
432       8959  5677  5677  2703 8191 
433       8959  10894 10894 3961 4096 
434       7319  8057  8057  5232 1    
435       7319  5233  5233  6392 4096 
436       10693 10488 10488 7327 8191 
437       10693 15518 15518 7946 4096 
438       8451  12042 12042 8189 1    
439       8451  8190  8190  8030 4096 
440       10775 12126 12126 7487 8191 
441       10775 15678 15678 6611 4096 
442       7451  10707 10707 5489 1    
443       7451  5490  5490  4231 4096 
444       9085  8327  8327  2960 8191 
445       9085  11151 11151 1800 4096 
446       5704  5896  5896  865  1    
447       5704  866   866   246  4096 
448       7967  4342  4342  3    8191 
449       7967  8194  8194  162  4096 
450       5632  4258  4258  705  1    
451       5632  706   706   1581 4096 
452       8958  5677  5677  2703 8191 
453       8958  10894 10894 3961 4096 
454       7316  8057  8057  5232 1    
455       7316  5233  5233  6392 4096 
456       10696 10488 10488 7327 8191 
457       10696 15518 15518 7946 4096 
458       8448  12042 12042 8189 1    
459       8448  8190  8190  8030 4096 
460       10773 12126 12126 7487 8191 
461       10773 15678 15678 6611 4096 
462       7450  10707 10707 5489 1    
463       7450  5490  5490  4231 4096 
464       9079  8327  8327  2960 8191 
465       9079  11151 11151 1800 4096 
466       5705  5896  5896  865  1    
467       5705  866   866   246  4096 
468       7965  4342  4342  3    8191 
469       7965  8194  8194  162  4096 
470       5630  4258  4258  705  1    
471       5630  706   706   1581 4096 
472       8959  5677  5677  2703 8191 
473       8959  10894 10894 3961 4096 
474       7317  8057  8057  5232 1    
475       7317  5233  5233  6392 4096 
476       10695 10488 10488 7327 8191 
477       10695 15518 15518 7946 4096 
478       8448  12042 12042 8189 1    
479       8448  8190  8190  8030 4096 
480       10775 12126 12126 7487 8191 
481       10775 15678 15678 6611 4096 
482       7452  10707 10707 5489 1    
483       7452  5490  5490  4231 4096 
484       9084  8327  8327  2960 8191 
485       9084  11151 11151 1800 4096 
486       5706  5896  5896  865  1    
487       5706  866   866   246  4096 
488       7965  4342  4342  3    8191 
489       7965  8194  8194  162  4096 
490       5631  4258  4258  705  1    
491       5631  706   706   1581 4096 
492       8959  5677  5677  2703 8191 
493       8959  10894 10894 3961 4096 
494       7319  8057  8057  5232 1    
495       7319  5233  5233  6392 4096 
496       10695 10488 10488 7327 8191 
497       10695 15518 15518 7946 4096 
498       8450  12042 12042 8189 1    
499       8450  8190  8190  8030 4096 
500       10776 12126 12126 7487 8191 
501       10776 15678 15678 6611 4096 
502       7450  10707 10707 5489 1    
503       7450  5490  5490  4231 4096 
504       9084  8327  8327  2960 8191 
505       9084  11151 11151 1800 4096 
506       5703  5896  5896  865  1    
507       5703  866   866   246  4096 
508       7966  4342  4342  3    8191 
509       7966  8194  8194  162  4096 
510       5631  4258  4258  705  1    
511       5631  706   706   1581 4096 
512       8957  5677  5677  2703 8191 
513       8957  10894 10894 3961 4096 
514       7317  8057  8057  5232 1    
515       7317  5233  5233  6392 4096 
516       10695 10488 10488 7327 8191 
517       10695 15518 15518 7946 4096 
518       8450  12042 12042 8189 1    
519       8450  8190  8190  8030 4096 
520       10775 12126 12126 7487 8191 
521       10775 15678 15678 6611 4096 
522       7451  10707 10707 5489 1    
523       7451  5490  5490  4231 4096 
524       9084  8327  8327  2960 8191 
525       9084  11151 11151 1800 4096 
526       5702  5896  5896  865  1    
527       5702  866   866   246  4096 
528       7968  4342  4342  3    8191 
529       7968  8194  8194  162  4096 
530       5627  4258  4258  705  1    
531       5627  706   706   1581 4096 
532       8960  5677  5677  2703 8191 
533       8960  10894 10894 3961 4096 
534       7320  8057  8057  5232 1    
535       7320  5233  5233  6392 4096 
536       10697 10488 10488 7327 8191 
537       10697 15518 15518 7946 4096 
538       8449  12042 12042 8189 1    
539       8449  8190  8190  8030 4096 
540       10773 12126 12126 7487 8191 
541       10773 15678 15678 6611 4096 
542       7450  10707 10707 5489 1    
543       7450  5490  5490  4231 4096 
544       9082  8327  8327  2960 8191 
545       9082  11151 11151 1800 4096 
546       5706  5896  5896  865  1    
547       5706  866   866   246  4096 
548       7965  4342  4342  3    8191 
549       7965  8194  8194  162  4096 
550       5629  4258  4258  705  1    
551       5629  706   706   1581 4096 
552       8957  5677  5677  2703 8191 
553       8957  10894 10894 3961 4096 
554       7317  8057  8057  5232 1    
555       7317  5233  5233  6392 4096 
556       10696 10488 10488 7327 8191 
557       10696 15518 15518 7946 4096 
558       8450  12042 12042 8189 1    
559       8450  8190  8190  8030 4096 
560       10772 12126 12126 7487 8191 
561       10772 15678 15678 6611 4096 
562       7453  10707 10707 5489 1    
563       7453  5490  5490  4231 4096 
564       9084  8327  8327  2960 8191 
565       9084  11151 11151 1800 4096 
566       5705  5896  5896  865  1    
567       5705  866   866   246  4096 
568       7967  4342  4342  3    8191 
569       7967  8194  8194  162  4096 
570       5630  4258  4258  705  1    
571       5630  706   706   1581 4096 
572       8958  5677  5677  2703 8191 
573       8958  10894 10894 3961 4096 
574       7317  8057  8057  5232 1    
575       7317  5233  5233  6392 4096 
576       10695 10488 10488 7327 8191 
577       10695 15518 15518 7946 4096 
578       8448  12042 12042 8189 1    
579       8448  8190  8190  8030 4096 
580       10775 12126 12126 7487 8191 
581       10775 15678 15678 6611 4096 
582       7451  10707 10707 5489 1    
583       7451  5490  5490  4231 4096 
584       9083  8327  8327  2960 8191 
585       9083  11151 11151 1800 4096 
586       5703  5896  5896  865  1    
587       5703  866   866   246  4096 
588       7963  4342  4342  3    8191 
589       7963  8194  8194  162  4096 
590       5632  4258  4258  705  1    
591       5632  706   706   1581 4096 
592       8959  5677  5677  2703 8191 
593       8959  10894 10894 3961 4096 
594       7319  8057  8057  5232 1    
595       7319  5233  5233  6392 4096 
596       10697 10488 10488 7327 8191 
597       10697 15518 15518 7946 4096 
598       8450  12042 12042 8189 1    
599       8450  8190  8190  8030 4096 
600       10774 12126 12126 7487 8191 
601       10774 15678 15678 6611 4096 
602       7451  10707 10707 5489 1    
603       7451  5490  5490  4231 4096 
604       9085  8327  8327  2960 8191 
605       9085  11151 11151 1800 4096 
606       5705  5896  5896  865  1    
607       5705  866   866   246  4096 
608       7968  4342  4342  3    8191 
609       7968  8194  8194  162  4096 
610       5632  4258  4258  705  1    
611       5632  706   706   1581 4096 
612       8957  5677  5677  2703 8191 
613       8957  10894 10894 3961 4096 
614       7319  8057  8057  5232 1    
615       7319  5233  5233  6392 4096 
616       10698 10488 10488 7327 8191 
617       10698 15518 15518 7946 4096 
618       8448  12042 12042 8189 1    
619       8448  8190  8190  8030 4096 
620       10775 12126 12126 7487 8191 
621       10775 15678 15678 6611 4096 
622       7452  10707 10707 5489 1    
623       7452  5490  5490  4231 4096 
624       9082  8327  8327  2960 8191 
625       9082  11151 11151 1800 4096 
626       5703  5896  5896  865  1    
627       5703  866   866   246  4096 
628       7964  4342  4342  3    8191 
629       7964  8194  8194  162  4096 
630       5630  4258  4258  705  1    
631       5630  706   706   1581 4096 
632       8958  5677  5677  2703 8191 
633       8958  10894 10894 3961 4096 
634       7320  8057  8057  5232 1    
635       7320  5233  5233  6392 4096 
636       10697 10488 10488 7327 8191 
637       10697 15518 15518 7946 4096 
638       8447  12042 12042 8189 1    
639       8447  8190  8190  8030 4096 
640       10774 12126 12126 7487 8191 
641       10774 15678 15678 6611 4096 
642       7451  10707 10707 5489 1    
643       7451  5490  5490  4231 4096 
644       9083  8327  8327  2960 8191 
645       9083  11151 11151 1800 4096 
646       5704  5896  5896  865  1    
647       5704  866   866   246  4096 
648       7966  4342  4342  3    8191 
649       7966  8194  8194  162  4096 
650       5631  4258  4258  705  1    
651       5631  706   706   1581 4096 
652       8959  5677  5677  2703 8191 
653       8959  10894 10894 3961 4096 
654       7317  8057  8057  5232 1    
655       7317  5233  5233  6392 4096 
656       10695 10488 10488 7327 8191 
657       10695 15518 15518 7946 4096 
658       8450  12042 12042 8189 1    
659       8450  8190  8190  8030 4096 
660       10772 12126 12126 7487 8191 
661       10772 15678 15678 6611 4096 
662       7451  10707 10707 5489 1    
663       7451  5490  5490  4231 4096 
664       9083  8327  8327  2960 8191 
665       9083  11151 11151 1800 4096 
666       5707  5896  5896  865  1    
667       5707  866   866   246  4096 
668       7966  4342  4342  3    8191 
669       7966  8194  8194  162  4096 
670       5632  4258  4258  705  1    
671       5632  706   706   1581 4096 
672       8961  5677  5677  2703 8191 
673       8961  10894 10894 3961 4096 
674       7318  8057  8057  5232 1    
675       7318  5233  5233  6392 4096 
676       10697 10488 10488 7327 8191 
677       10697 15518 15518 7946 4096 
678       8449  12042 12042 8189 1    
679       8449  8190  8190  8030 4096 
680       10772 12126 12126 7487 8191 
681       10772 15678 15678 6611 4096 
682       7452  10707 10707 5489 1    
683       7452  5490  5490  4231 4096 
684       9085  8327  8327  2960 8191 
685       9085  11151 11151 1800 4096 
686       5705  5896  5896  865  1    
687       5705  866   866   246  4096 
688       7968  4342  4342  3    8191 
689       7968  8194  8194  162  4096 
690       5632  4258  4258  705  1    
691       5632  706   706   1581 4096 
692       8958  5677  5677  2703 8191 
693       8958  10894 10894 3961 4096 
694       7317  8057  8057  5232 1    
695       7317  5233  5233  6392 4096 
696       10696 10488 10488 7327 8191 
697       10696 15518 15518 7946 4096 
698       8449  12042 12042 8189 1    
699       8449  8190  8190  8030 4096 
700       10774 12126 12126 7487 8191 
701       10774 15678 15678 6611 4096 
702       7450  10707 10707 5489 1    
703       7450  5490  5490  4231 4096 
704       9083  8327  8327  2960 8191 
705       9083  11151 11151 1800 4096 
706       5706  5896  5896  865  1    
707       5706  866   866   246  4096 
708       7967  4342  4342  3    8191 
709       7967  8194  8194  162  4096 
710       5631  4258  4258  705  1    
711       5631  706   706   1581 4096 
712       8957  5677  5677  2703 8191 
713       8957  10894 10894 3961 4096 
714       7320  8057  8057  5232 1    
715       7320  5233  5233  6392 4096 
716       10698 10488 10488 7327 8191 
717       10698 15518 15518 7946 4096 
718       8450  12042 12042 8189 1    
719       8450  8190  8190  8030 4096 
720       10775 12126 12126 7487 8191 
721       10775 15678 15678 6611 4096 
722       7452  10707 10707 5489 1    
723       7452  5490  5490  4231 4096 
724       9084  8327  8327  2960 8191 
725       9084  11151 11151 1800 4096 
726       5704  5896  5896  865  1    
727       5704  866   866   246  4096 
728       7966  4342  4342  3    8191 
729       7966  8194  8194  162  4096 
730       5633  4258  4258  705  1    
731       5633  706   706   1581 4096 
732       8957  5677  5677  2703 8191 
733       8957  10894 10894 3961 4096 
734       7318  8057  8057  5232 1    
735       7318  5233  5233  6392 4096 
736       10696 10488 10488 7327 8191 
737       10696 15518 15518 7946 4096 
738       8451  12042 12042 8189 1    
739       8451  8190  8190  8030 4096 
740       10774 12126 12126 7487 8191 
741       10774 15678 15678 6611 4096 
742       7452  10707 10707 5489 1    
743       7452  5490  5490  4231 4096 
744       9082  8327  8327  2960 8191 
745       9082  11151 11151 1800 4096 
746       5707  5896  5896  865  1    
747       5707  866   866   246  4096 
748       7965  4342  4342  3    8191 
749       7965  8194  8194  162  4096 
750       5631  4258  4258  705  1    
751       5631  706   706   1581 4096 
752       8959  5677  5677  2703 8191 
753       8959  10894 10894 3961 4096 
754       7318  8057  8057  5232 1    
755       7318  5233  5233  6392 4096 
756       10697 10488 10488 7327 8191 
757       10697 15518 15518 7946 4096 
758       8449  12042 12042 8189 1    
759       8449  8190  8190  8030 4096 
760       10772 12126 12126 7487 8191 
761       10772 15678 15678 6611 4096 
762       7452  10707 10707 5489 1    
763       7452  5490  5490  4231 4096 
764       9083  8327  8327  2960 8191 
765       9083  11151 11151 1800 4096 
766       5704  5896  5896  865  1    
767       5704  866   866   246  4096 
768       7965  4342  4342  3    8191 
769       7965  8194  8194  162  4096 
770       5631  4258  4258  705  1    
771       5631  706   706   1581 4096 
772       8958  5677  5677  2703 8191 
773       8958  10894 10894 3961 4096 
774       7318  8057  8057  5232 1    
775       7318  5233  5233  6392 4096 
776       10697 10488 10488 7327 8191 
777       10697 15518 15518 7946 4096 
778       8450  12042 12042 8189 1    
779       8450  8190  8190  8030 4096 
780       10772 12126 12126 7487 8191 
781       10772 15678 15678 6611 4096 
782       7451  10707 10707 5489 1    
783       7451  5490  5490  4231 4096 
784       9083  8327  8327  2960 8191 
785       9083  11151 11151 1800 4096 
786       5705  5896  5896  865  1    
787       5705  866   866   246  4096 
788       7966  4342  4342  3    8191 
789       7966  8194  8194  162  4096 
790       5630  4258  4258  705  1    
791       5630  706   706   1581 4096 
792       8958  5677  5677  2703 8191 
793       8958  10894 10894 3961 4096 
794       7319  8057  8057  5232 1    
795       7319  5233  5233  6392 4096 
796       10696 10488 10488 7327 8191 
797       10696 15518 15518 7946 4096 
798       8447  12042 12042 8189 1    
799       8447  8190  8190  8030 4096 
800       10775 12126 12126 7487 8191 
801       10775 15678 15678 6611 4096 
802       7451  10707 10707 5489 1    
803       7451  5490  5490  4231 4096 
804       9084  8327  8327  2960 8191 
805       9084  11151 11151 1800 4096 
806       5705  5896  5896  865  1    
807       5705  866   866   246  4096 
808       7966  4342  4342  3    8191 
809       7966  8194  8194  162  4096 
810       5630  4258  4258  705  1    
811       5630  706   706   1581 4096 
812       8958  5677  5677  2703 8191 
813       8958  10894 10894 3961 4096 
814       7318  8057  8057  5232 1    
815       7318  5233  5233  6392 4096 
816       10696 10488 10488 7327 8191 
817       10696 15518 15518 7946 4096 
818       8447  12042 12042 8189 1    
819       8447  8190  8190  8030 4096 
820       10772 12126 12126 7487 8191 
821       10772 15678 15678 6611 4096 
822       7449  10707 10707 5489 1    
823       7449  5490  5490  4231 4096 
824       9083  8327  8327  2960 8191 
825       9083  11151 11151 1800 4096 
826       5707  5896  5896  865  1    
827       5707  866   866   246  4096 
828       7965  4342  4342  3    8191 
829       7965  8194  8194  162  4096 
830       5632  4258  4258  705  1    
831       5632  706   706   1581 4096 
832       8959  5677  5677  2703 8191 
833       8959  10894 10894 3961 4096 
834       7318  8057  8057  5232 1    
835       7318  5233  5233  6392 4096 
836       10694 10488 10488 7327 8191 
837       10694 15518 15518 7946 4096 
838       8449  12042 12042 8189 1    
839       8449  8190  8190  8030 4096 
840       10775 12126 12126 7487 8191 
841       10775 15678 15678 6611 4096 
842       7452  10707 10707 5489 1    
843       7452  5490  5490  4231 4096 
844       9083  8327  8327  2960 8191 
845       9083  11151 11151 1800 4096 
846       5708  5896  5896  865  1    
847       5708  866   866   246  4096 
848       7965  4342  4342  3    8191 
849       7965  8194  8194  162  4096 
850       5630  4258  4258  705  1    
851       5630  706   706   1581 4096 
852       8960  5677  5677  2703 8191 
853       8960  10894 10894 3961 4096 
854       7319  8057  8057  5232 1    
855       7319  5233  5233  6392 4096 
856       10695 10488 10488 7327 8191 
857       10695 15518 15518 7946 4096 
858       8450  12042 12042 8189 1    
859       8450  8190  8190  8030 4096 
860       10772 12126 12126 7487 8191 
861       10772 15678 15678 6611 4096 
862       7450  10707 10707 5489 1    
863       7450  5490  5490  4231 4096 
864       9084  8327  8327  2960 8191 
865       9084  11151 11151 1800 4096 
866       5705  5896  5896  865  1    
867       5705  866   866   246  4096 
868       7967  4342  4342  3    8191 
869       7967  8194  8194  162  4096 
870       5629  4258  4258  705  1    
871       5629  706   706   1581 4096 
872       8958  5677  5677  2703 8191 
873       8958  10894 10894 3961 4096 
874       7318  8057  8057  5232 1    
875       7318  5233  5233  6392 4096 
876       10696 10488 10488 7327 8191 
877       10696 15518 15518 7946 4096 
878       8450  12042 12042 8189 1    
879       8450  8190  8190  8030 4096 
880       10774 12126 12126 7487 8191 
881       10774 15678 15678 6611 4096 
882       7450  10707 10707 5489 1    
883       7450  5490  5490  4231 4096 
884       9083  8327  8327  2960 8191 
885       9083  11151 11151 1800 4096 
886       5705  5896  5896  865  1    
887       5705  866   866   246  4096 
888       7966  4342  4342  3    8191 
889       7966  8194  8194  162  4096 
890       5626  4258  4258  705  1    
891       5626  706   706   1581 4096 
892       8959  5677  5677  2703 8191 
893       8959  10894 10894 3961 4096 
894       7320  8057  8057  5232 1    
895       7320  5233  5233  6392 4096 
896       10697 10488 10488 7327 8191 
897       10697 15518 15518 7946 4096 
898       8448  12042 12042 8189 1    
899       8448  8190  8190  8030 4096 
900       10773 12126 12126 7487 8191 
901       10773 15678 15678 6611 4096 
902       7451  10707 10707 5489 1    
903       7451  5490  5490  4231 4096 
904       9083  8327  8327  2960 8191 
905       9083  11151 11151 1800 4096 
906       5704  5896  5896  865  1    
907       5704  866   866   246  4096 
908       7964  4342  4342  3    8191 
909       7964  8194  8194  162  4096 
910       5629  4258  4258  705  1    
911       5629  706   706   1581 4096 
912       8958  5677  5677  2703 8191 
913       8958  10894 10894 3961 4096 
914       7318  8057  8057  5232 1    
915       7318  5233  5233  6392 4096 
916       10695 10488 10488 7327 8191 
917       10695 15518 15518 7946 4096 
918       8448  12042 12042 8189 1    
919       8448  8190  8190  8030 4096 
920       10772 12126 12126 7487 8191 
921       10772 15678 15678 6611 4096 
922       7450  10707 10707 5489 1    
923       7450  5490  5490  4231 4096 
924       9085  8327  8327  2960 8191 
925       9085  11151 11151 1800 4096 
926       5704  5896  5896  865  1    
927       5704  866   866   246  4096 
928       7964  4342  4342  3    8191 
929       7964  8194  8194  162  4096 
930       5632  4258  4258  705  1    
931       5632  706   706   1581 4096 
932       8958  5677  5677  2703 8191 
933       8958  10894 10894 3961 4096 
934       7319  8057  8057  5232 1    
935       7319  5233  5233  6392 4096 
936       10698 10488 10488 7327 8191 
937       10698 15518 15518 7946 4096 
938       8448  12042 12042 8189 1    
939       8448  8190  8190  8030 4096 
940       10771 12126 12126 7487 8191 
941       10771 15678 15678 6611 4096 
942       7451  10707 10707 5489 1    
943       7451  5490  5490  4231 4096 
944       9082  8327  8327  2960 8191 
945       9082  11151 11151 1800 4096 
946       5706  5896  5896  865  1    
947       5706  866   866   246  4096 
948       7965  4342  4342  3    8191 
949       7965  8194  8194  162  4096 
950       5630  4258  4258  705  1    
951       5630  706   706   1581 4096 
952       8957  5677  5677  2703 8191 
953       8957  10894 10894 3961 4096 
954       7319  8057  8057  5232 1    
955       7319  5233  5233  6392 4096 
956       10694 10488 10488 7327 8191 
957       10694 15518 15518 7946 4096 
958       8447  12042 12042 8189 1    
959       8447  8190  8190  8030 4096 
960       10774 12126 12126 7487 8191 
961       10774 15678 15678 6611 4096 
962       7450  10707 10707 5489 1    
963       7450  5490  5490  4231 4096 
964       9084  8327  8327  2960 8191 
965       9084  11151 11151 1800 4096 
966       5705  5896  5896  865  1    
967       5705  866   866   246  4096 
968       7964  4342  4342  3    8191 
969       7964  8194  8194  162  4096 
970       5632  4258  4258  705  1    
971       5632  706   706   1581 4096 
972       8961  5677  5677  2703 8191 
973       8961  10894 10894 3961 4096 
974       7318  8057  8057  5232 1    
975       7318  5233  5233  6392 4096 
976       10696 10488 10488 7327 8191 
977       10696 15518 15518 7946 4096 
978       8450  12042 12042 8189 1    
979       8450  8190  8190  8030 4096 
980       10772 12126 12126 7487 8191 
981       10772 15678 15678 6611 4096 
982       7453  10707 10707 5489 1    
983       7453  5490  5490  4231 4096 
984       9083  8327  8327  2960 8191 
985       9083  11151 11151 1800 4096 
986       5704  5896  5896  865  1    
987       5704  866   866   246  4096 
988       7967  4342  4342  3    8191 
989       7967  8194  8194  162  4096 
990       5631  4258  4258  705  1    
991       5631  706   706   1581 4096 
992       8958  5677  5677  2703 8191 
993       8958  10894 10894 3961 4096 
994       7315  8057  8057  5232 1    
995       7315  5233  5233  6392 4096 
996       10698 10488 10488 7327 8191 
997       10698 15518 15518 7946 4096 
998       8447  12042 12042 8189 1    
999       8447  8190  8190  8030 4096 
1000      10772 12126 12126 7487 8191 
1001      10772 15678 15678 6611 4096 
1002      7452  10707 10707 5489 1    
1003      7452  5490  5490  4231 4096 
1004      9084  8327  8327  2960 8191 
1005      9084  11151 11151 1800 4096 
1006      5704  5896  5896  865  1    
1007      5704  866   866   246  4096 
1008      7967  4342  4342  3    8191 
1009      7967  8194  8194  162  4096 
1010      5630  4258  4258  705  1    
1011      5630  706   706   1581 4096 
1012      8961  5677  5677  2703 8191 
1013      8961  10894 10894 3961 4096 
1014      7315  8057  8057  5232 1    
1015      7315  5233  5233  6392 4096 
1016      10694 10488 10488 7327 8191 
1017      10694 15518 15518 7946 4096 
1018      8449  12042 12042 8189 1    
1019      8449  8190  8190  8030 4096 
1020      10773 12126 12126 7487 8191 
1021      10773 15678 15678 6611 4096 
1022      7451  10707 10707 5489 1    
1023      7451  5490  5490  4231 4096 
1024      9084  8327  8327  2960 8191 
1025      9084  11151 11151 1800 4096 
1026      5705  5896  5896  865  1    
1027      5705  866   866   246  4096 
1028      7964  4342  4342  3    8191 
1029      7964  8194  8194  162  4096 
1030      5629  4258  4258  705  1    
1031      5629  706   706   1581 4096 
1032      8959  5677  5677  2703 8191 
1033      8959  10894 10894 3961 4096 
1034      7320  8057  8057  5232 1    
1035      7320  5233  5233  6392 4096 
1036      10698 10488 10488 7327 8191 
1037      10698 15518 15518 7946 4096 
1038      8447  12042 12042 8189 1    
1039      8447  8190  8190  8030 4096 
1040      10773 12126 12126 7487 8191 
1041      10773 15678 15678 6611 4096 
1042      7452  10707 10707 5489 1    
1043      7452  5490  5490  4231 4096 
1044      9082  8327  8327  2960 8191 
1045      9082  11151 11151 1800 4096 
1046      5703  5896  5896  865  1    
1047      5703  866   866   246  4096 
1048      7967  4342  4342  3    8191 
1049      7967  8194  8194  162  4096 
1050      5631  4258  4258  705  1    
1051      5631  706   706   1581 4096 
1052      8961  5677  5677  2703 8191 
1053      8961  10894 10894 3961 4096 
1054      7317  8057  8057  5232 1    
1055      7317  5233  5233  6392 4096 
1056      10694 10488 10488 7327 8191 
1057      10694 15518 15518 7946 4096 
1058      8450  12042 12042 8189 1    
1059      8450  8190  8190  8030 4096 
1060      10774 12126 12126 7487 8191 
1061      10774 15678 15678 6611 4096 
1062      7449  10707 10707 5489 1    
1063      7449  5490  5490  4231 4096 
1064      9082  8327  8327  2960 8191 
1065      9082  11151 11151 1800 4096 
1066      5704  5896  5896  865  1    
1067      5704  866   866   246  4096 
1068      7964  4342  4342  3    8191 
1069      7964  8194  8194  162  4096 
1070      5630  4258  4258  705  1    
1071      5630  706   706   1581 4096 
1072      8959  5677  5677  2703 8191 
1073      8959  10894 10894 3961 4096 
1074      7320  8057  8057  5232 1    
1075      7320  5233  5233  6392 4096 
1076      10696 10488 10488 7327 8191 
1077      10696 15518 15518 7946 4096 
1078      8447  12042 12042 8189 1    
1079      8447  8190  8190  8030 4096 
1080      10773 12126 12126 7487 8191 
1081      10773 15678 15678 6611 4096 
1082      7451  10707 10707 5489 1    
1083      7451  5490  5490  4231 4096 
1084      9085  8327  8327  2960 8191 
1085      9085  11151 11151 1800 4096 
1086      5705  5896  5896  865  1    
1087      5705  866   866   246  4096 
1088      7966  4342  4342  3    8191 
1089      7966  8194  8194  162  4096 
1090      5632  4258  4258  705  1    
1091      5632  706   706   1581 4096 
1092      8959  5677  5677  2703 8191 
1093      8959  10894 10894 3961 4096 
1094      7318  8057  8057  5232 1    
1095      7318  5233  5233  6392 4096 
1096      10696 10488 10488 7327 8191 
1097      10696 15518 15518 7946 4096 
1098      8449  12042 12042 8189 1    
1099      8449  8190  8190  8030 4096 
1100      10774 12126 12126 7487 8191 
1101      10774 15678 15678 6611 4096 
1102      7452  10707 10707 5489 1    
1103      7452  5490  5490  4231 4096 
1104      9084  8327  8327  2960 8191 
1105      9084  11151 11151 1800 4096 
1106      5708  5896  5896  865  1    
1107      5708  866   866   246  4096 
1108      7966  4342  4342  3    8191 
1109      7966  8194  8194  162  4096 
1110      5631  4258  4258  705  1    
1111      5631  706   706   1581 4096 
1112      8960  5677  5677  2703 8191 
1113      8960  10894 10894 3961 4096 
1114      7319  8057  8057  5232 1    
1115      7319  5233  5233  6392 4096 
1116      10698 10488 10488 7327 8191 
1117      10698 15518 15518 7946 4096 
1118      8450  12042 12042 8189 1    
1119      8450  8190  8190  8030 4096 
1120      10773 12126 12126 7487 8191 
1121      10773 15678 15678 6611 4096 
1122      7452  10707 10707 5489 1    
1123      7452  5490  5490  4231 4096 
1124      9085  8327  8327  2960 8191 
1125      9085  11151 11151 1800 4096 
1126      5703  5896  5896  865  1    
1127      5703  866   866   246  4096 
1128      7966  4342  4342  3    8191 
1129      7966  8194  8194  162  4096 
1130      5630  4258  4258  705  1    
1131      5630  706   706   1581 4096 
1132      8958  5677  5677  2703 8191 
1133      8958  10894 10894 3961 4096 
1134      7320  8057  8057  5232 1    
1135      7320  5233  5233  6392 4096 
1136      10695 10488 10488 7327 8191 
1137      10695 15518 15518 7946 4096 
1138      8449  12042 12042 8189 1    
1139      8449  8190  8190  8030 4096 
1140      10774 12126 12126 7487 8191 
1141      10774 15678 15678 6611 4096 
1142      7452  10707 10707 5489 1    
1143      7452  5490  5490  4231 4096 
1144      9082  8327  8327  2960 8191 
1145      9082  11151 11151 1800 4096 
1146      5704  5896  5896  865  1    
1147      5704  866   866   246  4096 
1148      7962  4342  4342  3    8191 
1149      7962  8194  8194  162  4096 
1150      5632  4258  4258  705  1    
1151      5632  706   706   1581 4096 
1152      8959  5677  5677  2703 8191 
1153      8959  10894 10894 3961 4096 
1154      7318  8057  8057  5232 1    
1155      7318  5233  5233  6392 4096 
1156      10696 10488 10488 7327 8191 
1157      10696 15518 15518 7946 4096 
1158      8447  12042 12042 8189 1    
1159      8447  8190  8190  8030 4096 
1160      10774 12126 12126 7487 8191 
1161      10774 15678 15678 6611 4096 
1162      7452  10707 10707 5489 1    
1163      7452  5490  5490  4231 4096 
1164      9083  8327  8327  2960 8191 
1165      9083  11151 11151 1800 4096 
1166      5706  5896  5896  865  1    
1167      5706  866   866   246  4096 
1168      7967  4342  4342  3    8191 
1169      7967  8194  8194  162  4096 
1170      5633  4258  4258  705  1    
1171      5633  706   706   1581 4096 
1172      8961  5677  5677  2703 8191 
1173      8961  10894 10894 3961 4096 
1174      7318  8057  8057  5232 1    
1175      7318  5233  5233  6392 4096 
1176      10695 10488 10488 7327 8191 
1177      10695 15518 15518 7946 4096 
1178      8449  12042 12042 8189 1    
1179      8449  8190  8190  8030 4096 
1180      10774 12126 12126 7487 8191 
1181      10774 15678 15678 6611 4096 
1182      7449  10707 10707 5489 1    
1183      7449  5490  5490  4231 4096 
1184      9080  8327  8327  2960 8191 
1185      9080  11151 11151 1800 4096 
1186      5707  5896  5896  865  1    
1187      5707  866   866   246  4096 
1188      7963  4342  4342  3    8191 
1189      7963  8194  8194  162  4096 
1190      5632  4258  4258  705  1    
1191      5632  706   706   1581 4096 
1192      8958  5677  5677  2703 8191 
1193      8958  10894 10894 3961 4096 
1194      7317  8057  8057  5232 1    
1195      7317  5233  5233  6392 4096 
1196      10696 10488 10488 7327 8191 
1197      10696 15518 15518 7946 4096 
1198      8448  12042 12042 8189 1    
1199      8448  8190  8190  8030 4096 
1200      10773 12126 12126 7487 8191 
1201      10773 15678 15678 6611 4096 
1202      7450  10707 10707 5489 1    
1203      7450  5490  5490  4231 4096 
1204      9083  8327  8327  2960 8191 
1205      9083  11151 11151 1800 4096 
1206      5707  5896  5896  865  1    
1207      5707  866   866   246  4096 
1208      7966  4342  4342  3    8191 
1209      7966  8194  8194  162  4096 
1210      5630  4258  4258  705  1    
1211      5630  706   706   1581 4096 
1212      8957  5677  5677  2703 8191 
1213      8957  10894 10894 3961 4096 
1214      7322  8057  8057  5232 1    
1215      7322  5233  5233  6392 4096 
1216      10697 10488 10488 7327 8191 
1217      10697 15518 15518 7946 4096 
1218      8449  12042 12042 8189 1    
1219      8449  8190  8190  8030 4096 
1220      10775 12126 12126 7487 8191 
1221      10775 15678 15678 6611 4096 
1222      7453  10707 10707 5489 1    
1223      7453  5490  5490  4231 4096 
1224      9083  8327  8327  2960 8191 
1225      9083  11151 11151 1800 4096 
1226      5705  5896  5896  865  1    
1227      5705  866   866   246  4096 
1228      7963  4342  4342  3    8191 
1229      7963  8194  8194  162  4096 
1230      5630  4258  4258  705  1    
1231      5630  706   706   1581 4096 
1232      8960  5677  5677  2703 8191 
1233      8960  10894 10894 3961 4096 
1234      7319  8057  8057  5232 1    
1235      7319  5233  5233  6392 4096 
1236      10695 10488 10488 7327 8191 
1237      10695 15518 15518 7946 4096 
1238      8450  12042 12042 8189 1    
1239      8450  8190  8190  8030 4096 
1240      10772 12126 12126 7487 8191 
1241      10772 15678 15678 6611 4096 
1242      7450  10707 10707 5489 1    
1243      7450  5490  5490  4231 4096 
1244      9083  8327  8327  2960 8191 
1245      9083  11151 11151 1800 4096 
1246      5704  5896  5896  865  1    
1247      5704  866   866   246  4096 
1248      7967  4342  4342  3    8191 
1249      7967  8194  8194  162  4096 
1250      5630  4258  4258  705  1    
1251      5630  706   706   1581 4096 
1252      8959  5677  5677  2703 8191 
1253      8959  10894 10894 3961 4096 
1254      7319  8057  8057  5232 1    
1255      7319  5233  5233  6392 4096 
1256      10695 10488 10488 7327 8191 
1257      10695 15518 15518 7946 4096 
1258      8450  12042 12042 8189 1    
1259      8450  8190  8190  8030 4096 
1260      10775 12126 12126 7487 8191 
1261      10775 15678 15678 6611 4096 
1262      7453  10707 10707 5489 1    
1263      7453  5490  5490  4231 4096 
1264      9084  8327  8327  2960 8191 
1265      9084  11151 11151 1800 4096 
1266      5703  5896  5896  865  1    
1267      5703  866   866   246  4096 
1268      7967  4342  4342  3    8191 
1269      7967  8194  8194  162  4096 
1270      5631  4258  4258  705  1    
1271      5631  706   706   1581 4096 
1272      8959  5677  5677  2703 8191 
1273      8959  10894 10894 3961 4096 
1274      7318  8057  8057  5232 1    
1275      7318  5233  5233  6392 4096 
1276      10698 10488 10488 7327 8191 
1277      10698 15518 15518 7946 4096 
1278      8447  12042 12042 8189 1    
1279      8447  8190  8190  8030 4096 
1280      10774 12126 12126 7487 8191 
1281      10774 15678 15678 6611 4096 
1282      7451  10707 10707 5489 1    
1283      7451  5490  5490  4231 4096 
1284      9083  8327  8327  2960 8191 
1285      9083  11151 11151 1800 4096 
1286      5704  5896  5896  865  1    
1287      5704  866   866   246  4096 
1288      7966  4342  4342  3    8191 
1289      7966  8194  8194  162  4096 
1290      5631  4258  4258  705  1    
1291      5631  706   706   1581 4096 
1292      8958  5677  5677  2703 8191 
1293      8958  10894 10894 3961 4096 
1294      7318  8057  8057  5232 1    
1295      7318  5233  5233  6392 4096 
1296      10696 10488 10488 7327 8191 
1297      10696 15518 15518 7946 4096 
1298      8450  12042 12042 8189 1    
1299      8450  8190  8190  8030 4096 
1300      10772 12126 12126 7487 8191 
1301      10772 15678 15678 6611 4096 
1302      7452  10707 10707 5489 1    
1303      7452  5490  5490  4231 4096 
1304      9083  8327  8327  2960 8191 
1305      9083  11151 11151 1800 4096 
1306      5705  5896  5896  865  1    
1307      5705  866   866   246  4096 
1308      7964  4342  4342  3    8191 
1309      7964  8194  8194  162  4096 
1310      5631  4258  4258  705  1    
1311      5631  706   706   1581 4096 
1312      8957  5677  5677  2703 8191 
1313      8957  10894 10894 3961 4096 
1314      7318  8057  8057  5232 1    
1315      7318  5233  5233  6392 4096 
1316      10695 10488 10488 7327 8191 
1317      10695 15518 15518 7946 4096 
1318      8449  12042 12042 8189 1    
1319      8449  8190  8190  8030 4096 
1320      10774 12126 12126 7487 8191 
1321      10774 15678 15678 6611 4096 
1322      7452  10707 10707 5489 1    
1323      7452  5490  5490  4231 4096 
1324      9084  8327  8327  2960 8191 
1325      9084  11151 11151 1800 4096 
1326      5705  5896  5896  865  1    
1327      5705  866   866   246  4096 
1328      7966  4342  4342  3    8191 
1329      7966  8194  8194  162  4096 
1330      5631  4258  4258  705  1    
1331      5631  706   706   1581 4096 
1332      8957  5677  5677  2703 8191 
1333      8957  10894 10894 3961 4096 
1334      7317  8057  8057  5232 1    
1335      7317  5233  5233  6392 4096 
1336      10698 10488 10488 7327 8191 
1337      10698 15518 15518 7946 4096 
1338      8449  12042 12042 8189 1    
1339      8449  8190  8190  8030 4096 
1340      10775 12126 12126 7487 8191 
1341      10775 15678 15678 6611 4096 
1342      7451  10707 10707 5489 1    
1343      7451  5490  5490  4231 4096 
1344      9085  8327  8327  2960 8191 
1345      9085  11151 11151 1800 4096 
1346      5705  5896  5896  865  1    
1347      5705  866   866   246  4096 
1348      7966  4342  4342  3    8191 
1349      7966  8194  8194  162  4096 
1350      5629  4258  4258  705  1    
1351      5629  706   706   1581 4096 
1352      8956  5677  5677  2703 8191 
1353      8956  10894 10894 3961 4096 
1354      7319  8057  8057  5232 1    
1355      7319  5233  5233  6392 4096 
1356      10695 10488 10488 7327 8191 
1357      10695 15518 15518 7946 4096 
1358      8447  12042 12042 8189 1    
1359      8447  8190  8190  8030 4096 
1360      10775 12126 12126 7487 8191 
1361      10775 15678 15678 6611 4096 
1362      7451  10707 10707 5489 1    
1363      7451  5490  5490  4231 4096 
1364      9083  8327  8327  2960 8191 
1365      9083  11151 11151 1800 4096 
1366      5705  5896  5896  865  1    
1367      5705  866   866   246  4096 
1368      7966  4342  4342  3    8191 
1369      7966  8194  8194  162  4096 
1370      5631  4258  4258  705  1    
1371      5631  706   706   1581 4096 
1372      8960  5677  5677  2703 8191 
1373      8960  10894 10894 3961 4096 
1374      7318  8057  8057  5232 1    
1375      7318  5233  5233  6392 4096 
1376      10695 10488 10488 7327 8191 
1377      10695 15518 15518 7946 4096 
1378      8451  12042 12042 8189 1    
1379      8451  8190  8190  8030 4096 
1380      10773 12126 12126 7487 8191 
1381      10773 15678 15678 6611 4096 
1382      7449  10707 10707 5489 1    
1383      7449  5490  5490  4231 4096 
1384      9083  8327  8327  2960 8191 
1385      9083  11151 11151 1800 4096 
1386      5705  5896  5896  865  1    
1387      5705  866   866   246  4096 
1388      7963  4342  4342  3    8191 
1389      7963  8194  8194  162  4096 
1390      5630  4258  4258  705  1    
1391      5630  706   706   1581 4096 
1392      8959  5677  5677  2703 8191 
1393      8959  10894 10894 3961 4096 
1394      7318  8057  8057  5232 1    
1395      7318  5233  5233  6392 4096 
1396      10697 10488 10488 7327 8191 
1397      10697 15518 15518 7946 4096 
1398      8449  12042 12042 8189 1    
1399      8449  8190  8190  8030 4096 
1400      10773 12126 12126 7487 8191 
1401      10773 15678 15678 6611 4096 
1402      7451  10707 10707 5489 1    
1403      7451  5490  5490  4231 4096 
1404      9082  8327  8327  2960 8191 
1405      9082  11151 11151 1800 4096 
1406      5708  5896  5896  865  1    
1407      5708  866   866   246  4096 
1408      7967  4342  4342  3    8191 
1409      7967  8194  8194  162  4096 
1410      5630  4258  4258  705  1    
1411      5630  706   706   1581 4096 
1412      8956  5677  5677  2703 8191 
1413      8956  10894 10894 3961 4096 
1414      7318  8057  8057  5232 1    
1415      7318  5233  5233  6392 4096 
1416      10696 10488 10488 7327 8191 
1417      10696 15518 15518 7946 4096 
1418      8447  12042 12042 8189 1    
1419      8447  8190  8190  8030 4096 
1420      10772 12126 12126 7487 8191 
1421      10772 15678 15678 6611 4096 
1422      7450  10707 10707 5489 1    
1423      7450  5490  5490  4231 4096 
1424      9084  8327  8327  2960 8191 
1425      9084  11151 11151 1800 4096 
1426      5703  5896  5896  865  1    
1427      5703  866   866   246  4096 
1428      7966  4342  4342  3    8191 
1429      7966  8194  8194  162  4096 
1430      5633  4258  4258  705  1    
1431      5633  706   706   1581 4096 
1432      8958  5677  5677  2703 8191 
1433      8958  10894 10894 3961 4096 
1434      7319  8057  8057  5232 1    
1435      7319  5233  5233  6392 4096 
1436      10692 10488 10488 7327 8191 
1437      10692 15518 15518 7946 4096 
1438      8447  12042 12042 8189 1    
1439      8447  8190  8190  8030 4096 
1440      10774 12126 12126 7487 8191 
1441      10774 15678 15678 6611 4096 
1442      7452  10707 10707 5489 1    
1443      7452  5490  5490  4231 4096 
1444      9082  8327  8327  2960 8191 
1445      9082  11151 11151 1800 4096 
1446      5705  5896  5896  865  1    
1447      5705  866   866   246  4096 
1448      7968  4342  4342  3    8191 
1449      7968  8194  8194  162  4096 
1450      5631  4258  4258  705  1    
1451      5631  706   706   1581 4096 
1452      8958  5677  5677  2703 8191 
1453      8958  10894 10894 3961 4096 
1454      7316  8057  8057  5232 1    
1455      7316  5233  5233  6392 4096 
1456      10697 10488 10488 7327 8191 
1457      10697 15518 15518 7946 4096 
1458      8449  12042 12042 8189 1    
1459      8449  8190  8190  8030 4096 
1460      10774 12126 12126 7487 8191 
1461      10774 15678 15678 6611 4096 
1462      7451  10707 10707 5489 1    
1463      7451  5490  5490  4231 4096 
1464      9082  8327  8327  2960 8191 
1465      9082  11151 11151 1800 4096 
1466      5705  5896  5896  865  1    
1467      5705  866   866   246  4096 
1468      7965  4342  4342  3    8191 
1469      7965  8194  8194  162  4096 
1470      5632  4258  4258  705  1    
1471      5632  706   706   1581 4096 
1472      8958  5677  5677  2703 8191 
1473      8958  10894 10894 3961 4096 
1474      7320  8057  8057  5232 1    
1475      7320  5233  5233  6392 4096 
1476      10695 10488 10488 7327 8191 
1477      10695 15518 15518 7946 4096 
1478      8447  12042 12042 8189 1    
1479      8447  8190  8190  8030 4096 
1480      10774 12126 12126 7487 8191 
1481      10774 15678 15678 6611 4096 
1482      7450  10707 10707 5489 1    
1483      7450  5490  5490  4231 4096 
1484      9080  8327  8327  2960 8191 
1485      9080  11151 11151 1800 4096 
1486      5707  5896  5896  865  1    
1487      5707  866   866   246  4096 
1488      7965  4342  4342  3    8191 
1489      7965  8194  8194  162  4096 
1490      5630  4258  4258  705  1    
1491      5630  706   706   1581 4096 
1492      8958  5677  5677  2703 8191 
1493      8958  10894 10894 3961 4096 
1494      7319  8057  8057  5232 1    
1495      7319  5233  5233  6392 4096 
1496      10694 10488 10488 7327 8191 
1497      10694 15518 15518 7946 4096 
1498      8450  12042 12042 8189 1    
1499      8450  8190  8190  8030 4096 
1500      10772 12126 12126 7487 8191 
1501      10772 15678 15678 6611 4096 
1502      7450  10707 10707 5489 1    
1503      7450  5490  5490  4231 4096 
1504      9083  8327  8327  2960 8191 
1505      9083  11151 11151 1800 4096 
1506      5704  5896  5896  865  1    
1507      5704  866   866   246  4096 
1508      7965  4342  4342  3    8191 
1509      7965  8194  8194  162  4096 
1510      5630  4258  4258  705  1    
1511      5630  706   706   1581 4096 
1512      8959  5677  5677  2703 8191 
1513      8959  10894 10894 3961 4096 
1514      7319  8057  8057  5232 1    
1515      7319  5233  5233  6392 4096 
1516      10695 10488 10488 7327 8191 
1517      10695 15518 15518 7946 4096 
1518      8449  12042 12042 8189 1    
1519      8449  8190  8190  8030 4096 
1520      10773 12126 12126 7487 8191 
1521      10773 15678 15678 6611 4096 
1522      7451  10707 10707 5489 1    
1523      7451  5490  5490  4231 4096 
1524      9083  8327  8327  2960 8191 
1525      9083  11151 11151 1800 4096 
1526      5705  5896  5896  865  1    
1527      5705  866   866   246  4096 
1528      7965  4342  4342  3    8191 
1529      7965  8194  8194  162  4096 
1530      5631  4258  4258  705  1    
1531      5631  706   706   1581 4096 
1532      8957  5677  5677  2703 8191 
1533      8957  10894 10894 3961 4096 
1534      7320  8057  8057  5232 1    
1535      7320  5233  5233  6392 4096 
1536      10697 10488 10488 7327 8191 
1537      10697 15518 15518 7946 4096 
1538      8451  12042 12042 8189 1    
1539      8451  8190  8190  8030 4096 
1540      10773 12126 12126 7487 8191 
1541      10773 15678 15678 6611 4096 
1542      7450  10707 10707 5489 1    
1543      7450  5490  5490  4231 4096 
1544      9084  8327  8327  2960 8191 
1545      9084  11151 11151 1800 4096 
1546      5704  5896  5896  865  1    
1547      5704  866   866   246  4096 
1548      7966  4342  4342  3    8191 
1549      7966  8194  8194  162  4096 
1550      5631  4258  4258  705  1    
1551      5631  706   706   1581 4096 
1552      8961  5677  5677  2703 8191 
1553      8961  10894 10894 3961 4096 
1554      7318  8057  8057  5232 1    
1555      7318  5233  5233  6392 4096 
1556      10697 10488 10488 7327 8191 
1557      10697 15518 15518 7946 4096 
1558      8447  12042 12042 8189 1    
1559      8447  8190  8190  8030 4096 
1560      10773 12126 12126 7487 8191 
1561      10773 15678 15678 6611 4096 
1562      7452  10707 10707 5489 1    
1563      7452  5490  5490  4231 4096 
1564      9085  8327  8327  2960 8191 
1565      9085  11151 11151 1800 4096 
1566      5706  5896  5896  865  1    
1567      5706  866   866   246  4096 
1568      7963  4342  4342  3    8191 
1569      7963  8194  8194  162  4096 
1570      5630  4258  4258  705  1    
1571      5630  706   706   1581 4096 
1572      8960  5677  5677  2703 8191 
1573      8960  10894 10894 3961 4096 
1574      7318  8057  8057  5232 1    
1575      7318  5233  5233  6392 4096 
1576      10696 10488 10488 7327 8191 
1577      10696 15518 15518 7946 4096 
1578      8450  12042 12042 8189 1    
1579      8450  8190  8190  8030 4096 
1580      10773 12126 12126 7487 8191 
1581      10773 15678 15678 6611 4096 
1582      7452  10707 10707 5489 1    
1583      7452  5490  5490  4231 4096 
1584      9083  8327  8327  2960 8191 
1585      9083  11151 11151 1800 4096 
1586      5705  5896  5896  865  1    
1587      5705  866   866   246  4096 
1588      7967  4342  4342  3    8191 
1589      7967  8194  8194  162  4096 
1590      5629  4258  4258  705  1    
1591      5629  706   706   1581 4096 
1592      8957  5677  5677  2703 8191 
1593      8957  10894 10894 3961 4096 
1594      7319  8057  8057  5232 1    
1595      7319  5233  5233  6392 4096 
1596      10697 10488 10488 7327 8191 
1597      10697 15518 15518 7946 4096 
1598      8449  12042 12042 8189 1    
1599      8449  8190  8190  8030 4096 
1600      10774 12126 12126 7487 8191 
1601      10774 15678 15678 6611 4096 
1602      7450  10707 10707 5489 1    
1603      7450  5490  5490  4231 4096 
1604      9083  8327  8327  2960 8191 
1605      9083  11151 11151 1800 4096 
1606      5704  5896  5896  865  1    
1607      5704  866   866   246  4096 
1608      7966  4342  4342  3    8191 
1609      7966  8194  8194  162  4096 
1610      5629  4258  4258  705  1    
1611      5629  706   706   1581 4096 
1612      8960  5677  5677  2703 8191 
1613      8960  10894 10894 3961 4096 
1614      7318  8057  8057  5232 1    
1615      7318  5233  5233  6392 4096 
1616      10696 10488 10488 7327 8191 
1617      10696 15518 15518 7946 4096 
1618      8448  12042 12042 8189 1    
1619      8448  8190  8190  8030 4096 
1620      10774 12126 12126 7487 8191 
1621      10774 15678 15678 6611 4096 
1622      7449  10707 10707 5489 1    
1623      7449  5490  5490  4231 4096 
1624      9085  8327  8327  2960 8191 
1625      9085  11151 11151 1800 4096 
1626      5706  5896  5896  865  1    
1627      5706  866   866   246  4096 
1628      7963  4342  4342  3    8191 
1629      7963  8194  8194  162  4096 
1630      5631  4258  4258  705  1    
1631      5631  706   706   1581 4096 
1632      8957  5677  5677  2703 8191 
1633      8957  10894 10894 3961 4096 
1634      7320  8057  8057  5232 1    
1635      7320  5233  5233  6392 4096 
1636      10696 10488 10488 7327 8191 
1637      10696 15518 15518 7946 4096 
1638      8450  12042 12042 8189 1    
1639      8450  8190  8190  8030 4096 
1640      10773 12126 12126 7487 8191 
1641      10773 15678 15678 6611 4096 
1642      7452  10707 10707 5489 1    
1643      7452  5490  5490  4231 4096 
1644      9084  8327  8327  2960 8191 
1645      9084  11151 11151 1800 4096 
1646      5703  5896  5896  865  1    
1647      5703  866   866   246  4096 
1648      7965  4342  4342  3    8191 
1649      7965  8194  8194  162  4096 
1650      5630  4258  4258  705  1    
1651      5630  706   706   1581 4096 
1652      8959  5677  5677  2703 8191 
1653      8959  10894 10894 3961 4096 
1654      7319  8057  8057  5232 1    
1655      7319  5233  5233  6392 4096 
1656      10696 10488 10488 7327 8191 
1657      10696 15518 15518 7946 4096 
1658      8450  12042 12042 8189 1    
1659      8450  8190  8190  8030 4096 
1660      10773 12126 12126 7487 8191 
1661      10773 15678 15678 6611 4096 
1662      7450  10707 10707 5489 1    
1663      7450  5490  5490  4231 4096 
1664      9084  8327  8327  2960 8191 
1665      9084  11151 11151 1800 4096 
1666      5706  5896  5896  865  1    
1667      5706  866   866   246  4096 
1668      7964  4342  4342  3    8191 
1669      7964  8194  8194  162  4096 
1670      5632  4258  4258  705  1    
1671      5632  706   706   1581 4096 
1672      8960  5677  5677  2703 8191 
1673      8960  10894 10894 3961 4096 
1674      7319  8057  8057  5232 1    
1675      7319  5233  5233  6392 4096 
1676      10697 10488 10488 7327 8191 
1677      10697 15518 15518 7946 4096 
1678      8449  12042 12042 8189 1    
1679      8449  8190  8190  8030 4096 
1680      10773 12126 12126 7487 8191 
1681      10773 15678 15678 6611 4096 
1682      7451  10707 10707 5489 1    
1683      7451  5490  5490  4231 4096 
1684      9082  8327  8327  2960 8191 
1685      9082  11151 11151 1800 4096 
1686      5708  5896  5896  865  1    
1687      5708  866   866   246  4096 
1688      7967  4342  4342  3    8191 
1689      7967  8194  8194  162  4096 
1690      5630  4258  4258  705  1    
1691      5630  706   706   1581 4096 
1692      8958  5677  5677  2703 8191 
1693      8958  10894 10894 3961 4096 
1694      7318  8057  8057  5232 1    
1695      7318  5233  5233  6392 4096 
1696      10697 10488 10488 7327 8191 
1697      10697 15518 15518 7946 4096 
1698      8450  12042 12042 8189 1    
1699      8450  8190  8190  8030 4096 
1700      10773 12126 12126 7487 8191 
1701      10773 15678 15678 6611 4096 
1702      7451  10707 10707 5489 1    
1703      7451  5490  5490  4231 4096 
1704      9082  8327  8327  2960 8191 
1705      9082  11151 11151 1800 4096 
1706      5706  5896  5896  865  1    
1707      5706  866   866   246  4096 
1708      7967  4342  4342  3    8191 
1709      7967  8194  8194  162  4096 
1710      5631  4258  4258  705  1    
1711      5631  706   706   1581 4096 
1712      8959  5677  5677  2703 8191 
1713      8959  10894 10894 3961 4096 
1714      7320  8057  8057  5232 1    
1715      7320  5233  5233  6392 4096 
1716      10697 10488 10488 7327 8191 
1717      10697 15518 15518 7946 4096 
1718      8448  12042 12042 8189 1    
1719      8448  8190  8190  8030 4096 
1720      10772 12126 12126 7487 8191 
1721      10772 15678 15678 6611 4096 
1722      7450  10707 10707 5489 1    
1723      7450  5490  5490  4231 4096 
1724      9083  8327  8327  2960 8191 
1725      9083  11151 11151 1800 4096 
1726      5706  5896  5896  865  1    
1727      5706  866   866   246  4096 
1728      7964  4342  4342  3    8191 
1729      7964  8194  8194  162  4096 
1730      5629  4258  4258  705  1    
1731      5629  706   706   1581 4096 
1732      8959  5677  5677  2703 8191 
1733      8959  10894 10894 3961 4096 
1734      7319  8057  8057  5232 1    
1735      7319  5233  5233  6392 4096 
1736      10696 10488 10488 7327 8191 
1737      10696 15518 15518 7946 4096 
1738      8450  12042 12042 8189 1    
1739      8450  8190  8190  8030 4096 
1740      10774 12126 12126 7487 8191 
1741      10774 15678 15678 6611 4096 
1742      7452  10707 10707 5489 1    
1743      7452  5490  5490  4231 4096 
1744      9082  8327  8327  2960 8191 
1745      9082  11151 11151 1800 4096 
1746      5706  5896  5896  865  1    
1747      5706  866   866   246  4096 
1748      7966  4342  4342  3    8191 
1749      7966  8194  8194  162  4096 
1750      5633  4258  4258  705  1    
1751      5633  706   706   1581 4096 
1752      8959  5677  5677  2703 8191 
1753      8959  10894 10894 3961 4096 
1754      7320  8057  8057  5232 1    
1755      7320  5233  5233  6392 4096 
1756      10697 10488 10488 7327 8191 
1757      10697 15518 15518 7946 4096 
1758      8447  12042 12042 8189 1    
1759      8447  8190  8190  8030 4096 
1760      10773 12126 12126 7487 8191 
1761      10773 15678 15678 6611 4096 
1762      7449  10707 10707 5489 1    
1763      7449  5490  5490  4231 4096 
1764      9082  8327  8327  2960 8191 
1765      9082  11151 11151 1800 4096 
1766      5707  5896  5896  865  1    
1767      5707  866   866   246  4096 
1768      7965  4342  4342  3    8191 
1769      7965  8194  8194  162  4096 
1770      5631  4258  4258  705  1    
1771      5631  706   706   1581 4096 
1772      8960  5677  5677  2703 8191 
1773      8960  10894 10894 3961 4096 
1774      7317  8057  8057  5232 1    
1775      7317  5233  5233  6392 4096 
1776      10695 10488 10488 7327 8191 
1777      10695 15518 15518 7946 4096 
1778      8450  12042 12042 8189 1    
1779      8450  8190  8190  8030 4096 
1780      10775 12126 12126 7487 8191 
1781      10775 15678 15678 6611 4096 
1782      7452  10707 10707 5489 1    
1783      7452  5490  5490  4231 4096 
1784      9082  8327  8327  2960 8191 
1785      9082  11151 11151 1800 4096 
1786      5706  5896  5896  865  1    
1787      5706  866   866   246  4096 
1788      7965  4342  4342  3    8191 
1789      7965  8194  8194  162  4096 
1790      5631  4258  4258  705  1    
1791      5631  706   706   1581 4096 
