Signal Legend:

Key        Signal Name

0        = ADC_DB
1        = DAC_DA
2        = DAC_DB
3        = DE4_ADDA_HSMA_TOP:U1|lpm_add:lpm|dataa
4        = DE4_ADDA_HSMA_TOP:U1|lpm_add:lpm|datab

Data Table:

Signals-> 0    1     2     3    4    

sample

-256      7852 7331  7331  2041 8191 
-255      7030 10232 10232 1047 4096 
-254      7030 5143  5143  351  1    
-253      6688 352   352   23   4096 
-252      6688 4119  4119  93   8191 
-251      6886 8284  8284  555  4096 
-250      6886 4651  4651  1363 1    
-249      7601 1364  1364  2440 4096 
-248      7601 6536  6536  3678 8191 
-247      8506 11869 11869 4957 4096 
-246      8506 9053  9053  6151 1    
-245      9327 6152  6152  7145 4096 
-244      9327 11241 11241 7841 8191 
-243      9671 16032 16032 8169 4096 
-242      9671 12265 12265 8099 1    
-241      9476 8100  8100  7637 4096 
-240      9476 11733 11733 6829 8191 
-239      8760 15020 15020 5752 4096 
-238      8760 9848  9848  4514 1    
-237      7851 4515  4515  3235 4096 
-236      7851 7331  7331  2041 8191 
-235      7030 10232 10232 1047 4096 
-234      7030 5143  5143  351  1    
-233      6689 352   352   23   4096 
-232      6689 4119  4119  93   8191 
-231      6886 8284  8284  555  4096 
-230      6886 4651  4651  1363 1    
-229      7600 1364  1364  2440 4096 
-228      7600 6536  6536  3678 8191 
-227      8505 11869 11869 4957 4096 
-226      8505 9053  9053  6151 1    
-225      9327 6152  6152  7145 4096 
-224      9327 11241 11241 7841 8191 
-223      9671 16032 16032 8169 4096 
-222      9671 12265 12265 8099 1    
-221      9477 8100  8100  7637 4096 
-220      9477 11733 11733 6829 8191 
-219      8761 15020 15020 5752 4096 
-218      8761 9848  9848  4514 1    
-217      7852 4515  4515  3235 4096 
-216      7852 7331  7331  2041 8191 
-215      7032 10232 10232 1047 4096 
-214      7032 5143  5143  351  1    
-213      6689 352   352   23   4096 
-212      6689 4119  4119  93   8191 
-211      6883 8284  8284  555  4096 
-210      6883 4651  4651  1363 1    
-209      7602 1364  1364  2440 4096 
-208      7602 6536  6536  3678 8191 
-207      8505 11869 11869 4957 4096 
-206      8505 9053  9053  6151 1    
-205      9328 6152  6152  7145 4096 
-204      9328 11241 11241 7841 8191 
-203      9669 16032 16032 8169 4096 
-202      9669 12265 12265 8099 1    
-201      9477 8100  8100  7637 4096 
-200      9477 11733 11733 6829 8191 
-199      8758 15020 15020 5752 4096 
-198      8758 9848  9848  4514 1    
-197      7852 4515  4515  3235 4096 
-196      7852 7331  7331  2041 8191 
-195      7031 10232 10232 1047 4096 
-194      7031 5143  5143  351  1    
-193      6689 352   352   23   4096 
-192      6689 4119  4119  93   8191 
-191      6884 8284  8284  555  4096 
-190      6884 4651  4651  1363 1    
-189      7602 1364  1364  2440 4096 
-188      7602 6536  6536  3678 8191 
-187      8506 11869 11869 4957 4096 
-186      8506 9053  9053  6151 1    
-185      9327 6152  6152  7145 4096 
-184      9327 11241 11241 7841 8191 
-183      9668 16032 16032 8169 4096 
-182      9668 12265 12265 8099 1    
-181      9476 8100  8100  7637 4096 
-180      9476 11733 11733 6829 8191 
-179      8759 15020 15020 5752 4096 
-178      8759 9848  9848  4514 1    
-177      7852 4515  4515  3235 4096 
-176      7852 7331  7331  2041 8191 
-175      7029 10232 10232 1047 4096 
-174      7029 5143  5143  351  1    
-173      6689 352   352   23   4096 
-172      6689 4119  4119  93   8191 
-171      6885 8284  8284  555  4096 
-170      6885 4651  4651  1363 1    
-169      7600 1364  1364  2440 4096 
-168      7600 6536  6536  3678 8191 
-167      8503 11869 11869 4957 4096 
-166      8503 9053  9053  6151 1    
-165      9328 6152  6152  7145 4096 
-164      9328 11241 11241 7841 8191 
-163      9670 16032 16032 8169 4096 
-162      9670 12265 12265 8099 1    
-161      9476 8100  8100  7637 4096 
-160      9476 11733 11733 6829 8191 
-159      8760 15020 15020 5752 4096 
-158      8760 9848  9848  4514 1    
-157      7852 4515  4515  3235 4096 
-156      7852 7331  7331  2041 8191 
-155      7030 10232 10232 1047 4096 
-154      7030 5143  5143  351  1    
-153      6690 352   352   23   4096 
-152      6690 4119  4119  93   8191 
-151      6884 8284  8284  555  4096 
-150      6884 4651  4651  1363 1    
-149      7601 1364  1364  2440 4096 
-148      7601 6536  6536  3678 8191 
-147      8507 11869 11869 4957 4096 
-146      8507 9053  9053  6151 1    
-145      9327 6152  6152  7145 4096 
-144      9327 11241 11241 7841 8191 
-143      9673 16032 16032 8169 4096 
-142      9673 12265 12265 8099 1    
-141      9476 8100  8100  7637 4096 
-140      9476 11733 11733 6829 8191 
-139      8763 15020 15020 5752 4096 
-138      8763 9848  9848  4514 1    
-137      7853 4515  4515  3235 4096 
-136      7853 7331  7331  2041 8191 
-135      7031 10232 10232 1047 4096 
-134      7031 5143  5143  351  1    
-133      6690 352   352   23   4096 
-132      6690 4119  4119  93   8191 
-131      6886 8284  8284  555  4096 
-130      6886 4651  4651  1363 1    
-129      7601 1364  1364  2440 4096 
-128      7601 6536  6536  3678 8191 
-127      8507 11869 11869 4957 4096 
-126      8507 9053  9053  6151 1    
-125      9327 6152  6152  7145 4096 
-124      9327 11241 11241 7841 8191 
-123      9670 16032 16032 8169 4096 
-122      9670 12265 12265 8099 1    
-121      9479 8100  8100  7637 4096 
-120      9479 11733 11733 6829 8191 
-119      8762 15020 15020 5752 4096 
-118      8762 9848  9848  4514 1    
-117      7851 4515  4515  3235 4096 
-116      7851 7331  7331  2041 8191 
-115      7031 10232 10232 1047 4096 
-114      7031 5143  5143  351  1    
-113      6689 352   352   23   4096 
-112      6689 4119  4119  93   8191 
-111      6886 8284  8284  555  4096 
-110      6886 4651  4651  1363 1    
-109      7599 1364  1364  2440 4096 
-108      7599 6536  6536  3678 8191 
-107      8506 11869 11869 4957 4096 
-106      8506 9053  9053  6151 1    
-105      9325 6152  6152  7145 4096 
-104      9325 11241 11241 7841 8191 
-103      9670 16032 16032 8169 4096 
-102      9670 12265 12265 8099 1    
-101      9479 8100  8100  7637 4096 
-100      9479 11733 11733 6829 8191 
-99       8758 15020 15020 5752 4096 
-98       8758 9848  9848  4514 1    
-97       7853 4515  4515  3235 4096 
-96       7853 7331  7331  2041 8191 
-95       7029 10232 10232 1047 4096 
-94       7029 5143  5143  351  1    
-93       6690 352   352   23   4096 
-92       6690 4119  4119  93   8191 
-91       6885 8284  8284  555  4096 
-90       6885 4651  4651  1363 1    
-89       7601 1364  1364  2440 4096 
-88       7601 6536  6536  3678 8191 
-87       8506 11869 11869 4957 4096 
-86       8506 9053  9053  6151 1    
-85       9326 6152  6152  7145 4096 
-84       9326 11241 11241 7841 8191 
-83       9670 16032 16032 8169 4096 
-82       9670 12265 12265 8099 1    
-81       9476 8100  8100  7637 4096 
-80       9476 11733 11733 6829 8191 
-79       8760 15020 15020 5752 4096 
-78       8760 9848  9848  4514 1    
-77       7850 4515  4515  3235 4096 
-76       7850 7331  7331  2041 8191 
-75       7029 10232 10232 1047 4096 
-74       7029 5143  5143  351  1    
-73       6689 352   352   23   4096 
-72       6689 4119  4119  93   8191 
-71       6886 8284  8284  555  4096 
-70       6886 4651  4651  1363 1    
-69       7600 1364  1364  2440 4096 
-68       7600 6536  6536  3678 8191 
-67       8507 11869 11869 4957 4096 
-66       8507 9053  9053  6151 1    
-65       9329 6152  6152  7145 4096 
-64       9329 11241 11241 7841 8191 
-63       9671 16032 16032 8169 4096 
-62       9671 12265 12265 8099 1    
-61       9477 8100  8100  7637 4096 
-60       9477 11733 11733 6829 8191 
-59       8759 15020 15020 5752 4096 
-58       8759 9848  9848  4514 1    
-57       7852 4515  4515  3235 4096 
-56       7852 7331  7331  2041 8191 
-55       7032 10232 10232 1047 4096 
-54       7032 5143  5143  351  1    
-53       6689 352   352   23   4096 
-52       6689 4119  4119  93   8191 
-51       6883 8284  8284  555  4096 
-50       6883 4651  4651  1363 1    
-49       7602 1364  1364  2440 4096 
-48       7602 6536  6536  3678 8191 
-47       8506 11869 11869 4957 4096 
-46       8506 9053  9053  6151 1    
-45       9329 6152  6152  7145 4096 
-44       9329 11241 11241 7841 8191 
-43       9671 16032 16032 8169 4096 
-42       9671 12265 12265 8099 1    
-41       9476 8100  8100  7637 4096 
-40       9476 11733 11733 6829 8191 
-39       8758 15020 15020 5752 4096 
-38       8758 9848  9848  4514 1    
-37       7853 4515  4515  3235 4096 
-36       7853 7331  7331  2041 8191 
-35       7032 10232 10232 1047 4096 
-34       7032 5143  5143  351  1    
-33       6691 352   352   23   4096 
-32       6691 4119  4119  93   8191 
-31       6883 8284  8284  555  4096 
-30       6883 4651  4651  1363 1    
-29       7600 1364  1364  2440 4096 
-28       7600 6536  6536  3678 8191 
-27       8508 11869 11869 4957 4096 
-26       8508 9053  9053  6151 1    
-25       9327 6152  6152  7145 4096 
-24       9327 11241 11241 7841 8191 
-23       9672 16032 16032 8169 4096 
-22       9672 12265 12265 8099 1    
-21       9477 8100  8100  7637 4096 
-20       9477 11733 11733 6829 8191 
-19       8761 15020 15020 5752 4096 
-18       8761 9848  9848  4514 1    
-17       7849 4515  4515  3235 4096 
-16       7849 7331  7331  2041 8191 
-15       7031 10232 10232 1047 4096 
-14       7031 5143  5143  351  1    
-13       6690 352   352   23   4096 
-12       6690 4119  4119  93   8191 
-11       6885 8284  8284  555  4096 
-10       6885 4651  4651  1363 1    
-9        7598 1364  1364  2440 4096 
-8        7598 6536  6536  3678 8191 
-7        8504 11869 11869 4957 4096 
-6        8504 9053  9053  6151 1    
-5        9327 6152  6152  7145 4096 
-4        9327 11241 11241 7841 8191 
-3        9670 16032 16032 8169 4096 
-2        9670 12265 12265 8099 1    
-1        9476 8100  8100  7637 4096 
0         9476 11733 11733 6829 8191 
1         8759 15020 15020 5752 4096 
2         8759 9848  9848  4514 1    
3         7854 4515  4515  3235 4096 
4         7854 7331  7331  2041 8191 
5         7033 10232 10232 1047 4096 
6         7033 5143  5143  351  1    
7         6690 352   352   23   4096 
8         6690 4119  4119  93   8191 
9         6884 8284  8284  555  4096 
10        6884 4651  4651  1363 1    
11        7599 1364  1364  2440 4096 
12        7599 6536  6536  3678 8191 
13        8507 11869 11869 4957 4096 
14        8507 9053  9053  6151 1    
15        9327 6152  6152  7145 4096 
16        9327 11241 11241 7841 8191 
17        9670 16032 16032 8169 4096 
18        9670 12265 12265 8099 1    
19        9479 8100  8100  7637 4096 
20        9479 11733 11733 6829 8191 
21        8759 15020 15020 5752 4096 
22        8759 9848  9848  4514 1    
23        7852 4515  4515  3235 4096 
24        7852 7331  7331  2041 8191 
25        7034 10232 10232 1047 4096 
26        7034 5143  5143  351  1    
27        6688 352   352   23   4096 
28        6688 4119  4119  93   8191 
29        6884 8284  8284  555  4096 
30        6884 4651  4651  1363 1    
31        7601 1364  1364  2440 4096 
32        7601 6536  6536  3678 8191 
33        8506 11869 11869 4957 4096 
34        8506 9053  9053  6151 1    
35        9327 6152  6152  7145 4096 
36        9327 11241 11241 7841 8191 
37        9672 16032 16032 8169 4096 
38        9672 12265 12265 8099 1    
39        9475 8100  8100  7637 4096 
40        9475 11733 11733 6829 8191 
41        8761 15020 15020 5752 4096 
42        8761 9848  9848  4514 1    
43        7851 4515  4515  3235 4096 
44        7851 7331  7331  2041 8191 
45        7029 10232 10232 1047 4096 
46        7029 5143  5143  351  1    
47        6688 352   352   23   4096 
48        6688 4119  4119  93   8191 
49        6883 8284  8284  555  4096 
50        6883 4651  4651  1363 1    
51        7600 1364  1364  2440 4096 
52        7600 6536  6536  3678 8191 
53        8505 11869 11869 4957 4096 
54        8505 9053  9053  6151 1    
55        9324 6152  6152  7145 4096 
56        9324 11241 11241 7841 8191 
57        9671 16032 16032 8169 4096 
58        9671 12265 12265 8099 1    
59        9477 8100  8100  7637 4096 
60        9477 11733 11733 6829 8191 
61        8759 15020 15020 5752 4096 
62        8759 9848  9848  4514 1    
63        7852 4515  4515  3235 4096 
64        7852 7331  7331  2041 8191 
65        7032 10232 10232 1047 4096 
66        7032 5143  5143  351  1    
67        6691 352   352   23   4096 
68        6691 4119  4119  93   8191 
69        6886 8284  8284  555  4096 
70        6886 4651  4651  1363 1    
71        7601 1364  1364  2440 4096 
72        7601 6536  6536  3678 8191 
73        8508 11869 11869 4957 4096 
74        8508 9053  9053  6151 1    
75        9328 6152  6152  7145 4096 
76        9328 11241 11241 7841 8191 
77        9670 16032 16032 8169 4096 
78        9670 12265 12265 8099 1    
79        9477 8100  8100  7637 4096 
80        9477 11733 11733 6829 8191 
81        8759 15020 15020 5752 4096 
82        8759 9848  9848  4514 1    
83        7853 4515  4515  3235 4096 
84        7853 7331  7331  2041 8191 
85        7032 10232 10232 1047 4096 
86        7032 5143  5143  351  1    
87        6689 352   352   23   4096 
88        6689 4119  4119  93   8191 
89        6886 8284  8284  555  4096 
90        6886 4651  4651  1363 1    
91        7603 1364  1364  2440 4096 
92        7603 6536  6536  3678 8191 
93        8508 11869 11869 4957 4096 
94        8508 9053  9053  6151 1    
95        9327 6152  6152  7145 4096 
96        9327 11241 11241 7841 8191 
97        9672 16032 16032 8169 4096 
98        9672 12265 12265 8099 1    
99        9476 8100  8100  7637 4096 
100       9476 11733 11733 6829 8191 
101       8759 15020 15020 5752 4096 
102       8759 9848  9848  4514 1    
103       7850 4515  4515  3235 4096 
104       7850 7331  7331  2041 8191 
105       7029 10232 10232 1047 4096 
106       7029 5143  5143  351  1    
107       6689 352   352   23   4096 
108       6689 4119  4119  93   8191 
109       6885 8284  8284  555  4096 
110       6885 4651  4651  1363 1    
111       7601 1364  1364  2440 4096 
112       7601 6536  6536  3678 8191 
113       8506 11869 11869 4957 4096 
114       8506 9053  9053  6151 1    
115       9326 6152  6152  7145 4096 
116       9326 11241 11241 7841 8191 
117       9670 16032 16032 8169 4096 
118       9670 12265 12265 8099 1    
119       9476 8100  8100  7637 4096 
120       9476 11733 11733 6829 8191 
121       8760 15020 15020 5752 4096 
122       8760 9848  9848  4514 1    
123       7852 4515  4515  3235 4096 
124       7852 7331  7331  2041 8191 
125       7031 10232 10232 1047 4096 
126       7031 5143  5143  351  1    
127       6689 352   352   23   4096 
128       6689 4119  4119  93   8191 
129       6883 8284  8284  555  4096 
130       6883 4651  4651  1363 1    
131       7601 1364  1364  2440 4096 
132       7601 6536  6536  3678 8191 
133       8507 11869 11869 4957 4096 
134       8507 9053  9053  6151 1    
135       9325 6152  6152  7145 4096 
136       9325 11241 11241 7841 8191 
137       9668 16032 16032 8169 4096 
138       9668 12265 12265 8099 1    
139       9476 8100  8100  7637 4096 
140       9476 11733 11733 6829 8191 
141       8760 15020 15020 5752 4096 
142       8760 9848  9848  4514 1    
143       7854 4515  4515  3235 4096 
144       7854 7331  7331  2041 8191 
145       7032 10232 10232 1047 4096 
146       7032 5143  5143  351  1    
147       6690 352   352   23   4096 
148       6690 4119  4119  93   8191 
149       6884 8284  8284  555  4096 
150       6884 4651  4651  1363 1    
151       7600 1364  1364  2440 4096 
152       7600 6536  6536  3678 8191 
153       8510 11869 11869 4957 4096 
154       8510 9053  9053  6151 1    
155       9328 6152  6152  7145 4096 
156       9328 11241 11241 7841 8191 
157       9673 16032 16032 8169 4096 
158       9673 12265 12265 8099 1    
159       9475 8100  8100  7637 4096 
160       9475 11733 11733 6829 8191 
161       8758 15020 15020 5752 4096 
162       8758 9848  9848  4514 1    
163       7849 4515  4515  3235 4096 
164       7849 7331  7331  2041 8191 
165       7031 10232 10232 1047 4096 
166       7031 5143  5143  351  1    
167       6690 352   352   23   4096 
168       6690 4119  4119  93   8191 
169       6886 8284  8284  555  4096 
170       6886 4651  4651  1363 1    
171       7601 1364  1364  2440 4096 
172       7601 6536  6536  3678 8191 
173       8507 11869 11869 4957 4096 
174       8507 9053  9053  6151 1    
175       9326 6152  6152  7145 4096 
176       9326 11241 11241 7841 8191 
177       9671 16032 16032 8169 4096 
178       9671 12265 12265 8099 1    
179       9475 8100  8100  7637 4096 
180       9475 11733 11733 6829 8191 
181       8759 15020 15020 5752 4096 
182       8759 9848  9848  4514 1    
183       7853 4515  4515  3235 4096 
184       7853 7331  7331  2041 8191 
185       7030 10232 10232 1047 4096 
186       7030 5143  5143  351  1    
187       6690 352   352   23   4096 
188       6690 4119  4119  93   8191 
189       6885 8284  8284  555  4096 
190       6885 4651  4651  1363 1    
191       7601 1364  1364  2440 4096 
192       7601 6536  6536  3678 8191 
193       8507 11869 11869 4957 4096 
194       8507 9053  9053  6151 1    
195       9328 6152  6152  7145 4096 
196       9328 11241 11241 7841 8191 
197       9669 16032 16032 8169 4096 
198       9669 12265 12265 8099 1    
199       9476 8100  8100  7637 4096 
200       9476 11733 11733 6829 8191 
201       8760 15020 15020 5752 4096 
202       8760 9848  9848  4514 1    
203       7852 4515  4515  3235 4096 
204       7852 7331  7331  2041 8191 
205       7030 10232 10232 1047 4096 
206       7030 5143  5143  351  1    
207       6690 352   352   23   4096 
208       6690 4119  4119  93   8191 
209       6884 8284  8284  555  4096 
210       6884 4651  4651  1363 1    
211       7602 1364  1364  2440 4096 
212       7602 6536  6536  3678 8191 
213       8508 11869 11869 4957 4096 
214       8508 9053  9053  6151 1    
215       9326 6152  6152  7145 4096 
216       9326 11241 11241 7841 8191 
217       9670 16032 16032 8169 4096 
218       9670 12265 12265 8099 1    
219       9477 8100  8100  7637 4096 
220       9477 11733 11733 6829 8191 
221       8759 15020 15020 5752 4096 
222       8759 9848  9848  4514 1    
223       7851 4515  4515  3235 4096 
224       7851 7331  7331  2041 8191 
225       7032 10232 10232 1047 4096 
226       7032 5143  5143  351  1    
227       6689 352   352   23   4096 
228       6689 4119  4119  93   8191 
229       6884 8284  8284  555  4096 
230       6884 4651  4651  1363 1    
231       7601 1364  1364  2440 4096 
232       7601 6536  6536  3678 8191 
233       8505 11869 11869 4957 4096 
234       8505 9053  9053  6151 1    
235       9328 6152  6152  7145 4096 
236       9328 11241 11241 7841 8191 
237       9670 16032 16032 8169 4096 
238       9670 12265 12265 8099 1    
239       9476 8100  8100  7637 4096 
240       9476 11733 11733 6829 8191 
241       8761 15020 15020 5752 4096 
242       8761 9848  9848  4514 1    
243       7851 4515  4515  3235 4096 
244       7851 7331  7331  2041 8191 
245       7029 10232 10232 1047 4096 
246       7029 5143  5143  351  1    
247       6688 352   352   23   4096 
248       6688 4119  4119  93   8191 
249       6883 8284  8284  555  4096 
250       6883 4651  4651  1363 1    
251       7600 1364  1364  2440 4096 
252       7600 6536  6536  3678 8191 
253       8506 11869 11869 4957 4096 
254       8506 9053  9053  6151 1    
255       9326 6152  6152  7145 4096 
256       9326 11241 11241 7841 8191 
257       9670 16032 16032 8169 4096 
258       9670 12265 12265 8099 1    
259       9477 8100  8100  7637 4096 
260       9477 11733 11733 6829 8191 
261       8757 15020 15020 5752 4096 
262       8757 9848  9848  4514 1    
263       7854 4515  4515  3235 4096 
264       7854 7331  7331  2041 8191 
265       7030 10232 10232 1047 4096 
266       7030 5143  5143  351  1    
267       6690 352   352   23   4096 
268       6690 4119  4119  93   8191 
269       6883 8284  8284  555  4096 
270       6883 4651  4651  1363 1    
271       7602 1364  1364  2440 4096 
272       7602 6536  6536  3678 8191 
273       8506 11869 11869 4957 4096 
274       8506 9053  9053  6151 1    
275       9327 6152  6152  7145 4096 
276       9327 11241 11241 7841 8191 
277       9670 16032 16032 8169 4096 
278       9670 12265 12265 8099 1    
279       9476 8100  8100  7637 4096 
280       9476 11733 11733 6829 8191 
281       8759 15020 15020 5752 4096 
282       8759 9848  9848  4514 1    
283       7853 4515  4515  3235 4096 
284       7853 7331  7331  2041 8191 
285       7030 10232 10232 1047 4096 
286       7030 5143  5143  351  1    
287       6690 352   352   23   4096 
288       6690 4119  4119  93   8191 
289       6885 8284  8284  555  4096 
290       6885 4651  4651  1363 1    
291       7603 1364  1364  2440 4096 
292       7603 6536  6536  3678 8191 
293       8506 11869 11869 4957 4096 
294       8506 9053  9053  6151 1    
295       9327 6152  6152  7145 4096 
296       9327 11241 11241 7841 8191 
297       9670 16032 16032 8169 4096 
298       9670 12265 12265 8099 1    
299       9475 8100  8100  7637 4096 
300       9475 11733 11733 6829 8191 
301       8759 15020 15020 5752 4096 
302       8759 9848  9848  4514 1    
303       7853 4515  4515  3235 4096 
304       7853 7331  7331  2041 8191 
305       7033 10232 10232 1047 4096 
306       7033 5143  5143  351  1    
307       6691 352   352   23   4096 
308       6691 4119  4119  93   8191 
309       6884 8284  8284  555  4096 
310       6884 4651  4651  1363 1    
311       7599 1364  1364  2440 4096 
312       7599 6536  6536  3678 8191 
313       8505 11869 11869 4957 4096 
314       8505 9053  9053  6151 1    
315       9326 6152  6152  7145 4096 
316       9326 11241 11241 7841 8191 
317       9671 16032 16032 8169 4096 
318       9671 12265 12265 8099 1    
319       9476 8100  8100  7637 4096 
320       9476 11733 11733 6829 8191 
321       8761 15020 15020 5752 4096 
322       8761 9848  9848  4514 1    
323       7851 4515  4515  3235 4096 
324       7851 7331  7331  2041 8191 
325       7031 10232 10232 1047 4096 
326       7031 5143  5143  351  1    
327       6689 352   352   23   4096 
328       6689 4119  4119  93   8191 
329       6883 8284  8284  555  4096 
330       6883 4651  4651  1363 1    
331       7600 1364  1364  2440 4096 
332       7600 6536  6536  3678 8191 
333       8508 11869 11869 4957 4096 
334       8508 9053  9053  6151 1    
335       9327 6152  6152  7145 4096 
336       9327 11241 11241 7841 8191 
337       9669 16032 16032 8169 4096 
338       9669 12265 12265 8099 1    
339       9477 8100  8100  7637 4096 
340       9477 11733 11733 6829 8191 
341       8761 15020 15020 5752 4096 
342       8761 9848  9848  4514 1    
343       7850 4515  4515  3235 4096 
344       7850 7331  7331  2041 8191 
345       7030 10232 10232 1047 4096 
346       7030 5143  5143  351  1    
347       6690 352   352   23   4096 
348       6690 4119  4119  93   8191 
349       6887 8284  8284  555  4096 
350       6887 4651  4651  1363 1    
351       7602 1364  1364  2440 4096 
352       7602 6536  6536  3678 8191 
353       8507 11869 11869 4957 4096 
354       8507 9053  9053  6151 1    
355       9329 6152  6152  7145 4096 
356       9329 11241 11241 7841 8191 
357       9670 16032 16032 8169 4096 
358       9670 12265 12265 8099 1    
359       9476 8100  8100  7637 4096 
360       9476 11733 11733 6829 8191 
361       8759 15020 15020 5752 4096 
362       8759 9848  9848  4514 1    
363       7852 4515  4515  3235 4096 
364       7852 7331  7331  2041 8191 
365       7031 10232 10232 1047 4096 
366       7031 5143  5143  351  1    
367       6687 352   352   23   4096 
368       6687 4119  4119  93   8191 
369       6884 8284  8284  555  4096 
370       6884 4651  4651  1363 1    
371       7600 1364  1364  2440 4096 
372       7600 6536  6536  3678 8191 
373       8506 11869 11869 4957 4096 
374       8506 9053  9053  6151 1    
375       9330 6152  6152  7145 4096 
376       9330 11241 11241 7841 8191 
377       9672 16032 16032 8169 4096 
378       9672 12265 12265 8099 1    
379       9479 8100  8100  7637 4096 
380       9479 11733 11733 6829 8191 
381       8762 15020 15020 5752 4096 
382       8762 9848  9848  4514 1    
383       7851 4515  4515  3235 4096 
384       7851 7331  7331  2041 8191 
385       7032 10232 10232 1047 4096 
386       7032 5143  5143  351  1    
387       6690 352   352   23   4096 
388       6690 4119  4119  93   8191 
389       6884 8284  8284  555  4096 
390       6884 4651  4651  1363 1    
391       7600 1364  1364  2440 4096 
392       7600 6536  6536  3678 8191 
393       8505 11869 11869 4957 4096 
394       8505 9053  9053  6151 1    
395       9326 6152  6152  7145 4096 
396       9326 11241 11241 7841 8191 
397       9670 16032 16032 8169 4096 
398       9670 12265 12265 8099 1    
399       9476 8100  8100  7637 4096 
400       9476 11733 11733 6829 8191 
401       8761 15020 15020 5752 4096 
402       8761 9848  9848  4514 1    
403       7854 4515  4515  3235 4096 
404       7854 7331  7331  2041 8191 
405       7031 10232 10232 1047 4096 
406       7031 5143  5143  351  1    
407       6690 352   352   23   4096 
408       6690 4119  4119  93   8191 
409       6885 8284  8284  555  4096 
410       6885 4651  4651  1363 1    
411       7600 1364  1364  2440 4096 
412       7600 6536  6536  3678 8191 
413       8509 11869 11869 4957 4096 
414       8509 9053  9053  6151 1    
415       9327 6152  6152  7145 4096 
416       9327 11241 11241 7841 8191 
417       9669 16032 16032 8169 4096 
418       9669 12265 12265 8099 1    
419       9476 8100  8100  7637 4096 
420       9476 11733 11733 6829 8191 
421       8758 15020 15020 5752 4096 
422       8758 9848  9848  4514 1    
423       7851 4515  4515  3235 4096 
424       7851 7331  7331  2041 8191 
425       7031 10232 10232 1047 4096 
426       7031 5143  5143  351  1    
427       6691 352   352   23   4096 
428       6691 4119  4119  93   8191 
429       6887 8284  8284  555  4096 
430       6887 4651  4651  1363 1    
431       7601 1364  1364  2440 4096 
432       7601 6536  6536  3678 8191 
433       8507 11869 11869 4957 4096 
434       8507 9053  9053  6151 1    
435       9325 6152  6152  7145 4096 
436       9325 11241 11241 7841 8191 
437       9671 16032 16032 8169 4096 
438       9671 12265 12265 8099 1    
439       9475 8100  8100  7637 4096 
440       9475 11733 11733 6829 8191 
441       8761 15020 15020 5752 4096 
442       8761 9848  9848  4514 1    
443       7849 4515  4515  3235 4096 
444       7849 7331  7331  2041 8191 
445       7033 10232 10232 1047 4096 
446       7033 5143  5143  351  1    
447       6690 352   352   23   4096 
448       6690 4119  4119  93   8191 
449       6885 8284  8284  555  4096 
450       6885 4651  4651  1363 1    
451       7601 1364  1364  2440 4096 
452       7601 6536  6536  3678 8191 
453       8505 11869 11869 4957 4096 
454       8505 9053  9053  6151 1    
455       9328 6152  6152  7145 4096 
456       9328 11241 11241 7841 8191 
457       9671 16032 16032 8169 4096 
458       9671 12265 12265 8099 1    
459       9476 8100  8100  7637 4096 
460       9476 11733 11733 6829 8191 
461       8758 15020 15020 5752 4096 
462       8758 9848  9848  4514 1    
463       7853 4515  4515  3235 4096 
464       7853 7331  7331  2041 8191 
465       7031 10232 10232 1047 4096 
466       7031 5143  5143  351  1    
467       6688 352   352   23   4096 
468       6688 4119  4119  93   8191 
469       6884 8284  8284  555  4096 
470       6884 4651  4651  1363 1    
471       7600 1364  1364  2440 4096 
472       7600 6536  6536  3678 8191 
473       8505 11869 11869 4957 4096 
474       8505 9053  9053  6151 1    
475       9326 6152  6152  7145 4096 
476       9326 11241 11241 7841 8191 
477       9671 16032 16032 8169 4096 
478       9671 12265 12265 8099 1    
479       9474 8100  8100  7637 4096 
480       9474 11733 11733 6829 8191 
481       8758 15020 15020 5752 4096 
482       8758 9848  9848  4514 1    
483       7852 4515  4515  3235 4096 
484       7852 7331  7331  2041 8191 
485       7027 10232 10232 1047 4096 
486       7027 5143  5143  351  1    
487       6691 352   352   23   4096 
488       6691 4119  4119  93   8191 
489       6886 8284  8284  555  4096 
490       6886 4651  4651  1363 1    
491       7601 1364  1364  2440 4096 
492       7601 6536  6536  3678 8191 
493       8508 11869 11869 4957 4096 
494       8508 9053  9053  6151 1    
495       9328 6152  6152  7145 4096 
496       9328 11241 11241 7841 8191 
497       9670 16032 16032 8169 4096 
498       9670 12265 12265 8099 1    
499       9478 8100  8100  7637 4096 
500       9478 11733 11733 6829 8191 
501       8760 15020 15020 5752 4096 
502       8760 9848  9848  4514 1    
503       7854 4515  4515  3235 4096 
504       7854 7331  7331  2041 8191 
505       7031 10232 10232 1047 4096 
506       7031 5143  5143  351  1    
507       6689 352   352   23   4096 
508       6689 4119  4119  93   8191 
509       6884 8284  8284  555  4096 
510       6884 4651  4651  1363 1    
511       7602 1364  1364  2440 4096 
512       7602 6536  6536  3678 8191 
513       8508 11869 11869 4957 4096 
514       8508 9053  9053  6151 1    
515       9326 6152  6152  7145 4096 
516       9326 11241 11241 7841 8191 
517       9669 16032 16032 8169 4096 
518       9669 12265 12265 8099 1    
519       9478 8100  8100  7637 4096 
520       9478 11733 11733 6829 8191 
521       8761 15020 15020 5752 4096 
522       8761 9848  9848  4514 1    
523       7852 4515  4515  3235 4096 
524       7852 7331  7331  2041 8191 
525       7031 10232 10232 1047 4096 
526       7031 5143  5143  351  1    
527       6689 352   352   23   4096 
528       6689 4119  4119  93   8191 
529       6884 8284  8284  555  4096 
530       6884 4651  4651  1363 1    
531       7598 1364  1364  2440 4096 
532       7598 6536  6536  3678 8191 
533       8506 11869 11869 4957 4096 
534       8506 9053  9053  6151 1    
535       9326 6152  6152  7145 4096 
536       9326 11241 11241 7841 8191 
537       9673 16032 16032 8169 4096 
538       9673 12265 12265 8099 1    
539       9477 8100  8100  7637 4096 
540       9477 11733 11733 6829 8191 
541       8759 15020 15020 5752 4096 
542       8759 9848  9848  4514 1    
543       7852 4515  4515  3235 4096 
544       7852 7331  7331  2041 8191 
545       7031 10232 10232 1047 4096 
546       7031 5143  5143  351  1    
547       6689 352   352   23   4096 
548       6689 4119  4119  93   8191 
549       6885 8284  8284  555  4096 
550       6885 4651  4651  1363 1    
551       7603 1364  1364  2440 4096 
552       7603 6536  6536  3678 8191 
553       8507 11869 11869 4957 4096 
554       8507 9053  9053  6151 1    
555       9326 6152  6152  7145 4096 
556       9326 11241 11241 7841 8191 
557       9671 16032 16032 8169 4096 
558       9671 12265 12265 8099 1    
559       9478 8100  8100  7637 4096 
560       9478 11733 11733 6829 8191 
561       8761 15020 15020 5752 4096 
562       8761 9848  9848  4514 1    
563       7853 4515  4515  3235 4096 
564       7853 7331  7331  2041 8191 
565       7031 10232 10232 1047 4096 
566       7031 5143  5143  351  1    
567       6691 352   352   23   4096 
568       6691 4119  4119  93   8191 
569       6882 8284  8284  555  4096 
570       6882 4651  4651  1363 1    
571       7601 1364  1364  2440 4096 
572       7601 6536  6536  3678 8191 
573       8505 11869 11869 4957 4096 
574       8505 9053  9053  6151 1    
575       9327 6152  6152  7145 4096 
576       9327 11241 11241 7841 8191 
577       9669 16032 16032 8169 4096 
578       9669 12265 12265 8099 1    
579       9475 8100  8100  7637 4096 
580       9475 11733 11733 6829 8191 
581       8760 15020 15020 5752 4096 
582       8760 9848  9848  4514 1    
583       7852 4515  4515  3235 4096 
584       7852 7331  7331  2041 8191 
585       7028 10232 10232 1047 4096 
586       7028 5143  5143  351  1    
587       6690 352   352   23   4096 
588       6690 4119  4119  93   8191 
589       6886 8284  8284  555  4096 
590       6886 4651  4651  1363 1    
591       7599 1364  1364  2440 4096 
592       7599 6536  6536  3678 8191 
593       8507 11869 11869 4957 4096 
594       8507 9053  9053  6151 1    
595       9327 6152  6152  7145 4096 
596       9327 11241 11241 7841 8191 
597       9670 16032 16032 8169 4096 
598       9670 12265 12265 8099 1    
599       9476 8100  8100  7637 4096 
600       9476 11733 11733 6829 8191 
601       8761 15020 15020 5752 4096 
602       8761 9848  9848  4514 1    
603       7852 4515  4515  3235 4096 
604       7852 7331  7331  2041 8191 
605       7033 10232 10232 1047 4096 
606       7033 5143  5143  351  1    
607       6689 352   352   23   4096 
608       6689 4119  4119  93   8191 
609       6885 8284  8284  555  4096 
610       6885 4651  4651  1363 1    
611       7600 1364  1364  2440 4096 
612       7600 6536  6536  3678 8191 
613       8507 11869 11869 4957 4096 
614       8507 9053  9053  6151 1    
615       9325 6152  6152  7145 4096 
616       9325 11241 11241 7841 8191 
617       9669 16032 16032 8169 4096 
618       9669 12265 12265 8099 1    
619       9476 8100  8100  7637 4096 
620       9476 11733 11733 6829 8191 
621       8761 15020 15020 5752 4096 
622       8761 9848  9848  4514 1    
623       7852 4515  4515  3235 4096 
624       7852 7331  7331  2041 8191 
625       7033 10232 10232 1047 4096 
626       7033 5143  5143  351  1    
627       6690 352   352   23   4096 
628       6690 4119  4119  93   8191 
629       6885 8284  8284  555  4096 
630       6885 4651  4651  1363 1    
631       7602 1364  1364  2440 4096 
632       7602 6536  6536  3678 8191 
633       8505 11869 11869 4957 4096 
634       8505 9053  9053  6151 1    
635       9326 6152  6152  7145 4096 
636       9326 11241 11241 7841 8191 
637       9669 16032 16032 8169 4096 
638       9669 12265 12265 8099 1    
639       9476 8100  8100  7637 4096 
640       9476 11733 11733 6829 8191 
641       8760 15020 15020 5752 4096 
642       8760 9848  9848  4514 1    
643       7849 4515  4515  3235 4096 
644       7849 7331  7331  2041 8191 
645       7030 10232 10232 1047 4096 
646       7030 5143  5143  351  1    
647       6690 352   352   23   4096 
648       6690 4119  4119  93   8191 
649       6883 8284  8284  555  4096 
650       6883 4651  4651  1363 1    
651       7599 1364  1364  2440 4096 
652       7599 6536  6536  3678 8191 
653       8506 11869 11869 4957 4096 
654       8506 9053  9053  6151 1    
655       9326 6152  6152  7145 4096 
656       9326 11241 11241 7841 8191 
657       9669 16032 16032 8169 4096 
658       9669 12265 12265 8099 1    
659       9475 8100  8100  7637 4096 
660       9475 11733 11733 6829 8191 
661       8760 15020 15020 5752 4096 
662       8760 9848  9848  4514 1    
663       7851 4515  4515  3235 4096 
664       7851 7331  7331  2041 8191 
665       7032 10232 10232 1047 4096 
666       7032 5143  5143  351  1    
667       6689 352   352   23   4096 
668       6689 4119  4119  93   8191 
669       6883 8284  8284  555  4096 
670       6883 4651  4651  1363 1    
671       7601 1364  1364  2440 4096 
672       7601 6536  6536  3678 8191 
673       8507 11869 11869 4957 4096 
674       8507 9053  9053  6151 1    
675       9328 6152  6152  7145 4096 
676       9328 11241 11241 7841 8191 
677       9670 16032 16032 8169 4096 
678       9670 12265 12265 8099 1    
679       9477 8100  8100  7637 4096 
680       9477 11733 11733 6829 8191 
681       8759 15020 15020 5752 4096 
682       8759 9848  9848  4514 1    
683       7852 4515  4515  3235 4096 
684       7852 7331  7331  2041 8191 
685       7032 10232 10232 1047 4096 
686       7032 5143  5143  351  1    
687       6688 352   352   23   4096 
688       6688 4119  4119  93   8191 
689       6885 8284  8284  555  4096 
690       6885 4651  4651  1363 1    
691       7602 1364  1364  2440 4096 
692       7602 6536  6536  3678 8191 
693       8506 11869 11869 4957 4096 
694       8506 9053  9053  6151 1    
695       9327 6152  6152  7145 4096 
696       9327 11241 11241 7841 8191 
697       9670 16032 16032 8169 4096 
698       9670 12265 12265 8099 1    
699       9477 8100  8100  7637 4096 
700       9477 11733 11733 6829 8191 
701       8759 15020 15020 5752 4096 
702       8759 9848  9848  4514 1    
703       7852 4515  4515  3235 4096 
704       7852 7331  7331  2041 8191 
705       7032 10232 10232 1047 4096 
706       7032 5143  5143  351  1    
707       6691 352   352   23   4096 
708       6691 4119  4119  93   8191 
709       6883 8284  8284  555  4096 
710       6883 4651  4651  1363 1    
711       7601 1364  1364  2440 4096 
712       7601 6536  6536  3678 8191 
713       8506 11869 11869 4957 4096 
714       8506 9053  9053  6151 1    
715       9327 6152  6152  7145 4096 
716       9327 11241 11241 7841 8191 
717       9669 16032 16032 8169 4096 
718       9669 12265 12265 8099 1    
719       9479 8100  8100  7637 4096 
720       9479 11733 11733 6829 8191 
721       8761 15020 15020 5752 4096 
722       8761 9848  9848  4514 1    
723       7851 4515  4515  3235 4096 
724       7851 7331  7331  2041 8191 
725       7032 10232 10232 1047 4096 
726       7032 5143  5143  351  1    
727       6688 352   352   23   4096 
728       6688 4119  4119  93   8191 
729       6884 8284  8284  555  4096 
730       6884 4651  4651  1363 1    
731       7601 1364  1364  2440 4096 
732       7601 6536  6536  3678 8191 
733       8506 11869 11869 4957 4096 
734       8506 9053  9053  6151 1    
735       9327 6152  6152  7145 4096 
736       9327 11241 11241 7841 8191 
737       9670 16032 16032 8169 4096 
738       9670 12265 12265 8099 1    
739       9476 8100  8100  7637 4096 
740       9476 11733 11733 6829 8191 
741       8760 15020 15020 5752 4096 
742       8760 9848  9848  4514 1    
743       7852 4515  4515  3235 4096 
744       7852 7331  7331  2041 8191 
745       7030 10232 10232 1047 4096 
746       7030 5143  5143  351  1    
747       6690 352   352   23   4096 
748       6690 4119  4119  93   8191 
749       6884 8284  8284  555  4096 
750       6884 4651  4651  1363 1    
751       7600 1364  1364  2440 4096 
752       7600 6536  6536  3678 8191 
753       8506 11869 11869 4957 4096 
754       8506 9053  9053  6151 1    
755       9326 6152  6152  7145 4096 
756       9326 11241 11241 7841 8191 
757       9669 16032 16032 8169 4096 
758       9669 12265 12265 8099 1    
759       9477 8100  8100  7637 4096 
760       9477 11733 11733 6829 8191 
761       8760 15020 15020 5752 4096 
762       8760 9848  9848  4514 1    
763       7850 4515  4515  3235 4096 
764       7850 7331  7331  2041 8191 
765       7030 10232 10232 1047 4096 
766       7030 5143  5143  351  1    
767       6691 352   352   23   4096 
768       6691 4119  4119  93   8191 
769       6885 8284  8284  555  4096 
770       6885 4651  4651  1363 1    
771       7601 1364  1364  2440 4096 
772       7601 6536  6536  3678 8191 
773       8504 11869 11869 4957 4096 
774       8504 9053  9053  6151 1    
775       9324 6152  6152  7145 4096 
776       9324 11241 11241 7841 8191 
777       9669 16032 16032 8169 4096 
778       9669 12265 12265 8099 1    
779       9475 8100  8100  7637 4096 
780       9475 11733 11733 6829 8191 
781       8758 15020 15020 5752 4096 
782       8758 9848  9848  4514 1    
783       7850 4515  4515  3235 4096 
784       7850 7331  7331  2041 8191 
785       7031 10232 10232 1047 4096 
786       7031 5143  5143  351  1    
787       6688 352   352   23   4096 
788       6688 4119  4119  93   8191 
789       6884 8284  8284  555  4096 
790       6884 4651  4651  1363 1    
791       7600 1364  1364  2440 4096 
792       7600 6536  6536  3678 8191 
793       8506 11869 11869 4957 4096 
794       8506 9053  9053  6151 1    
795       9326 6152  6152  7145 4096 
796       9326 11241 11241 7841 8191 
797       9672 16032 16032 8169 4096 
798       9672 12265 12265 8099 1    
799       9475 8100  8100  7637 4096 
800       9475 11733 11733 6829 8191 
801       8760 15020 15020 5752 4096 
802       8760 9848  9848  4514 1    
803       7853 4515  4515  3235 4096 
804       7853 7331  7331  2041 8191 
805       7030 10232 10232 1047 4096 
806       7030 5143  5143  351  1    
807       6690 352   352   23   4096 
808       6690 4119  4119  93   8191 
809       6885 8284  8284  555  4096 
810       6885 4651  4651  1363 1    
811       7603 1364  1364  2440 4096 
812       7603 6536  6536  3678 8191 
813       8505 11869 11869 4957 4096 
814       8505 9053  9053  6151 1    
815       9325 6152  6152  7145 4096 
816       9325 11241 11241 7841 8191 
817       9669 16032 16032 8169 4096 
818       9669 12265 12265 8099 1    
819       9476 8100  8100  7637 4096 
820       9476 11733 11733 6829 8191 
821       8758 15020 15020 5752 4096 
822       8758 9848  9848  4514 1    
823       7852 4515  4515  3235 4096 
824       7852 7331  7331  2041 8191 
825       7030 10232 10232 1047 4096 
826       7030 5143  5143  351  1    
827       6690 352   352   23   4096 
828       6690 4119  4119  93   8191 
829       6884 8284  8284  555  4096 
830       6884 4651  4651  1363 1    
831       7602 1364  1364  2440 4096 
832       7602 6536  6536  3678 8191 
833       8504 11869 11869 4957 4096 
834       8504 9053  9053  6151 1    
835       9327 6152  6152  7145 4096 
836       9327 11241 11241 7841 8191 
837       9670 16032 16032 8169 4096 
838       9670 12265 12265 8099 1    
839       9475 8100  8100  7637 4096 
840       9475 11733 11733 6829 8191 
841       8758 15020 15020 5752 4096 
842       8758 9848  9848  4514 1    
843       7850 4515  4515  3235 4096 
844       7850 7331  7331  2041 8191 
845       7034 10232 10232 1047 4096 
846       7034 5143  5143  351  1    
847       6690 352   352   23   4096 
848       6690 4119  4119  93   8191 
849       6883 8284  8284  555  4096 
850       6883 4651  4651  1363 1    
851       7599 1364  1364  2440 4096 
852       7599 6536  6536  3678 8191 
853       8503 11869 11869 4957 4096 
854       8503 9053  9053  6151 1    
855       9328 6152  6152  7145 4096 
856       9328 11241 11241 7841 8191 
857       9669 16032 16032 8169 4096 
858       9669 12265 12265 8099 1    
859       9477 8100  8100  7637 4096 
860       9477 11733 11733 6829 8191 
861       8759 15020 15020 5752 4096 
862       8759 9848  9848  4514 1    
863       7852 4515  4515  3235 4096 
864       7852 7331  7331  2041 8191 
865       7034 10232 10232 1047 4096 
866       7034 5143  5143  351  1    
867       6689 352   352   23   4096 
868       6689 4119  4119  93   8191 
869       6884 8284  8284  555  4096 
870       6884 4651  4651  1363 1    
871       7603 1364  1364  2440 4096 
872       7603 6536  6536  3678 8191 
873       8507 11869 11869 4957 4096 
874       8507 9053  9053  6151 1    
875       9325 6152  6152  7145 4096 
876       9325 11241 11241 7841 8191 
877       9669 16032 16032 8169 4096 
878       9669 12265 12265 8099 1    
879       9476 8100  8100  7637 4096 
880       9476 11733 11733 6829 8191 
881       8759 15020 15020 5752 4096 
882       8759 9848  9848  4514 1    
883       7852 4515  4515  3235 4096 
884       7852 7331  7331  2041 8191 
885       7030 10232 10232 1047 4096 
886       7030 5143  5143  351  1    
887       6689 352   352   23   4096 
888       6689 4119  4119  93   8191 
889       6883 8284  8284  555  4096 
890       6883 4651  4651  1363 1    
891       7604 1364  1364  2440 4096 
892       7604 6536  6536  3678 8191 
893       8506 11869 11869 4957 4096 
894       8506 9053  9053  6151 1    
895       9325 6152  6152  7145 4096 
896       9325 11241 11241 7841 8191 
897       9670 16032 16032 8169 4096 
898       9670 12265 12265 8099 1    
899       9475 8100  8100  7637 4096 
900       9475 11733 11733 6829 8191 
901       8757 15020 15020 5752 4096 
902       8757 9848  9848  4514 1    
903       7851 4515  4515  3235 4096 
904       7851 7331  7331  2041 8191 
905       7031 10232 10232 1047 4096 
906       7031 5143  5143  351  1    
907       6688 352   352   23   4096 
908       6688 4119  4119  93   8191 
909       6885 8284  8284  555  4096 
910       6885 4651  4651  1363 1    
911       7601 1364  1364  2440 4096 
912       7601 6536  6536  3678 8191 
913       8505 11869 11869 4957 4096 
914       8505 9053  9053  6151 1    
915       9326 6152  6152  7145 4096 
916       9326 11241 11241 7841 8191 
917       9670 16032 16032 8169 4096 
918       9670 12265 12265 8099 1    
919       9478 8100  8100  7637 4096 
920       9478 11733 11733 6829 8191 
921       8762 15020 15020 5752 4096 
922       8762 9848  9848  4514 1    
923       7851 4515  4515  3235 4096 
924       7851 7331  7331  2041 8191 
925       7029 10232 10232 1047 4096 
926       7029 5143  5143  351  1    
927       6690 352   352   23   4096 
928       6690 4119  4119  93   8191 
929       6885 8284  8284  555  4096 
930       6885 4651  4651  1363 1    
931       7599 1364  1364  2440 4096 
932       7599 6536  6536  3678 8191 
933       8504 11869 11869 4957 4096 
934       8504 9053  9053  6151 1    
935       9328 6152  6152  7145 4096 
936       9328 11241 11241 7841 8191 
937       9670 16032 16032 8169 4096 
938       9670 12265 12265 8099 1    
939       9476 8100  8100  7637 4096 
940       9476 11733 11733 6829 8191 
941       8759 15020 15020 5752 4096 
942       8759 9848  9848  4514 1    
943       7851 4515  4515  3235 4096 
944       7851 7331  7331  2041 8191 
945       7030 10232 10232 1047 4096 
946       7030 5143  5143  351  1    
947       6689 352   352   23   4096 
948       6689 4119  4119  93   8191 
949       6884 8284  8284  555  4096 
950       6884 4651  4651  1363 1    
951       7601 1364  1364  2440 4096 
952       7601 6536  6536  3678 8191 
953       8506 11869 11869 4957 4096 
954       8506 9053  9053  6151 1    
955       9329 6152  6152  7145 4096 
956       9329 11241 11241 7841 8191 
957       9671 16032 16032 8169 4096 
958       9671 12265 12265 8099 1    
959       9476 8100  8100  7637 4096 
960       9476 11733 11733 6829 8191 
961       8760 15020 15020 5752 4096 
962       8760 9848  9848  4514 1    
963       7850 4515  4515  3235 4096 
964       7850 7331  7331  2041 8191 
965       7031 10232 10232 1047 4096 
966       7031 5143  5143  351  1    
967       6688 352   352   23   4096 
968       6688 4119  4119  93   8191 
969       6884 8284  8284  555  4096 
970       6884 4651  4651  1363 1    
971       7602 1364  1364  2440 4096 
972       7602 6536  6536  3678 8191 
973       8506 11869 11869 4957 4096 
974       8506 9053  9053  6151 1    
975       9326 6152  6152  7145 4096 
976       9326 11241 11241 7841 8191 
977       9670 16032 16032 8169 4096 
978       9670 12265 12265 8099 1    
979       9475 8100  8100  7637 4096 
980       9475 11733 11733 6829 8191 
981       8758 15020 15020 5752 4096 
982       8758 9848  9848  4514 1    
983       7852 4515  4515  3235 4096 
984       7852 7331  7331  2041 8191 
985       7032 10232 10232 1047 4096 
986       7032 5143  5143  351  1    
987       6690 352   352   23   4096 
988       6690 4119  4119  93   8191 
989       6886 8284  8284  555  4096 
990       6886 4651  4651  1363 1    
991       7602 1364  1364  2440 4096 
992       7602 6536  6536  3678 8191 
993       8506 11869 11869 4957 4096 
994       8506 9053  9053  6151 1    
995       9325 6152  6152  7145 4096 
996       9325 11241 11241 7841 8191 
997       9671 16032 16032 8169 4096 
998       9671 12265 12265 8099 1    
999       9476 8100  8100  7637 4096 
1000      9476 11733 11733 6829 8191 
1001      8757 15020 15020 5752 4096 
1002      8757 9848  9848  4514 1    
1003      7850 4515  4515  3235 4096 
1004      7850 7331  7331  2041 8191 
1005      7033 10232 10232 1047 4096 
1006      7033 5143  5143  351  1    
1007      6689 352   352   23   4096 
1008      6689 4119  4119  93   8191 
1009      6887 8284  8284  555  4096 
1010      6887 4651  4651  1363 1    
1011      7600 1364  1364  2440 4096 
1012      7600 6536  6536  3678 8191 
1013      8505 11869 11869 4957 4096 
1014      8505 9053  9053  6151 1    
1015      9328 6152  6152  7145 4096 
1016      9328 11241 11241 7841 8191 
1017      9670 16032 16032 8169 4096 
1018      9670 12265 12265 8099 1    
1019      9477 8100  8100  7637 4096 
1020      9477 11733 11733 6829 8191 
1021      8761 15020 15020 5752 4096 
1022      8761 9848  9848  4514 1    
1023      7853 4515  4515  3235 4096 
1024      7853 7331  7331  2041 8191 
1025      7029 10232 10232 1047 4096 
1026      7029 5143  5143  351  1    
1027      6690 352   352   23   4096 
1028      6690 4119  4119  93   8191 
1029      6884 8284  8284  555  4096 
1030      6884 4651  4651  1363 1    
1031      7601 1364  1364  2440 4096 
1032      7601 6536  6536  3678 8191 
1033      8508 11869 11869 4957 4096 
1034      8508 9053  9053  6151 1    
1035      9324 6152  6152  7145 4096 
1036      9324 11241 11241 7841 8191 
1037      9670 16032 16032 8169 4096 
1038      9670 12265 12265 8099 1    
1039      9477 8100  8100  7637 4096 
1040      9477 11733 11733 6829 8191 
1041      8760 15020 15020 5752 4096 
1042      8760 9848  9848  4514 1    
1043      7854 4515  4515  3235 4096 
1044      7854 7331  7331  2041 8191 
1045      7032 10232 10232 1047 4096 
1046      7032 5143  5143  351  1    
1047      6691 352   352   23   4096 
1048      6691 4119  4119  93   8191 
1049      6884 8284  8284  555  4096 
1050      6884 4651  4651  1363 1    
1051      7601 1364  1364  2440 4096 
1052      7601 6536  6536  3678 8191 
1053      8506 11869 11869 4957 4096 
1054      8506 9053  9053  6151 1    
1055      9327 6152  6152  7145 4096 
1056      9327 11241 11241 7841 8191 
1057      9671 16032 16032 8169 4096 
1058      9671 12265 12265 8099 1    
1059      9474 8100  8100  7637 4096 
1060      9474 11733 11733 6829 8191 
1061      8760 15020 15020 5752 4096 
1062      8760 9848  9848  4514 1    
1063      7850 4515  4515  3235 4096 
1064      7850 7331  7331  2041 8191 
1065      7030 10232 10232 1047 4096 
1066      7030 5143  5143  351  1    
1067      6690 352   352   23   4096 
1068      6690 4119  4119  93   8191 
1069      6886 8284  8284  555  4096 
1070      6886 4651  4651  1363 1    
1071      7599 1364  1364  2440 4096 
1072      7599 6536  6536  3678 8191 
1073      8505 11869 11869 4957 4096 
1074      8505 9053  9053  6151 1    
1075      9326 6152  6152  7145 4096 
1076      9326 11241 11241 7841 8191 
1077      9670 16032 16032 8169 4096 
1078      9670 12265 12265 8099 1    
1079      9475 8100  8100  7637 4096 
1080      9475 11733 11733 6829 8191 
1081      8761 15020 15020 5752 4096 
1082      8761 9848  9848  4514 1    
1083      7853 4515  4515  3235 4096 
1084      7853 7331  7331  2041 8191 
1085      7032 10232 10232 1047 4096 
1086      7032 5143  5143  351  1    
1087      6687 352   352   23   4096 
1088      6687 4119  4119  93   8191 
1089      6886 8284  8284  555  4096 
1090      6886 4651  4651  1363 1    
1091      7601 1364  1364  2440 4096 
1092      7601 6536  6536  3678 8191 
1093      8505 11869 11869 4957 4096 
1094      8505 9053  9053  6151 1    
1095      9328 6152  6152  7145 4096 
1096      9328 11241 11241 7841 8191 
1097      9672 16032 16032 8169 4096 
1098      9672 12265 12265 8099 1    
1099      9475 8100  8100  7637 4096 
1100      9475 11733 11733 6829 8191 
1101      8757 15020 15020 5752 4096 
1102      8757 9848  9848  4514 1    
1103      7850 4515  4515  3235 4096 
1104      7850 7331  7331  2041 8191 
1105      7028 10232 10232 1047 4096 
1106      7028 5143  5143  351  1    
1107      6687 352   352   23   4096 
1108      6687 4119  4119  93   8191 
1109      6885 8284  8284  555  4096 
1110      6885 4651  4651  1363 1    
1111      7600 1364  1364  2440 4096 
1112      7600 6536  6536  3678 8191 
1113      8506 11869 11869 4957 4096 
1114      8506 9053  9053  6151 1    
1115      9326 6152  6152  7145 4096 
1116      9326 11241 11241 7841 8191 
1117      9669 16032 16032 8169 4096 
1118      9669 12265 12265 8099 1    
1119      9477 8100  8100  7637 4096 
1120      9477 11733 11733 6829 8191 
1121      8760 15020 15020 5752 4096 
1122      8760 9848  9848  4514 1    
1123      7850 4515  4515  3235 4096 
1124      7850 7331  7331  2041 8191 
1125      7030 10232 10232 1047 4096 
1126      7030 5143  5143  351  1    
1127      6686 352   352   23   4096 
1128      6686 4119  4119  93   8191 
1129      6885 8284  8284  555  4096 
1130      6885 4651  4651  1363 1    
1131      7598 1364  1364  2440 4096 
1132      7598 6536  6536  3678 8191 
1133      8507 11869 11869 4957 4096 
1134      8507 9053  9053  6151 1    
1135      9327 6152  6152  7145 4096 
1136      9327 11241 11241 7841 8191 
1137      9670 16032 16032 8169 4096 
1138      9670 12265 12265 8099 1    
1139      9475 8100  8100  7637 4096 
1140      9475 11733 11733 6829 8191 
1141      8760 15020 15020 5752 4096 
1142      8760 9848  9848  4514 1    
1143      7852 4515  4515  3235 4096 
1144      7852 7331  7331  2041 8191 
1145      7031 10232 10232 1047 4096 
1146      7031 5143  5143  351  1    
1147      6688 352   352   23   4096 
1148      6688 4119  4119  93   8191 
1149      6884 8284  8284  555  4096 
1150      6884 4651  4651  1363 1    
1151      7599 1364  1364  2440 4096 
1152      7599 6536  6536  3678 8191 
1153      8508 11869 11869 4957 4096 
1154      8508 9053  9053  6151 1    
1155      9326 6152  6152  7145 4096 
1156      9326 11241 11241 7841 8191 
1157      9669 16032 16032 8169 4096 
1158      9669 12265 12265 8099 1    
1159      9477 8100  8100  7637 4096 
1160      9477 11733 11733 6829 8191 
1161      8761 15020 15020 5752 4096 
1162      8761 9848  9848  4514 1    
1163      7852 4515  4515  3235 4096 
1164      7852 7331  7331  2041 8191 
1165      7031 10232 10232 1047 4096 
1166      7031 5143  5143  351  1    
1167      6689 352   352   23   4096 
1168      6689 4119  4119  93   8191 
1169      6883 8284  8284  555  4096 
1170      6883 4651  4651  1363 1    
1171      7601 1364  1364  2440 4096 
1172      7601 6536  6536  3678 8191 
1173      8506 11869 11869 4957 4096 
1174      8506 9053  9053  6151 1    
1175      9324 6152  6152  7145 4096 
1176      9324 11241 11241 7841 8191 
1177      9669 16032 16032 8169 4096 
1178      9669 12265 12265 8099 1    
1179      9477 8100  8100  7637 4096 
1180      9477 11733 11733 6829 8191 
1181      8759 15020 15020 5752 4096 
1182      8759 9848  9848  4514 1    
1183      7851 4515  4515  3235 4096 
1184      7851 7331  7331  2041 8191 
1185      7031 10232 10232 1047 4096 
1186      7031 5143  5143  351  1    
1187      6689 352   352   23   4096 
1188      6689 4119  4119  93   8191 
1189      6885 8284  8284  555  4096 
1190      6885 4651  4651  1363 1    
1191      7600 1364  1364  2440 4096 
1192      7600 6536  6536  3678 8191 
1193      8504 11869 11869 4957 4096 
1194      8504 9053  9053  6151 1    
1195      9327 6152  6152  7145 4096 
1196      9327 11241 11241 7841 8191 
1197      9668 16032 16032 8169 4096 
1198      9668 12265 12265 8099 1    
1199      9478 8100  8100  7637 4096 
1200      9478 11733 11733 6829 8191 
1201      8759 15020 15020 5752 4096 
1202      8759 9848  9848  4514 1    
1203      7852 4515  4515  3235 4096 
1204      7852 7331  7331  2041 8191 
1205      7033 10232 10232 1047 4096 
1206      7033 5143  5143  351  1    
1207      6691 352   352   23   4096 
1208      6691 4119  4119  93   8191 
1209      6884 8284  8284  555  4096 
1210      6884 4651  4651  1363 1    
1211      7600 1364  1364  2440 4096 
1212      7600 6536  6536  3678 8191 
1213      8505 11869 11869 4957 4096 
1214      8505 9053  9053  6151 1    
1215      9325 6152  6152  7145 4096 
1216      9325 11241 11241 7841 8191 
1217      9669 16032 16032 8169 4096 
1218      9669 12265 12265 8099 1    
1219      9477 8100  8100  7637 4096 
1220      9477 11733 11733 6829 8191 
1221      8761 15020 15020 5752 4096 
1222      8761 9848  9848  4514 1    
1223      7849 4515  4515  3235 4096 
1224      7849 7331  7331  2041 8191 
1225      7032 10232 10232 1047 4096 
1226      7032 5143  5143  351  1    
1227      6688 352   352   23   4096 
1228      6688 4119  4119  93   8191 
1229      6885 8284  8284  555  4096 
1230      6885 4651  4651  1363 1    
1231      7600 1364  1364  2440 4096 
1232      7600 6536  6536  3678 8191 
1233      8505 11869 11869 4957 4096 
1234      8505 9053  9053  6151 1    
1235      9327 6152  6152  7145 4096 
1236      9327 11241 11241 7841 8191 
1237      9671 16032 16032 8169 4096 
1238      9671 12265 12265 8099 1    
1239      9477 8100  8100  7637 4096 
1240      9477 11733 11733 6829 8191 
1241      8760 15020 15020 5752 4096 
1242      8760 9848  9848  4514 1    
1243      7850 4515  4515  3235 4096 
1244      7850 7331  7331  2041 8191 
1245      7028 10232 10232 1047 4096 
1246      7028 5143  5143  351  1    
1247      6691 352   352   23   4096 
1248      6691 4119  4119  93   8191 
1249      6885 8284  8284  555  4096 
1250      6885 4651  4651  1363 1    
1251      7599 1364  1364  2440 4096 
1252      7599 6536  6536  3678 8191 
1253      8506 11869 11869 4957 4096 
1254      8506 9053  9053  6151 1    
1255      9327 6152  6152  7145 4096 
1256      9327 11241 11241 7841 8191 
1257      9669 16032 16032 8169 4096 
1258      9669 12265 12265 8099 1    
1259      9474 8100  8100  7637 4096 
1260      9474 11733 11733 6829 8191 
1261      8758 15020 15020 5752 4096 
1262      8758 9848  9848  4514 1    
1263      7852 4515  4515  3235 4096 
1264      7852 7331  7331  2041 8191 
1265      7031 10232 10232 1047 4096 
1266      7031 5143  5143  351  1    
1267      6689 352   352   23   4096 
1268      6689 4119  4119  93   8191 
1269      6885 8284  8284  555  4096 
1270      6885 4651  4651  1363 1    
1271      7602 1364  1364  2440 4096 
1272      7602 6536  6536  3678 8191 
1273      8507 11869 11869 4957 4096 
1274      8507 9053  9053  6151 1    
1275      9325 6152  6152  7145 4096 
1276      9325 11241 11241 7841 8191 
1277      9671 16032 16032 8169 4096 
1278      9671 12265 12265 8099 1    
1279      9477 8100  8100  7637 4096 
1280      9477 11733 11733 6829 8191 
1281      8758 15020 15020 5752 4096 
1282      8758 9848  9848  4514 1    
1283      7852 4515  4515  3235 4096 
1284      7852 7331  7331  2041 8191 
1285      7029 10232 10232 1047 4096 
1286      7029 5143  5143  351  1    
1287      6690 352   352   23   4096 
1288      6690 4119  4119  93   8191 
1289      6884 8284  8284  555  4096 
1290      6884 4651  4651  1363 1    
1291      7601 1364  1364  2440 4096 
1292      7601 6536  6536  3678 8191 
1293      8506 11869 11869 4957 4096 
1294      8506 9053  9053  6151 1    
1295      9325 6152  6152  7145 4096 
1296      9325 11241 11241 7841 8191 
1297      9670 16032 16032 8169 4096 
1298      9670 12265 12265 8099 1    
1299      9475 8100  8100  7637 4096 
1300      9475 11733 11733 6829 8191 
1301      8760 15020 15020 5752 4096 
1302      8760 9848  9848  4514 1    
1303      7853 4515  4515  3235 4096 
1304      7853 7331  7331  2041 8191 
1305      7029 10232 10232 1047 4096 
1306      7029 5143  5143  351  1    
1307      6690 352   352   23   4096 
1308      6690 4119  4119  93   8191 
1309      6885 8284  8284  555  4096 
1310      6885 4651  4651  1363 1    
1311      7602 1364  1364  2440 4096 
1312      7602 6536  6536  3678 8191 
1313      8506 11869 11869 4957 4096 
1314      8506 9053  9053  6151 1    
1315      9325 6152  6152  7145 4096 
1316      9325 11241 11241 7841 8191 
1317      9670 16032 16032 8169 4096 
1318      9670 12265 12265 8099 1    
1319      9476 8100  8100  7637 4096 
1320      9476 11733 11733 6829 8191 
1321      8759 15020 15020 5752 4096 
1322      8759 9848  9848  4514 1    
1323      7853 4515  4515  3235 4096 
1324      7853 7331  7331  2041 8191 
1325      7031 10232 10232 1047 4096 
1326      7031 5143  5143  351  1    
1327      6688 352   352   23   4096 
1328      6688 4119  4119  93   8191 
1329      6885 8284  8284  555  4096 
1330      6885 4651  4651  1363 1    
1331      7602 1364  1364  2440 4096 
1332      7602 6536  6536  3678 8191 
1333      8507 11869 11869 4957 4096 
1334      8507 9053  9053  6151 1    
1335      9327 6152  6152  7145 4096 
1336      9327 11241 11241 7841 8191 
1337      9671 16032 16032 8169 4096 
1338      9671 12265 12265 8099 1    
1339      9477 8100  8100  7637 4096 
1340      9477 11733 11733 6829 8191 
1341      8759 15020 15020 5752 4096 
1342      8759 9848  9848  4514 1    
1343      7852 4515  4515  3235 4096 
1344      7852 7331  7331  2041 8191 
1345      7028 10232 10232 1047 4096 
1346      7028 5143  5143  351  1    
1347      6689 352   352   23   4096 
1348      6689 4119  4119  93   8191 
1349      6885 8284  8284  555  4096 
1350      6885 4651  4651  1363 1    
1351      7600 1364  1364  2440 4096 
1352      7600 6536  6536  3678 8191 
1353      8504 11869 11869 4957 4096 
1354      8504 9053  9053  6151 1    
1355      9327 6152  6152  7145 4096 
1356      9327 11241 11241 7841 8191 
1357      9670 16032 16032 8169 4096 
1358      9670 12265 12265 8099 1    
1359      9475 8100  8100  7637 4096 
1360      9475 11733 11733 6829 8191 
1361      8761 15020 15020 5752 4096 
1362      8761 9848  9848  4514 1    
1363      7851 4515  4515  3235 4096 
1364      7851 7331  7331  2041 8191 
1365      7031 10232 10232 1047 4096 
1366      7031 5143  5143  351  1    
1367      6692 352   352   23   4096 
1368      6692 4119  4119  93   8191 
1369      6884 8284  8284  555  4096 
1370      6884 4651  4651  1363 1    
1371      7600 1364  1364  2440 4096 
1372      7600 6536  6536  3678 8191 
1373      8505 11869 11869 4957 4096 
1374      8505 9053  9053  6151 1    
1375      9328 6152  6152  7145 4096 
1376      9328 11241 11241 7841 8191 
1377      9669 16032 16032 8169 4096 
1378      9669 12265 12265 8099 1    
1379      9474 8100  8100  7637 4096 
1380      9474 11733 11733 6829 8191 
1381      8760 15020 15020 5752 4096 
1382      8760 9848  9848  4514 1    
1383      7850 4515  4515  3235 4096 
1384      7850 7331  7331  2041 8191 
1385      7031 10232 10232 1047 4096 
1386      7031 5143  5143  351  1    
1387      6688 352   352   23   4096 
1388      6688 4119  4119  93   8191 
1389      6885 8284  8284  555  4096 
1390      6885 4651  4651  1363 1    
1391      7601 1364  1364  2440 4096 
1392      7601 6536  6536  3678 8191 
1393      8508 11869 11869 4957 4096 
1394      8508 9053  9053  6151 1    
1395      9328 6152  6152  7145 4096 
1396      9328 11241 11241 7841 8191 
1397      9668 16032 16032 8169 4096 
1398      9668 12265 12265 8099 1    
1399      9477 8100  8100  7637 4096 
1400      9477 11733 11733 6829 8191 
1401      8758 15020 15020 5752 4096 
1402      8758 9848  9848  4514 1    
1403      7853 4515  4515  3235 4096 
1404      7853 7331  7331  2041 8191 
1405      7032 10232 10232 1047 4096 
1406      7032 5143  5143  351  1    
1407      6690 352   352   23   4096 
1408      6690 4119  4119  93   8191 
1409      6882 8284  8284  555  4096 
1410      6882 4651  4651  1363 1    
1411      7602 1364  1364  2440 4096 
1412      7602 6536  6536  3678 8191 
1413      8505 11869 11869 4957 4096 
1414      8505 9053  9053  6151 1    
1415      9327 6152  6152  7145 4096 
1416      9327 11241 11241 7841 8191 
1417      9669 16032 16032 8169 4096 
1418      9669 12265 12265 8099 1    
1419      9476 8100  8100  7637 4096 
1420      9476 11733 11733 6829 8191 
1421      8759 15020 15020 5752 4096 
1422      8759 9848  9848  4514 1    
1423      7852 4515  4515  3235 4096 
1424      7852 7331  7331  2041 8191 
1425      7031 10232 10232 1047 4096 
1426      7031 5143  5143  351  1    
1427      6689 352   352   23   4096 
1428      6689 4119  4119  93   8191 
1429      6884 8284  8284  555  4096 
1430      6884 4651  4651  1363 1    
1431      7600 1364  1364  2440 4096 
1432      7600 6536  6536  3678 8191 
1433      8506 11869 11869 4957 4096 
1434      8506 9053  9053  6151 1    
1435      9329 6152  6152  7145 4096 
1436      9329 11241 11241 7841 8191 
1437      9669 16032 16032 8169 4096 
1438      9669 12265 12265 8099 1    
1439      9476 8100  8100  7637 4096 
1440      9476 11733 11733 6829 8191 
1441      8759 15020 15020 5752 4096 
1442      8759 9848  9848  4514 1    
1443      7851 4515  4515  3235 4096 
1444      7851 7331  7331  2041 8191 
1445      7032 10232 10232 1047 4096 
1446      7032 5143  5143  351  1    
1447      6690 352   352   23   4096 
1448      6690 4119  4119  93   8191 
1449      6882 8284  8284  555  4096 
1450      6882 4651  4651  1363 1    
1451      7600 1364  1364  2440 4096 
1452      7600 6536  6536  3678 8191 
1453      8507 11869 11869 4957 4096 
1454      8507 9053  9053  6151 1    
1455      9326 6152  6152  7145 4096 
1456      9326 11241 11241 7841 8191 
1457      9671 16032 16032 8169 4096 
1458      9671 12265 12265 8099 1    
1459      9476 8100  8100  7637 4096 
1460      9476 11733 11733 6829 8191 
1461      8760 15020 15020 5752 4096 
1462      8760 9848  9848  4514 1    
1463      7850 4515  4515  3235 4096 
1464      7850 7331  7331  2041 8191 
1465      7032 10232 10232 1047 4096 
1466      7032 5143  5143  351  1    
1467      6690 352   352   23   4096 
1468      6690 4119  4119  93   8191 
1469      6886 8284  8284  555  4096 
1470      6886 4651  4651  1363 1    
1471      7600 1364  1364  2440 4096 
1472      7600 6536  6536  3678 8191 
1473      8507 11869 11869 4957 4096 
1474      8507 9053  9053  6151 1    
1475      9327 6152  6152  7145 4096 
1476      9327 11241 11241 7841 8191 
1477      9670 16032 16032 8169 4096 
1478      9670 12265 12265 8099 1    
1479      9477 8100  8100  7637 4096 
1480      9477 11733 11733 6829 8191 
1481      8758 15020 15020 5752 4096 
1482      8758 9848  9848  4514 1    
1483      7852 4515  4515  3235 4096 
1484      7852 7331  7331  2041 8191 
1485      7030 10232 10232 1047 4096 
1486      7030 5143  5143  351  1    
1487      6690 352   352   23   4096 
1488      6690 4119  4119  93   8191 
1489      6884 8284  8284  555  4096 
1490      6884 4651  4651  1363 1    
1491      7602 1364  1364  2440 4096 
1492      7602 6536  6536  3678 8191 
1493      8505 11869 11869 4957 4096 
1494      8505 9053  9053  6151 1    
1495      9328 6152  6152  7145 4096 
1496      9328 11241 11241 7841 8191 
1497      9670 16032 16032 8169 4096 
1498      9670 12265 12265 8099 1    
1499      9476 8100  8100  7637 4096 
1500      9476 11733 11733 6829 8191 
1501      8760 15020 15020 5752 4096 
1502      8760 9848  9848  4514 1    
1503      7850 4515  4515  3235 4096 
1504      7850 7331  7331  2041 8191 
1505      7031 10232 10232 1047 4096 
1506      7031 5143  5143  351  1    
1507      6689 352   352   23   4096 
1508      6689 4119  4119  93   8191 
1509      6883 8284  8284  555  4096 
1510      6883 4651  4651  1363 1    
1511      7601 1364  1364  2440 4096 
1512      7601 6536  6536  3678 8191 
1513      8507 11869 11869 4957 4096 
1514      8507 9053  9053  6151 1    
1515      9326 6152  6152  7145 4096 
1516      9326 11241 11241 7841 8191 
1517      9669 16032 16032 8169 4096 
1518      9669 12265 12265 8099 1    
1519      9476 8100  8100  7637 4096 
1520      9476 11733 11733 6829 8191 
1521      8761 15020 15020 5752 4096 
1522      8761 9848  9848  4514 1    
1523      7852 4515  4515  3235 4096 
1524      7852 7331  7331  2041 8191 
1525      7030 10232 10232 1047 4096 
1526      7030 5143  5143  351  1    
1527      6690 352   352   23   4096 
1528      6690 4119  4119  93   8191 
1529      6883 8284  8284  555  4096 
1530      6883 4651  4651  1363 1    
1531      7599 1364  1364  2440 4096 
1532      7599 6536  6536  3678 8191 
1533      8506 11869 11869 4957 4096 
1534      8506 9053  9053  6151 1    
1535      9327 6152  6152  7145 4096 
1536      9327 11241 11241 7841 8191 
1537      9670 16032 16032 8169 4096 
1538      9670 12265 12265 8099 1    
1539      9478 8100  8100  7637 4096 
1540      9478 11733 11733 6829 8191 
1541      8760 15020 15020 5752 4096 
1542      8760 9848  9848  4514 1    
1543      7852 4515  4515  3235 4096 
1544      7852 7331  7331  2041 8191 
1545      7032 10232 10232 1047 4096 
1546      7032 5143  5143  351  1    
1547      6690 352   352   23   4096 
1548      6690 4119  4119  93   8191 
1549      6886 8284  8284  555  4096 
1550      6886 4651  4651  1363 1    
1551      7600 1364  1364  2440 4096 
1552      7600 6536  6536  3678 8191 
1553      8508 11869 11869 4957 4096 
1554      8508 9053  9053  6151 1    
1555      9326 6152  6152  7145 4096 
1556      9326 11241 11241 7841 8191 
1557      9669 16032 16032 8169 4096 
1558      9669 12265 12265 8099 1    
1559      9476 8100  8100  7637 4096 
1560      9476 11733 11733 6829 8191 
1561      8760 15020 15020 5752 4096 
1562      8760 9848  9848  4514 1    
1563      7849 4515  4515  3235 4096 
1564      7849 7331  7331  2041 8191 
1565      7030 10232 10232 1047 4096 
1566      7030 5143  5143  351  1    
1567      6691 352   352   23   4096 
1568      6691 4119  4119  93   8191 
1569      6886 8284  8284  555  4096 
1570      6886 4651  4651  1363 1    
1571      7601 1364  1364  2440 4096 
1572      7601 6536  6536  3678 8191 
1573      8504 11869 11869 4957 4096 
1574      8504 9053  9053  6151 1    
1575      9325 6152  6152  7145 4096 
1576      9325 11241 11241 7841 8191 
1577      9671 16032 16032 8169 4096 
1578      9671 12265 12265 8099 1    
1579      9475 8100  8100  7637 4096 
1580      9475 11733 11733 6829 8191 
1581      8760 15020 15020 5752 4096 
1582      8760 9848  9848  4514 1    
1583      7851 4515  4515  3235 4096 
1584      7851 7331  7331  2041 8191 
1585      7029 10232 10232 1047 4096 
1586      7029 5143  5143  351  1    
1587      6686 352   352   23   4096 
1588      6686 4119  4119  93   8191 
1589      6885 8284  8284  555  4096 
1590      6885 4651  4651  1363 1    
1591      7600 1364  1364  2440 4096 
1592      7600 6536  6536  3678 8191 
1593      8507 11869 11869 4957 4096 
1594      8507 9053  9053  6151 1    
1595      9325 6152  6152  7145 4096 
1596      9325 11241 11241 7841 8191 
1597      9669 16032 16032 8169 4096 
1598      9669 12265 12265 8099 1    
1599      9476 8100  8100  7637 4096 
1600      9476 11733 11733 6829 8191 
1601      8760 15020 15020 5752 4096 
1602      8760 9848  9848  4514 1    
1603      7852 4515  4515  3235 4096 
1604      7852 7331  7331  2041 8191 
1605      7031 10232 10232 1047 4096 
1606      7031 5143  5143  351  1    
1607      6689 352   352   23   4096 
1608      6689 4119  4119  93   8191 
1609      6885 8284  8284  555  4096 
1610      6885 4651  4651  1363 1    
1611      7602 1364  1364  2440 4096 
1612      7602 6536  6536  3678 8191 
1613      8506 11869 11869 4957 4096 
1614      8506 9053  9053  6151 1    
1615      9327 6152  6152  7145 4096 
1616      9327 11241 11241 7841 8191 
1617      9670 16032 16032 8169 4096 
1618      9670 12265 12265 8099 1    
1619      9476 8100  8100  7637 4096 
1620      9476 11733 11733 6829 8191 
1621      8758 15020 15020 5752 4096 
1622      8758 9848  9848  4514 1    
1623      7851 4515  4515  3235 4096 
1624      7851 7331  7331  2041 8191 
1625      7031 10232 10232 1047 4096 
1626      7031 5143  5143  351  1    
1627      6691 352   352   23   4096 
1628      6691 4119  4119  93   8191 
1629      6887 8284  8284  555  4096 
1630      6887 4651  4651  1363 1    
1631      7600 1364  1364  2440 4096 
1632      7600 6536  6536  3678 8191 
1633      8505 11869 11869 4957 4096 
1634      8505 9053  9053  6151 1    
1635      9328 6152  6152  7145 4096 
1636      9328 11241 11241 7841 8191 
1637      9672 16032 16032 8169 4096 
1638      9672 12265 12265 8099 1    
1639      9477 8100  8100  7637 4096 
1640      9477 11733 11733 6829 8191 
1641      8760 15020 15020 5752 4096 
1642      8760 9848  9848  4514 1    
1643      7851 4515  4515  3235 4096 
1644      7851 7331  7331  2041 8191 
1645      7030 10232 10232 1047 4096 
1646      7030 5143  5143  351  1    
1647      6690 352   352   23   4096 
1648      6690 4119  4119  93   8191 
1649      6885 8284  8284  555  4096 
1650      6885 4651  4651  1363 1    
1651      7603 1364  1364  2440 4096 
1652      7603 6536  6536  3678 8191 
1653      8509 11869 11869 4957 4096 
1654      8509 9053  9053  6151 1    
1655      9327 6152  6152  7145 4096 
1656      9327 11241 11241 7841 8191 
1657      9669 16032 16032 8169 4096 
1658      9669 12265 12265 8099 1    
1659      9478 8100  8100  7637 4096 
1660      9478 11733 11733 6829 8191 
1661      8759 15020 15020 5752 4096 
1662      8759 9848  9848  4514 1    
1663      7852 4515  4515  3235 4096 
1664      7852 7331  7331  2041 8191 
1665      7031 10232 10232 1047 4096 
1666      7031 5143  5143  351  1    
1667      6689 352   352   23   4096 
1668      6689 4119  4119  93   8191 
1669      6884 8284  8284  555  4096 
1670      6884 4651  4651  1363 1    
1671      7602 1364  1364  2440 4096 
1672      7602 6536  6536  3678 8191 
1673      8507 11869 11869 4957 4096 
1674      8507 9053  9053  6151 1    
1675      9326 6152  6152  7145 4096 
1676      9326 11241 11241 7841 8191 
1677      9670 16032 16032 8169 4096 
1678      9670 12265 12265 8099 1    
1679      9476 8100  8100  7637 4096 
1680      9476 11733 11733 6829 8191 
1681      8758 15020 15020 5752 4096 
1682      8758 9848  9848  4514 1    
1683      7852 4515  4515  3235 4096 
1684      7852 7331  7331  2041 8191 
1685      7030 10232 10232 1047 4096 
1686      7030 5143  5143  351  1    
1687      6689 352   352   23   4096 
1688      6689 4119  4119  93   8191 
1689      6884 8284  8284  555  4096 
1690      6884 4651  4651  1363 1    
1691      7600 1364  1364  2440 4096 
1692      7600 6536  6536  3678 8191 
1693      8507 11869 11869 4957 4096 
1694      8507 9053  9053  6151 1    
1695      9328 6152  6152  7145 4096 
1696      9328 11241 11241 7841 8191 
1697      9670 16032 16032 8169 4096 
1698      9670 12265 12265 8099 1    
1699      9478 8100  8100  7637 4096 
1700      9478 11733 11733 6829 8191 
1701      8759 15020 15020 5752 4096 
1702      8759 9848  9848  4514 1    
1703      7851 4515  4515  3235 4096 
1704      7851 7331  7331  2041 8191 
1705      7031 10232 10232 1047 4096 
1706      7031 5143  5143  351  1    
1707      6687 352   352   23   4096 
1708      6687 4119  4119  93   8191 
1709      6883 8284  8284  555  4096 
1710      6883 4651  4651  1363 1    
1711      7603 1364  1364  2440 4096 
1712      7603 6536  6536  3678 8191 
1713      8507 11869 11869 4957 4096 
1714      8507 9053  9053  6151 1    
1715      9327 6152  6152  7145 4096 
1716      9327 11241 11241 7841 8191 
1717      9671 16032 16032 8169 4096 
1718      9671 12265 12265 8099 1    
1719      9477 8100  8100  7637 4096 
1720      9477 11733 11733 6829 8191 
1721      8760 15020 15020 5752 4096 
1722      8760 9848  9848  4514 1    
1723      7851 4515  4515  3235 4096 
1724      7851 7331  7331  2041 8191 
1725      7032 10232 10232 1047 4096 
1726      7032 5143  5143  351  1    
1727      6690 352   352   23   4096 
1728      6690 4119  4119  93   8191 
1729      6886 8284  8284  555  4096 
1730      6886 4651  4651  1363 1    
1731      7601 1364  1364  2440 4096 
1732      7601 6536  6536  3678 8191 
1733      8505 11869 11869 4957 4096 
1734      8505 9053  9053  6151 1    
1735      9325 6152  6152  7145 4096 
1736      9325 11241 11241 7841 8191 
1737      9671 16032 16032 8169 4096 
1738      9671 12265 12265 8099 1    
1739      9476 8100  8100  7637 4096 
1740      9476 11733 11733 6829 8191 
1741      8758 15020 15020 5752 4096 
1742      8758 9848  9848  4514 1    
1743      7852 4515  4515  3235 4096 
1744      7852 7331  7331  2041 8191 
1745      7031 10232 10232 1047 4096 
1746      7031 5143  5143  351  1    
1747      6690 352   352   23   4096 
1748      6690 4119  4119  93   8191 
1749      6886 8284  8284  555  4096 
1750      6886 4651  4651  1363 1    
1751      7602 1364  1364  2440 4096 
1752      7602 6536  6536  3678 8191 
1753      8508 11869 11869 4957 4096 
1754      8508 9053  9053  6151 1    
1755      9327 6152  6152  7145 4096 
1756      9327 11241 11241 7841 8191 
1757      9671 16032 16032 8169 4096 
1758      9671 12265 12265 8099 1    
1759      9476 8100  8100  7637 4096 
1760      9476 11733 11733 6829 8191 
1761      8759 15020 15020 5752 4096 
1762      8759 9848  9848  4514 1    
1763      7854 4515  4515  3235 4096 
1764      7854 7331  7331  2041 8191 
1765      7032 10232 10232 1047 4096 
1766      7032 5143  5143  351  1    
1767      6689 352   352   23   4096 
1768      6689 4119  4119  93   8191 
1769      6885 8284  8284  555  4096 
1770      6885 4651  4651  1363 1    
1771      7600 1364  1364  2440 4096 
1772      7600 6536  6536  3678 8191 
1773      8506 11869 11869 4957 4096 
1774      8506 9053  9053  6151 1    
1775      9328 6152  6152  7145 4096 
1776      9328 11241 11241 7841 8191 
1777      9669 16032 16032 8169 4096 
1778      9669 12265 12265 8099 1    
1779      9477 8100  8100  7637 4096 
1780      9477 11733 11733 6829 8191 
1781      8759 15020 15020 5752 4096 
1782      8759 9848  9848  4514 1    
1783      7852 4515  4515  3235 4096 
1784      7852 7331  7331  2041 8191 
1785      7029 10232 10232 1047 4096 
1786      7029 5143  5143  351  1    
1787      6689 352   352   23   4096 
1788      6689 4119  4119  93   8191 
1789      6883 8284  8284  555  4096 
1790      6883 4651  4651  1363 1    
1791      7602 1364  1364  2440 4096 
