Signal Legend:

Key        Signal Name

0        = ADC_DA
1        = ADC_DB
2        = DAC_DA
3        = DAC_DB
4        = DE1_SoC_ADDA_TOP:U1|lpm_add:lpm|dataa
5        = DE1_SoC_ADDA_TOP:U1|lpm_add:lpm|datab

Data Table:

Signals-> 0    1    2     3     4    5    

sample

-256      9577 9611 7654  7654  8106 4096 
-255      9644 9633 12202 12202 8166 8191 
-254      9644 9633 16357 16357 7828 4096 
-253      8872 8897 11924 11924 7124 1    
-252      8872 8897 7125  7125  6123 4096 
-251      8106 8089 10219 10219 4926 8191 
-250      8106 8089 13117 13117 3646 4096 
-249      7091 7113 7742  7742  2410 1    
-248      7091 7113 2411  2411  1340 4096 
-247      6764 6743 5436  5436  539  8191 
-246      6764 6743 8730  8730  86   4096 
-245      6697 6727 4182  4182  26   1    
-244      6697 6727 27    27    364  4096 
-243      7471 7459 4460  4460  1068 8191 
-242      7471 7459 9259  9259  2069 4096 
-241      8228 8265 6165  6165  3266 1    
-240      8228 8265 3267  3267  4546 4096 
-239      9248 9242 8642  8642  5782 8191 
-238      9248 9242 13973 13973 6852 4096 
-237      9578 9612 10948 10948 7653 1    
-236      9578 9612 7654  7654  8106 4096 
-235      9646 9634 12202 12202 8166 8191 
-234      9646 9634 16357 16357 7828 4096 
-233      8871 8898 11924 11924 7124 1    
-232      8871 8898 7125  7125  6123 4096 
-231      8105 8088 10219 10219 4926 8191 
-230      8105 8088 13117 13117 3646 4096 
-229      7091 7114 7742  7742  2410 1    
-228      7091 7114 2411  2411  1340 4096 
-227      6764 6744 5436  5436  539  8191 
-226      6764 6744 8730  8730  86   4096 
-225      6695 6727 4182  4182  26   1    
-224      6695 6727 27    27    364  4096 
-223      7468 7457 4460  4460  1068 8191 
-222      7468 7457 9259  9259  2069 4096 
-221      8228 8264 6165  6165  3266 1    
-220      8228 8264 3267  3267  4546 4096 
-219      9248 9239 8642  8642  5782 8191 
-218      9248 9239 13973 13973 6852 4096 
-217      9578 9612 10948 10948 7653 1    
-216      9578 9612 7654  7654  8106 4096 
-215      9644 9634 12202 12202 8166 8191 
-214      9644 9634 16357 16357 7828 4096 
-213      8871 8896 11924 11924 7124 1    
-212      8871 8896 7125  7125  6123 4096 
-211      8107 8086 10219 10219 4926 8191 
-210      8107 8086 13117 13117 3646 4096 
-209      7093 7115 7742  7742  2410 1    
-208      7093 7115 2411  2411  1340 4096 
-207      6764 6745 5436  5436  539  8191 
-206      6764 6745 8730  8730  86   4096 
-205      6697 6725 4182  4182  26   1    
-204      6697 6725 27    27    364  4096 
-203      7470 7460 4460  4460  1068 8191 
-202      7470 7460 9259  9259  2069 4096 
-201      8232 8267 6165  6165  3266 1    
-200      8232 8267 3267  3267  4546 4096 
-199      9248 9241 8642  8642  5782 8191 
-198      9248 9241 13973 13973 6852 4096 
-197      9577 9613 10948 10948 7653 1    
-196      9577 9613 7654  7654  8106 4096 
-195      9645 9635 12202 12202 8166 8191 
-194      9645 9635 16357 16357 7828 4096 
-193      8871 8897 11924 11924 7124 1    
-192      8871 8897 7125  7125  6123 4096 
-191      8104 8090 10219 10219 4926 8191 
-190      8104 8090 13117 13117 3646 4096 
-189      7091 7115 7742  7742  2410 1    
-188      7091 7115 2411  2411  1340 4096 
-187      6764 6745 5436  5436  539  8191 
-186      6764 6745 8730  8730  86   4096 
-185      6697 6723 4182  4182  26   1    
-184      6697 6723 27    27    364  4096 
-183      7468 7457 4460  4460  1068 8191 
-182      7468 7457 9259  9259  2069 4096 
-181      8228 8265 6165  6165  3266 1    
-180      8228 8265 3267  3267  4546 4096 
-179      9247 9240 8642  8642  5782 8191 
-178      9247 9240 13973 13973 6852 4096 
-177      9577 9612 10948 10948 7653 1    
-176      9577 9612 7654  7654  8106 4096 
-175      9646 9635 12202 12202 8166 8191 
-174      9646 9635 16357 16357 7828 4096 
-173      8872 8896 11924 11924 7124 1    
-172      8872 8896 7125  7125  6123 4096 
-171      8107 8089 10219 10219 4926 8191 
-170      8107 8089 13117 13117 3646 4096 
-169      7091 7114 7742  7742  2410 1    
-168      7091 7114 2411  2411  1340 4096 
-167      6763 6745 5436  5436  539  8191 
-166      6763 6745 8730  8730  86   4096 
-165      6695 6725 4182  4182  26   1    
-164      6695 6725 27    27    364  4096 
-163      7469 7460 4460  4460  1068 8191 
-162      7469 7460 9259  9259  2069 4096 
-161      8229 8266 6165  6165  3266 1    
-160      8229 8266 3267  3267  4546 4096 
-159      9250 9240 8642  8642  5782 8191 
-158      9250 9240 13973 13973 6852 4096 
-157      9576 9613 10948 10948 7653 1    
-156      9576 9613 7654  7654  8106 4096 
-155      9645 9636 12202 12202 8166 8191 
-154      9645 9636 16357 16357 7828 4096 
-153      8872 8898 11924 11924 7124 1    
-152      8872 8898 7125  7125  6123 4096 
-151      8105 8087 10219 10219 4926 8191 
-150      8105 8087 13117 13117 3646 4096 
-149      7091 7113 7742  7742  2410 1    
-148      7091 7113 2411  2411  1340 4096 
-147      6764 6744 5436  5436  539  8191 
-146      6764 6744 8730  8730  86   4096 
-145      6697 6724 4182  4182  26   1    
-144      6697 6724 27    27    364  4096 
-143      7469 7459 4460  4460  1068 8191 
-142      7469 7459 9259  9259  2069 4096 
-141      8227 8266 6165  6165  3266 1    
-140      8227 8266 3267  3267  4546 4096 
-139      9246 9242 8642  8642  5782 8191 
-138      9246 9242 13973 13973 6852 4096 
-137      9577 9612 10948 10948 7653 1    
-136      9577 9612 7654  7654  8106 4096 
-135      9645 9634 12202 12202 8166 8191 
-134      9645 9634 16357 16357 7828 4096 
-133      8870 8896 11924 11924 7124 1    
-132      8870 8896 7125  7125  6123 4096 
-131      8108 8089 10219 10219 4926 8191 
-130      8108 8089 13117 13117 3646 4096 
-129      7093 7115 7742  7742  2410 1    
-128      7093 7115 2411  2411  1340 4096 
-127      6764 6746 5436  5436  539  8191 
-126      6764 6746 8730  8730  86   4096 
-125      6696 6726 4182  4182  26   1    
-124      6696 6726 27    27    364  4096 
-123      7468 7459 4460  4460  1068 8191 
-122      7468 7459 9259  9259  2069 4096 
-121      8230 8265 6165  6165  3266 1    
-120      8230 8265 3267  3267  4546 4096 
-119      9249 9240 8642  8642  5782 8191 
-118      9249 9240 13973 13973 6852 4096 
-117      9579 9612 10948 10948 7653 1    
-116      9579 9612 7654  7654  8106 4096 
-115      9645 9634 12202 12202 8166 8191 
-114      9645 9634 16357 16357 7828 4096 
-113      8872 8897 11924 11924 7124 1    
-112      8872 8897 7125  7125  6123 4096 
-111      8103 8086 10219 10219 4926 8191 
-110      8103 8086 13117 13117 3646 4096 
-109      7093 7114 7742  7742  2410 1    
-108      7093 7114 2411  2411  1340 4096 
-107      6762 6745 5436  5436  539  8191 
-106      6762 6745 8730  8730  86   4096 
-105      6695 6727 4182  4182  26   1    
-104      6695 6727 27    27    364  4096 
-103      7470 7457 4460  4460  1068 8191 
-102      7470 7457 9259  9259  2069 4096 
-101      8227 8265 6165  6165  3266 1    
-100      8227 8265 3267  3267  4546 4096 
-99       9252 9240 8642  8642  5782 8191 
-98       9252 9240 13973 13973 6852 4096 
-97       9578 9611 10948 10948 7653 1    
-96       9578 9611 7654  7654  8106 4096 
-95       9642 9632 12202 12202 8166 8191 
-94       9642 9632 16357 16357 7828 4096 
-93       8870 8897 11924 11924 7124 1    
-92       8870 8897 7125  7125  6123 4096 
-91       8105 8089 10219 10219 4926 8191 
-90       8105 8089 13117 13117 3646 4096 
-89       7091 7114 7742  7742  2410 1    
-88       7091 7114 2411  2411  1340 4096 
-87       6764 6743 5436  5436  539  8191 
-86       6764 6743 8730  8730  86   4096 
-85       6696 6724 4182  4182  26   1    
-84       6696 6724 27    27    364  4096 
-83       7469 7459 4460  4460  1068 8191 
-82       7469 7459 9259  9259  2069 4096 
-81       8230 8266 6165  6165  3266 1    
-80       8230 8266 3267  3267  4546 4096 
-79       9248 9241 8642  8642  5782 8191 
-78       9248 9241 13973 13973 6852 4096 
-77       9578 9611 10948 10948 7653 1    
-76       9578 9611 7654  7654  8106 4096 
-75       9646 9633 12202 12202 8166 8191 
-74       9646 9633 16357 16357 7828 4096 
-73       8871 8899 11924 11924 7124 1    
-72       8871 8899 7125  7125  6123 4096 
-71       8108 8087 10219 10219 4926 8191 
-70       8108 8087 13117 13117 3646 4096 
-69       7092 7115 7742  7742  2410 1    
-68       7092 7115 2411  2411  1340 4096 
-67       6762 6743 5436  5436  539  8191 
-66       6762 6743 8730  8730  86   4096 
-65       6698 6726 4182  4182  26   1    
-64       6698 6726 27    27    364  4096 
-63       7469 7457 4460  4460  1068 8191 
-62       7469 7457 9259  9259  2069 4096 
-61       8228 8267 6165  6165  3266 1    
-60       8228 8267 3267  3267  4546 4096 
-59       9250 9238 8642  8642  5782 8191 
-58       9250 9238 13973 13973 6852 4096 
-57       9578 9609 10948 10948 7653 1    
-56       9578 9609 7654  7654  8106 4096 
-55       9645 9633 12202 12202 8166 8191 
-54       9645 9633 16357 16357 7828 4096 
-53       8871 8895 11924 11924 7124 1    
-52       8871 8895 7125  7125  6123 4096 
-51       8106 8087 10219 10219 4926 8191 
-50       8106 8087 13117 13117 3646 4096 
-49       7092 7114 7742  7742  2410 1    
-48       7092 7114 2411  2411  1340 4096 
-47       6764 6747 5436  5436  539  8191 
-46       6764 6747 8730  8730  86   4096 
-45       6696 6727 4182  4182  26   1    
-44       6696 6727 27    27    364  4096 
-43       7469 7458 4460  4460  1068 8191 
-42       7469 7458 9259  9259  2069 4096 
-41       8228 8265 6165  6165  3266 1    
-40       8228 8265 3267  3267  4546 4096 
-39       9251 9241 8642  8642  5782 8191 
-38       9251 9241 13973 13973 6852 4096 
-37       9578 9611 10948 10948 7653 1    
-36       9578 9611 7654  7654  8106 4096 
-35       9644 9633 12202 12202 8166 8191 
-34       9644 9633 16357 16357 7828 4096 
-33       8871 8895 11924 11924 7124 1    
-32       8871 8895 7125  7125  6123 4096 
-31       8107 8091 10219 10219 4926 8191 
-30       8107 8091 13117 13117 3646 4096 
-29       7092 7117 7742  7742  2410 1    
-28       7092 7117 2411  2411  1340 4096 
-27       6764 6745 5436  5436  539  8191 
-26       6764 6745 8730  8730  86   4096 
-25       6696 6725 4182  4182  26   1    
-24       6696 6725 27    27    364  4096 
-23       7470 7460 4460  4460  1068 8191 
-22       7470 7460 9259  9259  2069 4096 
-21       8227 8266 6165  6165  3266 1    
-20       8227 8266 3267  3267  4546 4096 
-19       9249 9240 8642  8642  5782 8191 
-18       9249 9240 13973 13973 6852 4096 
-17       9577 9612 10948 10948 7653 1    
-16       9577 9612 7654  7654  8106 4096 
-15       9643 9634 12202 12202 8166 8191 
-14       9643 9634 16357 16357 7828 4096 
-13       8870 8897 11924 11924 7124 1    
-12       8870 8897 7125  7125  6123 4096 
-11       8107 8090 10219 10219 4926 8191 
-10       8107 8090 13117 13117 3646 4096 
-9        7093 7113 7742  7742  2410 1    
-8        7093 7113 2411  2411  1340 4096 
-7        6762 6747 5436  5436  539  8191 
-6        6762 6747 8730  8730  86   4096 
-5        6698 6725 4182  4182  26   1    
-4        6698 6725 27    27    364  4096 
-3        7468 7459 4460  4460  1068 8191 
-2        7468 7459 9259  9259  2069 4096 
-1        8227 8265 6165  6165  3266 1    
0         8227 8265 3267  3267  4546 4096 
1         9249 9241 8642  8642  5782 8191 
2         9249 9241 13973 13973 6852 4096 
3         9578 9611 10948 10948 7653 1    
4         9578 9611 7654  7654  8106 4096 
5         9646 9632 12202 12202 8166 8191 
6         9646 9632 16357 16357 7828 4096 
7         8871 8896 11924 11924 7124 1    
8         8871 8896 7125  7125  6123 4096 
9         8109 8088 10219 10219 4926 8191 
10        8109 8088 13117 13117 3646 4096 
11        7091 7118 7742  7742  2410 1    
12        7091 7118 2411  2411  1340 4096 
13        6765 6746 5436  5436  539  8191 
14        6765 6746 8730  8730  86   4096 
15        6697 6726 4182  4182  26   1    
16        6697 6726 27    27    364  4096 
17        7468 7458 4460  4460  1068 8191 
18        7468 7458 9259  9259  2069 4096 
19        8229 8265 6165  6165  3266 1    
20        8229 8265 3267  3267  4546 4096 
21        9250 9240 8642  8642  5782 8191 
22        9250 9240 13973 13973 6852 4096 
23        9578 9610 10948 10948 7653 1    
24        9578 9610 7654  7654  8106 4096 
25        9648 9636 12202 12202 8166 8191 
26        9648 9636 16357 16357 7828 4096 
27        8870 8898 11924 11924 7124 1    
28        8870 8898 7125  7125  6123 4096 
29        8106 8090 10219 10219 4926 8191 
30        8106 8090 13117 13117 3646 4096 
31        7093 7114 7742  7742  2410 1    
32        7093 7114 2411  2411  1340 4096 
33        6766 6746 5436  5436  539  8191 
34        6766 6746 8730  8730  86   4096 
35        6697 6726 4182  4182  26   1    
36        6697 6726 27    27    364  4096 
37        7470 7460 4460  4460  1068 8191 
38        7470 7460 9259  9259  2069 4096 
39        8229 8265 6165  6165  3266 1    
40        8229 8265 3267  3267  4546 4096 
41        9246 9240 8642  8642  5782 8191 
42        9246 9240 13973 13973 6852 4096 
43        9578 9612 10948 10948 7653 1    
44        9578 9612 7654  7654  8106 4096 
45        9645 9633 12202 12202 8166 8191 
46        9645 9633 16357 16357 7828 4096 
47        8871 8899 11924 11924 7124 1    
48        8871 8899 7125  7125  6123 4096 
49        8108 8091 10219 10219 4926 8191 
50        8108 8091 13117 13117 3646 4096 
51        7093 7117 7742  7742  2410 1    
52        7093 7117 2411  2411  1340 4096 
53        6764 6746 5436  5436  539  8191 
54        6764 6746 8730  8730  86   4096 
55        6697 6725 4182  4182  26   1    
56        6697 6725 27    27    364  4096 
57        7468 7457 4460  4460  1068 8191 
58        7468 7457 9259  9259  2069 4096 
59        8227 8267 6165  6165  3266 1    
60        8227 8267 3267  3267  4546 4096 
61        9250 9241 8642  8642  5782 8191 
62        9250 9241 13973 13973 6852 4096 
63        9577 9612 10948 10948 7653 1    
64        9577 9612 7654  7654  8106 4096 
65        9644 9634 12202 12202 8166 8191 
66        9644 9634 16357 16357 7828 4096 
67        8872 8898 11924 11924 7124 1    
68        8872 8898 7125  7125  6123 4096 
69        8106 8088 10219 10219 4926 8191 
70        8106 8088 13117 13117 3646 4096 
71        7094 7114 7742  7742  2410 1    
72        7094 7114 2411  2411  1340 4096 
73        6765 6745 5436  5436  539  8191 
74        6765 6745 8730  8730  86   4096 
75        6699 6727 4182  4182  26   1    
76        6699 6727 27    27    364  4096 
77        7471 7457 4460  4460  1068 8191 
78        7471 7457 9259  9259  2069 4096 
79        8227 8265 6165  6165  3266 1    
80        8227 8265 3267  3267  4546 4096 
81        9251 9241 8642  8642  5782 8191 
82        9251 9241 13973 13973 6852 4096 
83        9577 9611 10948 10948 7653 1    
84        9577 9611 7654  7654  8106 4096 
85        9643 9633 12202 12202 8166 8191 
86        9643 9633 16357 16357 7828 4096 
87        8870 8894 11924 11924 7124 1    
88        8870 8894 7125  7125  6123 4096 
89        8107 8087 10219 10219 4926 8191 
90        8107 8087 13117 13117 3646 4096 
91        7091 7115 7742  7742  2410 1    
92        7091 7115 2411  2411  1340 4096 
93        6764 6743 5436  5436  539  8191 
94        6764 6743 8730  8730  86   4096 
95        6697 6725 4182  4182  26   1    
96        6697 6725 27    27    364  4096 
97        7472 7459 4460  4460  1068 8191 
98        7472 7459 9259  9259  2069 4096 
99        8230 8265 6165  6165  3266 1    
100       8230 8265 3267  3267  4546 4096 
101       9249 9239 8642  8642  5782 8191 
102       9249 9239 13973 13973 6852 4096 
103       9578 9611 10948 10948 7653 1    
104       9578 9611 7654  7654  8106 4096 
105       9645 9633 12202 12202 8166 8191 
106       9645 9633 16357 16357 7828 4096 
107       8868 8896 11924 11924 7124 1    
108       8868 8896 7125  7125  6123 4096 
109       8106 8088 10219 10219 4926 8191 
110       8106 8088 13117 13117 3646 4096 
111       7093 7115 7742  7742  2410 1    
112       7093 7115 2411  2411  1340 4096 
113       6765 6746 5436  5436  539  8191 
114       6765 6746 8730  8730  86   4096 
115       6696 6724 4182  4182  26   1    
116       6696 6724 27    27    364  4096 
117       7471 7458 4460  4460  1068 8191 
118       7471 7458 9259  9259  2069 4096 
119       8227 8266 6165  6165  3266 1    
120       8227 8266 3267  3267  4546 4096 
121       9249 9240 8642  8642  5782 8191 
122       9249 9240 13973 13973 6852 4096 
123       9577 9610 10948 10948 7653 1    
124       9577 9610 7654  7654  8106 4096 
125       9644 9634 12202 12202 8166 8191 
126       9644 9634 16357 16357 7828 4096 
127       8869 8898 11924 11924 7124 1    
128       8869 8898 7125  7125  6123 4096 
129       8106 8086 10219 10219 4926 8191 
130       8106 8086 13117 13117 3646 4096 
131       7093 7116 7742  7742  2410 1    
132       7093 7116 2411  2411  1340 4096 
133       6764 6744 5436  5436  539  8191 
134       6764 6744 8730  8730  86   4096 
135       6697 6727 4182  4182  26   1    
136       6697 6727 27    27    364  4096 
137       7469 7460 4460  4460  1068 8191 
138       7469 7460 9259  9259  2069 4096 
139       8227 8266 6165  6165  3266 1    
140       8227 8266 3267  3267  4546 4096 
141       9249 9241 8642  8642  5782 8191 
142       9249 9241 13973 13973 6852 4096 
143       9577 9613 10948 10948 7653 1    
144       9577 9613 7654  7654  8106 4096 
145       9646 9634 12202 12202 8166 8191 
146       9646 9634 16357 16357 7828 4096 
147       8871 8897 11924 11924 7124 1    
148       8871 8897 7125  7125  6123 4096 
149       8108 8087 10219 10219 4926 8191 
150       8108 8087 13117 13117 3646 4096 
151       7092 7114 7742  7742  2410 1    
152       7092 7114 2411  2411  1340 4096 
153       6763 6744 5436  5436  539  8191 
154       6763 6744 8730  8730  86   4096 
155       6698 6727 4182  4182  26   1    
156       6698 6727 27    27    364  4096 
157       7470 7456 4460  4460  1068 8191 
158       7470 7456 9259  9259  2069 4096 
159       8230 8267 6165  6165  3266 1    
160       8230 8267 3267  3267  4546 4096 
161       9249 9240 8642  8642  5782 8191 
162       9249 9240 13973 13973 6852 4096 
163       9578 9610 10948 10948 7653 1    
164       9578 9610 7654  7654  8106 4096 
165       9645 9633 12202 12202 8166 8191 
166       9645 9633 16357 16357 7828 4096 
167       8869 8897 11924 11924 7124 1    
168       8869 8897 7125  7125  6123 4096 
169       8106 8089 10219 10219 4926 8191 
170       8106 8089 13117 13117 3646 4096 
171       7092 7114 7742  7742  2410 1    
172       7092 7114 2411  2411  1340 4096 
173       6764 6745 5436  5436  539  8191 
174       6764 6745 8730  8730  86   4096 
175       6697 6724 4182  4182  26   1    
176       6697 6724 27    27    364  4096 
177       7470 7459 4460  4460  1068 8191 
178       7470 7459 9259  9259  2069 4096 
179       8231 8266 6165  6165  3266 1    
180       8231 8266 3267  3267  4546 4096 
181       9247 9241 8642  8642  5782 8191 
182       9247 9241 13973 13973 6852 4096 
183       9577 9612 10948 10948 7653 1    
184       9577 9612 7654  7654  8106 4096 
185       9645 9635 12202 12202 8166 8191 
186       9645 9635 16357 16357 7828 4096 
187       8870 8897 11924 11924 7124 1    
188       8870 8897 7125  7125  6123 4096 
189       8106 8088 10219 10219 4926 8191 
190       8106 8088 13117 13117 3646 4096 
191       7092 7114 7742  7742  2410 1    
192       7092 7114 2411  2411  1340 4096 
193       6766 6745 5436  5436  539  8191 
194       6766 6745 8730  8730  86   4096 
195       6698 6724 4182  4182  26   1    
196       6698 6724 27    27    364  4096 
197       7470 7460 4460  4460  1068 8191 
198       7470 7460 9259  9259  2069 4096 
199       8227 8266 6165  6165  3266 1    
200       8227 8266 3267  3267  4546 4096 
201       9249 9240 8642  8642  5782 8191 
202       9249 9240 13973 13973 6852 4096 
203       9579 9614 10948 10948 7653 1    
204       9579 9614 7654  7654  8106 4096 
205       9645 9635 12202 12202 8166 8191 
206       9645 9635 16357 16357 7828 4096 
207       8869 8900 11924 11924 7124 1    
208       8869 8900 7125  7125  6123 4096 
209       8109 8088 10219 10219 4926 8191 
210       8109 8088 13117 13117 3646 4096 
211       7095 7114 7742  7742  2410 1    
212       7095 7114 2411  2411  1340 4096 
213       6765 6747 5436  5436  539  8191 
214       6765 6747 8730  8730  86   4096 
215       6699 6725 4182  4182  26   1    
216       6699 6725 27    27    364  4096 
217       7471 7458 4460  4460  1068 8191 
218       7471 7458 9259  9259  2069 4096 
219       8229 8265 6165  6165  3266 1    
220       8229 8265 3267  3267  4546 4096 
221       9248 9240 8642  8642  5782 8191 
222       9248 9240 13973 13973 6852 4096 
223       9577 9614 10948 10948 7653 1    
224       9577 9614 7654  7654  8106 4096 
225       9647 9635 12202 12202 8166 8191 
226       9647 9635 16357 16357 7828 4096 
227       8871 8897 11924 11924 7124 1    
228       8871 8897 7125  7125  6123 4096 
229       8107 8087 10219 10219 4926 8191 
230       8107 8087 13117 13117 3646 4096 
231       7092 7115 7742  7742  2410 1    
232       7092 7115 2411  2411  1340 4096 
233       6763 6744 5436  5436  539  8191 
234       6763 6744 8730  8730  86   4096 
235       6698 6725 4182  4182  26   1    
236       6698 6725 27    27    364  4096 
237       7469 7457 4460  4460  1068 8191 
238       7469 7457 9259  9259  2069 4096 
239       8229 8267 6165  6165  3266 1    
240       8229 8267 3267  3267  4546 4096 
241       9248 9240 8642  8642  5782 8191 
242       9248 9240 13973 13973 6852 4096 
243       9579 9613 10948 10948 7653 1    
244       9579 9613 7654  7654  8106 4096 
245       9648 9635 12202 12202 8166 8191 
246       9648 9635 16357 16357 7828 4096 
247       8873 8897 11924 11924 7124 1    
248       8873 8897 7125  7125  6123 4096 
249       8104 8088 10219 10219 4926 8191 
250       8104 8088 13117 13117 3646 4096 
251       7092 7116 7742  7742  2410 1    
252       7092 7116 2411  2411  1340 4096 
253       6765 6743 5436  5436  539  8191 
254       6765 6743 8730  8730  86   4096 
255       6697 6724 4182  4182  26   1    
256       6697 6724 27    27    364  4096 
257       7469 7457 4460  4460  1068 8191 
258       7469 7457 9259  9259  2069 4096 
259       8230 8265 6165  6165  3266 1    
260       8230 8265 3267  3267  4546 4096 
261       9249 9239 8642  8642  5782 8191 
262       9249 9239 13973 13973 6852 4096 
263       9575 9610 10948 10948 7653 1    
264       9575 9610 7654  7654  8106 4096 
265       9647 9633 12202 12202 8166 8191 
266       9647 9633 16357 16357 7828 4096 
267       8869 8896 11924 11924 7124 1    
268       8869 8896 7125  7125  6123 4096 
269       8106 8088 10219 10219 4926 8191 
270       8106 8088 13117 13117 3646 4096 
271       7093 7118 7742  7742  2410 1    
272       7093 7118 2411  2411  1340 4096 
273       6763 6744 5436  5436  539  8191 
274       6763 6744 8730  8730  86   4096 
275       6699 6725 4182  4182  26   1    
276       6699 6725 27    27    364  4096 
277       7468 7459 4460  4460  1068 8191 
278       7468 7459 9259  9259  2069 4096 
279       8230 8265 6165  6165  3266 1    
280       8230 8265 3267  3267  4546 4096 
281       9248 9243 8642  8642  5782 8191 
282       9248 9243 13973 13973 6852 4096 
283       9577 9612 10948 10948 7653 1    
284       9577 9612 7654  7654  8106 4096 
285       9648 9635 12202 12202 8166 8191 
286       9648 9635 16357 16357 7828 4096 
287       8872 8896 11924 11924 7124 1    
288       8872 8896 7125  7125  6123 4096 
289       8106 8087 10219 10219 4926 8191 
290       8106 8087 13117 13117 3646 4096 
291       7093 7116 7742  7742  2410 1    
292       7093 7116 2411  2411  1340 4096 
293       6766 6744 5436  5436  539  8191 
294       6766 6744 8730  8730  86   4096 
295       6695 6727 4182  4182  26   1    
296       6695 6727 27    27    364  4096 
297       7469 7459 4460  4460  1068 8191 
298       7469 7459 9259  9259  2069 4096 
299       8227 8268 6165  6165  3266 1    
300       8227 8268 3267  3267  4546 4096 
301       9249 9240 8642  8642  5782 8191 
302       9249 9240 13973 13973 6852 4096 
303       9578 9613 10948 10948 7653 1    
304       9578 9613 7654  7654  8106 4096 
305       9646 9636 12202 12202 8166 8191 
306       9646 9636 16357 16357 7828 4096 
307       8872 8897 11924 11924 7124 1    
308       8872 8897 7125  7125  6123 4096 
309       8107 8088 10219 10219 4926 8191 
310       8107 8088 13117 13117 3646 4096 
311       7092 7115 7742  7742  2410 1    
312       7092 7115 2411  2411  1340 4096 
313       6764 6744 5436  5436  539  8191 
314       6764 6744 8730  8730  86   4096 
315       6697 6725 4182  4182  26   1    
316       6697 6725 27    27    364  4096 
317       7469 7457 4460  4460  1068 8191 
318       7469 7457 9259  9259  2069 4096 
319       8231 8266 6165  6165  3266 1    
320       8231 8266 3267  3267  4546 4096 
321       9248 9241 8642  8642  5782 8191 
322       9248 9241 13973 13973 6852 4096 
323       9578 9612 10948 10948 7653 1    
324       9578 9612 7654  7654  8106 4096 
325       9644 9632 12202 12202 8166 8191 
326       9644 9632 16357 16357 7828 4096 
327       8872 8895 11924 11924 7124 1    
328       8872 8895 7125  7125  6123 4096 
329       8106 8091 10219 10219 4926 8191 
330       8106 8091 13117 13117 3646 4096 
331       7091 7117 7742  7742  2410 1    
332       7091 7117 2411  2411  1340 4096 
333       6764 6745 5436  5436  539  8191 
334       6764 6745 8730  8730  86   4096 
335       6700 6725 4182  4182  26   1    
336       6700 6725 27    27    364  4096 
337       7469 7458 4460  4460  1068 8191 
338       7469 7458 9259  9259  2069 4096 
339       8229 8266 6165  6165  3266 1    
340       8229 8266 3267  3267  4546 4096 
341       9248 9242 8642  8642  5782 8191 
342       9248 9242 13973 13973 6852 4096 
343       9578 9612 10948 10948 7653 1    
344       9578 9612 7654  7654  8106 4096 
345       9646 9635 12202 12202 8166 8191 
346       9646 9635 16357 16357 7828 4096 
347       8872 8896 11924 11924 7124 1    
348       8872 8896 7125  7125  6123 4096 
349       8106 8090 10219 10219 4926 8191 
350       8106 8090 13117 13117 3646 4096 
351       7091 7114 7742  7742  2410 1    
352       7091 7114 2411  2411  1340 4096 
353       6766 6745 5436  5436  539  8191 
354       6766 6745 8730  8730  86   4096 
355       6698 6725 4182  4182  26   1    
356       6698 6725 27    27    364  4096 
357       7469 7460 4460  4460  1068 8191 
358       7469 7460 9259  9259  2069 4096 
359       8228 8264 6165  6165  3266 1    
360       8228 8264 3267  3267  4546 4096 
361       9251 9240 8642  8642  5782 8191 
362       9251 9240 13973 13973 6852 4096 
363       9576 9610 10948 10948 7653 1    
364       9576 9610 7654  7654  8106 4096 
365       9644 9634 12202 12202 8166 8191 
366       9644 9634 16357 16357 7828 4096 
367       8872 8897 11924 11924 7124 1    
368       8872 8897 7125  7125  6123 4096 
369       8106 8091 10219 10219 4926 8191 
370       8106 8091 13117 13117 3646 4096 
371       7092 7115 7742  7742  2410 1    
372       7092 7115 2411  2411  1340 4096 
373       6764 6745 5436  5436  539  8191 
374       6764 6745 8730  8730  86   4096 
375       6697 6727 4182  4182  26   1    
376       6697 6727 27    27    364  4096 
377       7468 7458 4460  4460  1068 8191 
378       7468 7458 9259  9259  2069 4096 
379       8229 8267 6165  6165  3266 1    
380       8229 8267 3267  3267  4546 4096 
381       9250 9241 8642  8642  5782 8191 
382       9250 9241 13973 13973 6852 4096 
383       9578 9612 10948 10948 7653 1    
384       9578 9612 7654  7654  8106 4096 
385       9644 9637 12202 12202 8166 8191 
386       9644 9637 16357 16357 7828 4096 
387       8872 8896 11924 11924 7124 1    
388       8872 8896 7125  7125  6123 4096 
389       8108 8090 10219 10219 4926 8191 
390       8108 8090 13117 13117 3646 4096 
391       7093 7114 7742  7742  2410 1    
392       7093 7114 2411  2411  1340 4096 
393       6765 6744 5436  5436  539  8191 
394       6765 6744 8730  8730  86   4096 
395       6697 6722 4182  4182  26   1    
396       6697 6722 27    27    364  4096 
397       7469 7458 4460  4460  1068 8191 
398       7469 7458 9259  9259  2069 4096 
399       8227 8265 6165  6165  3266 1    
400       8227 8265 3267  3267  4546 4096 
401       9250 9242 8642  8642  5782 8191 
402       9250 9242 13973 13973 6852 4096 
403       9578 9612 10948 10948 7653 1    
404       9578 9612 7654  7654  8106 4096 
405       9646 9634 12202 12202 8166 8191 
406       9646 9634 16357 16357 7828 4096 
407       8871 8898 11924 11924 7124 1    
408       8871 8898 7125  7125  6123 4096 
409       8107 8088 10219 10219 4926 8191 
410       8107 8088 13117 13117 3646 4096 
411       7092 7116 7742  7742  2410 1    
412       7092 7116 2411  2411  1340 4096 
413       6764 6744 5436  5436  539  8191 
414       6764 6744 8730  8730  86   4096 
415       6698 6727 4182  4182  26   1    
416       6698 6727 27    27    364  4096 
417       7470 7456 4460  4460  1068 8191 
418       7470 7456 9259  9259  2069 4096 
419       8230 8265 6165  6165  3266 1    
420       8230 8265 3267  3267  4546 4096 
421       9248 9239 8642  8642  5782 8191 
422       9248 9239 13973 13973 6852 4096 
423       9577 9610 10948 10948 7653 1    
424       9577 9610 7654  7654  8106 4096 
425       9646 9633 12202 12202 8166 8191 
426       9646 9633 16357 16357 7828 4096 
427       8871 8898 11924 11924 7124 1    
428       8871 8898 7125  7125  6123 4096 
429       8108 8090 10219 10219 4926 8191 
430       8108 8090 13117 13117 3646 4096 
431       7094 7115 7742  7742  2410 1    
432       7094 7115 2411  2411  1340 4096 
433       6765 6746 5436  5436  539  8191 
434       6765 6746 8730  8730  86   4096 
435       6695 6725 4182  4182  26   1    
436       6695 6725 27    27    364  4096 
437       7469 7459 4460  4460  1068 8191 
438       7469 7459 9259  9259  2069 4096 
439       8230 8264 6165  6165  3266 1    
440       8230 8264 3267  3267  4546 4096 
441       9249 9242 8642  8642  5782 8191 
442       9249 9242 13973 13973 6852 4096 
443       9578 9612 10948 10948 7653 1    
444       9578 9612 7654  7654  8106 4096 
445       9647 9634 12202 12202 8166 8191 
446       9647 9634 16357 16357 7828 4096 
447       8870 8897 11924 11924 7124 1    
448       8870 8897 7125  7125  6123 4096 
449       8105 8088 10219 10219 4926 8191 
450       8105 8088 13117 13117 3646 4096 
451       7092 7116 7742  7742  2410 1    
452       7092 7116 2411  2411  1340 4096 
453       6766 6747 5436  5436  539  8191 
454       6766 6747 8730  8730  86   4096 
455       6699 6728 4182  4182  26   1    
456       6699 6728 27    27    364  4096 
457       7469 7458 4460  4460  1068 8191 
458       7469 7458 9259  9259  2069 4096 
459       8230 8264 6165  6165  3266 1    
460       8230 8264 3267  3267  4546 4096 
461       9250 9239 8642  8642  5782 8191 
462       9250 9239 13973 13973 6852 4096 
463       9577 9613 10948 10948 7653 1    
464       9577 9613 7654  7654  8106 4096 
465       9646 9635 12202 12202 8166 8191 
466       9646 9635 16357 16357 7828 4096 
467       8870 8897 11924 11924 7124 1    
468       8870 8897 7125  7125  6123 4096 
469       8107 8087 10219 10219 4926 8191 
470       8107 8087 13117 13117 3646 4096 
471       7093 7116 7742  7742  2410 1    
472       7093 7116 2411  2411  1340 4096 
473       6764 6745 5436  5436  539  8191 
474       6764 6745 8730  8730  86   4096 
475       6697 6726 4182  4182  26   1    
476       6697 6726 27    27    364  4096 
477       7469 7460 4460  4460  1068 8191 
478       7469 7460 9259  9259  2069 4096 
479       8228 8266 6165  6165  3266 1    
480       8228 8266 3267  3267  4546 4096 
481       9249 9239 8642  8642  5782 8191 
482       9249 9239 13973 13973 6852 4096 
483       9578 9613 10948 10948 7653 1    
484       9578 9613 7654  7654  8106 4096 
485       9644 9632 12202 12202 8166 8191 
486       9644 9632 16357 16357 7828 4096 
487       8870 8898 11924 11924 7124 1    
488       8870 8898 7125  7125  6123 4096 
489       8106 8090 10219 10219 4926 8191 
490       8106 8090 13117 13117 3646 4096 
491       7093 7116 7742  7742  2410 1    
492       7093 7116 2411  2411  1340 4096 
493       6766 6748 5436  5436  539  8191 
494       6766 6748 8730  8730  86   4096 
495       6698 6726 4182  4182  26   1    
496       6698 6726 27    27    364  4096 
497       7468 7460 4460  4460  1068 8191 
498       7468 7460 9259  9259  2069 4096 
499       8230 8266 6165  6165  3266 1    
500       8230 8266 3267  3267  4546 4096 
501       9250 9239 8642  8642  5782 8191 
502       9250 9239 13973 13973 6852 4096 
503       9577 9614 10948 10948 7653 1    
504       9577 9614 7654  7654  8106 4096 
505       9647 9634 12202 12202 8166 8191 
506       9647 9634 16357 16357 7828 4096 
507       8871 8900 11924 11924 7124 1    
508       8871 8900 7125  7125  6123 4096 
509       8108 8089 10219 10219 4926 8191 
510       8108 8089 13117 13117 3646 4096 
511       7093 7114 7742  7742  2410 1    
512       7093 7114 2411  2411  1340 4096 
513       6764 6747 5436  5436  539  8191 
514       6764 6747 8730  8730  86   4096 
515       6698 6724 4182  4182  26   1    
516       6698 6724 27    27    364  4096 
517       7468 7458 4460  4460  1068 8191 
518       7468 7458 9259  9259  2069 4096 
519       8229 8267 6165  6165  3266 1    
520       8229 8267 3267  3267  4546 4096 
521       9249 9240 8642  8642  5782 8191 
522       9249 9240 13973 13973 6852 4096 
523       9577 9613 10948 10948 7653 1    
524       9577 9613 7654  7654  8106 4096 
525       9644 9635 12202 12202 8166 8191 
526       9644 9635 16357 16357 7828 4096 
527       8871 8898 11924 11924 7124 1    
528       8871 8898 7125  7125  6123 4096 
529       8107 8089 10219 10219 4926 8191 
530       8107 8089 13117 13117 3646 4096 
531       7092 7115 7742  7742  2410 1    
532       7092 7115 2411  2411  1340 4096 
533       6765 6748 5436  5436  539  8191 
534       6765 6748 8730  8730  86   4096 
535       6696 6725 4182  4182  26   1    
536       6696 6725 27    27    364  4096 
537       7468 7458 4460  4460  1068 8191 
538       7468 7458 9259  9259  2069 4096 
539       8229 8265 6165  6165  3266 1    
540       8229 8265 3267  3267  4546 4096 
541       9250 9239 8642  8642  5782 8191 
542       9250 9239 13973 13973 6852 4096 
543       9577 9611 10948 10948 7653 1    
544       9577 9611 7654  7654  8106 4096 
545       9645 9634 12202 12202 8166 8191 
546       9645 9634 16357 16357 7828 4096 
547       8870 8898 11924 11924 7124 1    
548       8870 8898 7125  7125  6123 4096 
549       8105 8089 10219 10219 4926 8191 
550       8105 8089 13117 13117 3646 4096 
551       7093 7113 7742  7742  2410 1    
552       7093 7113 2411  2411  1340 4096 
553       6766 6746 5436  5436  539  8191 
554       6766 6746 8730  8730  86   4096 
555       6696 6724 4182  4182  26   1    
556       6696 6724 27    27    364  4096 
557       7467 7458 4460  4460  1068 8191 
558       7467 7458 9259  9259  2069 4096 
559       8228 8265 6165  6165  3266 1    
560       8228 8265 3267  3267  4546 4096 
561       9251 9239 8642  8642  5782 8191 
562       9251 9239 13973 13973 6852 4096 
563       9577 9614 10948 10948 7653 1    
564       9577 9614 7654  7654  8106 4096 
565       9644 9633 12202 12202 8166 8191 
566       9644 9633 16357 16357 7828 4096 
567       8869 8899 11924 11924 7124 1    
568       8869 8899 7125  7125  6123 4096 
569       8107 8088 10219 10219 4926 8191 
570       8107 8088 13117 13117 3646 4096 
571       7091 7116 7742  7742  2410 1    
572       7091 7116 2411  2411  1340 4096 
573       6764 6743 5436  5436  539  8191 
574       6764 6743 8730  8730  86   4096 
575       6696 6727 4182  4182  26   1    
576       6696 6727 27    27    364  4096 
577       7468 7458 4460  4460  1068 8191 
578       7468 7458 9259  9259  2069 4096 
579       8229 8268 6165  6165  3266 1    
580       8229 8268 3267  3267  4546 4096 
581       9248 9240 8642  8642  5782 8191 
582       9248 9240 13973 13973 6852 4096 
583       9577 9611 10948 10948 7653 1    
584       9577 9611 7654  7654  8106 4096 
585       9644 9633 12202 12202 8166 8191 
586       9644 9633 16357 16357 7828 4096 
587       8870 8895 11924 11924 7124 1    
588       8870 8895 7125  7125  6123 4096 
589       8107 8089 10219 10219 4926 8191 
590       8107 8089 13117 13117 3646 4096 
591       7089 7115 7742  7742  2410 1    
592       7089 7115 2411  2411  1340 4096 
593       6765 6745 5436  5436  539  8191 
594       6765 6745 8730  8730  86   4096 
595       6698 6726 4182  4182  26   1    
596       6698 6726 27    27    364  4096 
597       7471 7457 4460  4460  1068 8191 
598       7471 7457 9259  9259  2069 4096 
599       8229 8264 6165  6165  3266 1    
600       8229 8264 3267  3267  4546 4096 
601       9248 9242 8642  8642  5782 8191 
602       9248 9242 13973 13973 6852 4096 
603       9576 9614 10948 10948 7653 1    
604       9576 9614 7654  7654  8106 4096 
605       9645 9635 12202 12202 8166 8191 
606       9645 9635 16357 16357 7828 4096 
607       8872 8898 11924 11924 7124 1    
608       8872 8898 7125  7125  6123 4096 
609       8104 8087 10219 10219 4926 8191 
610       8104 8087 13117 13117 3646 4096 
611       7091 7115 7742  7742  2410 1    
612       7091 7115 2411  2411  1340 4096 
613       6763 6745 5436  5436  539  8191 
614       6763 6745 8730  8730  86   4096 
615       6698 6726 4182  4182  26   1    
616       6698 6726 27    27    364  4096 
617       7470 7460 4460  4460  1068 8191 
618       7470 7460 9259  9259  2069 4096 
619       8229 8267 6165  6165  3266 1    
620       8229 8267 3267  3267  4546 4096 
621       9249 9243 8642  8642  5782 8191 
622       9249 9243 13973 13973 6852 4096 
623       9578 9614 10948 10948 7653 1    
624       9578 9614 7654  7654  8106 4096 
625       9646 9636 12202 12202 8166 8191 
626       9646 9636 16357 16357 7828 4096 
627       8871 8898 11924 11924 7124 1    
628       8871 8898 7125  7125  6123 4096 
629       8106 8090 10219 10219 4926 8191 
630       8106 8090 13117 13117 3646 4096 
631       7095 7114 7742  7742  2410 1    
632       7095 7114 2411  2411  1340 4096 
633       6765 6747 5436  5436  539  8191 
634       6765 6747 8730  8730  86   4096 
635       6697 6724 4182  4182  26   1    
636       6697 6724 27    27    364  4096 
637       7471 7457 4460  4460  1068 8191 
638       7471 7457 9259  9259  2069 4096 
639       8228 8266 6165  6165  3266 1    
640       8228 8266 3267  3267  4546 4096 
641       9249 9242 8642  8642  5782 8191 
642       9249 9242 13973 13973 6852 4096 
643       9578 9612 10948 10948 7653 1    
644       9578 9612 7654  7654  8106 4096 
645       9644 9635 12202 12202 8166 8191 
646       9644 9635 16357 16357 7828 4096 
647       8871 8897 11924 11924 7124 1    
648       8871 8897 7125  7125  6123 4096 
649       8106 8090 10219 10219 4926 8191 
650       8106 8090 13117 13117 3646 4096 
651       7094 7116 7742  7742  2410 1    
652       7094 7116 2411  2411  1340 4096 
653       6763 6745 5436  5436  539  8191 
654       6763 6745 8730  8730  86   4096 
655       6698 6727 4182  4182  26   1    
656       6698 6727 27    27    364  4096 
657       7469 7459 4460  4460  1068 8191 
658       7469 7459 9259  9259  2069 4096 
659       8230 8264 6165  6165  3266 1    
660       8230 8264 3267  3267  4546 4096 
661       9249 9241 8642  8642  5782 8191 
662       9249 9241 13973 13973 6852 4096 
663       9577 9611 10948 10948 7653 1    
664       9577 9611 7654  7654  8106 4096 
665       9647 9633 12202 12202 8166 8191 
666       9647 9633 16357 16357 7828 4096 
667       8870 8898 11924 11924 7124 1    
668       8870 8898 7125  7125  6123 4096 
669       8107 8091 10219 10219 4926 8191 
670       8107 8091 13117 13117 3646 4096 
671       7091 7113 7742  7742  2410 1    
672       7091 7113 2411  2411  1340 4096 
673       6765 6744 5436  5436  539  8191 
674       6765 6744 8730  8730  86   4096 
675       6698 6726 4182  4182  26   1    
676       6698 6726 27    27    364  4096 
677       7470 7458 4460  4460  1068 8191 
678       7470 7458 9259  9259  2069 4096 
679       8230 8267 6165  6165  3266 1    
680       8230 8267 3267  3267  4546 4096 
681       9251 9242 8642  8642  5782 8191 
682       9251 9242 13973 13973 6852 4096 
683       9580 9613 10948 10948 7653 1    
684       9580 9613 7654  7654  8106 4096 
685       9646 9633 12202 12202 8166 8191 
686       9646 9633 16357 16357 7828 4096 
687       8870 8898 11924 11924 7124 1    
688       8870 8898 7125  7125  6123 4096 
689       8107 8088 10219 10219 4926 8191 
690       8107 8088 13117 13117 3646 4096 
691       7093 7113 7742  7742  2410 1    
692       7093 7113 2411  2411  1340 4096 
693       6765 6744 5436  5436  539  8191 
694       6765 6744 8730  8730  86   4096 
695       6696 6726 4182  4182  26   1    
696       6696 6726 27    27    364  4096 
697       7469 7461 4460  4460  1068 8191 
698       7469 7461 9259  9259  2069 4096 
699       8227 8266 6165  6165  3266 1    
700       8227 8266 3267  3267  4546 4096 
701       9250 9242 8642  8642  5782 8191 
702       9250 9242 13973 13973 6852 4096 
703       9578 9612 10948 10948 7653 1    
704       9578 9612 7654  7654  8106 4096 
705       9647 9635 12202 12202 8166 8191 
706       9647 9635 16357 16357 7828 4096 
707       8871 8897 11924 11924 7124 1    
708       8871 8897 7125  7125  6123 4096 
709       8108 8089 10219 10219 4926 8191 
710       8108 8089 13117 13117 3646 4096 
711       7092 7115 7742  7742  2410 1    
712       7092 7115 2411  2411  1340 4096 
713       6765 6743 5436  5436  539  8191 
714       6765 6743 8730  8730  86   4096 
715       6698 6725 4182  4182  26   1    
716       6698 6725 27    27    364  4096 
717       7469 7458 4460  4460  1068 8191 
718       7469 7458 9259  9259  2069 4096 
719       8229 8266 6165  6165  3266 1    
720       8229 8266 3267  3267  4546 4096 
721       9246 9238 8642  8642  5782 8191 
722       9246 9238 13973 13973 6852 4096 
723       9576 9613 10948 10948 7653 1    
724       9576 9613 7654  7654  8106 4096 
725       9645 9634 12202 12202 8166 8191 
726       9645 9634 16357 16357 7828 4096 
727       8872 8898 11924 11924 7124 1    
728       8872 8898 7125  7125  6123 4096 
729       8105 8089 10219 10219 4926 8191 
730       8105 8089 13117 13117 3646 4096 
731       7094 7115 7742  7742  2410 1    
732       7094 7115 2411  2411  1340 4096 
733       6764 6744 5436  5436  539  8191 
734       6764 6744 8730  8730  86   4096 
735       6696 6726 4182  4182  26   1    
736       6696 6726 27    27    364  4096 
737       7468 7460 4460  4460  1068 8191 
738       7468 7460 9259  9259  2069 4096 
739       8230 8266 6165  6165  3266 1    
740       8230 8266 3267  3267  4546 4096 
741       9250 9238 8642  8642  5782 8191 
742       9250 9238 13973 13973 6852 4096 
743       9576 9613 10948 10948 7653 1    
744       9576 9613 7654  7654  8106 4096 
745       9645 9633 12202 12202 8166 8191 
746       9645 9633 16357 16357 7828 4096 
747       8871 8896 11924 11924 7124 1    
748       8871 8896 7125  7125  6123 4096 
749       8107 8087 10219 10219 4926 8191 
750       8107 8087 13117 13117 3646 4096 
751       7092 7115 7742  7742  2410 1    
752       7092 7115 2411  2411  1340 4096 
753       6764 6744 5436  5436  539  8191 
754       6764 6744 8730  8730  86   4096 
755       6696 6727 4182  4182  26   1    
756       6696 6727 27    27    364  4096 
757       7469 7458 4460  4460  1068 8191 
758       7469 7458 9259  9259  2069 4096 
759       8227 8265 6165  6165  3266 1    
760       8227 8265 3267  3267  4546 4096 
761       9249 9240 8642  8642  5782 8191 
762       9249 9240 13973 13973 6852 4096 
763       9578 9612 10948 10948 7653 1    
764       9578 9612 7654  7654  8106 4096 
765       9645 9635 12202 12202 8166 8191 
766       9645 9635 16357 16357 7828 4096 
767       8868 8899 11924 11924 7124 1    
768       8868 8899 7125  7125  6123 4096 
769       8105 8088 10219 10219 4926 8191 
770       8105 8088 13117 13117 3646 4096 
771       7091 7114 7742  7742  2410 1    
772       7091 7114 2411  2411  1340 4096 
773       6763 6744 5436  5436  539  8191 
774       6763 6744 8730  8730  86   4096 
775       6697 6725 4182  4182  26   1    
776       6697 6725 27    27    364  4096 
777       7471 7459 4460  4460  1068 8191 
778       7471 7459 9259  9259  2069 4096 
779       8229 8265 6165  6165  3266 1    
780       8229 8265 3267  3267  4546 4096 
781       9249 9241 8642  8642  5782 8191 
782       9249 9241 13973 13973 6852 4096 
783       9577 9612 10948 10948 7653 1    
784       9577 9612 7654  7654  8106 4096 
785       9644 9634 12202 12202 8166 8191 
786       9644 9634 16357 16357 7828 4096 
787       8870 8897 11924 11924 7124 1    
788       8870 8897 7125  7125  6123 4096 
789       8106 8089 10219 10219 4926 8191 
790       8106 8089 13117 13117 3646 4096 
791       7092 7114 7742  7742  2410 1    
792       7092 7114 2411  2411  1340 4096 
793       6764 6744 5436  5436  539  8191 
794       6764 6744 8730  8730  86   4096 
795       6697 6727 4182  4182  26   1    
796       6697 6727 27    27    364  4096 
797       7469 7457 4460  4460  1068 8191 
798       7469 7457 9259  9259  2069 4096 
799       8226 8266 6165  6165  3266 1    
800       8226 8266 3267  3267  4546 4096 
801       9249 9241 8642  8642  5782 8191 
802       9249 9241 13973 13973 6852 4096 
803       9576 9609 10948 10948 7653 1    
804       9576 9609 7654  7654  8106 4096 
805       9644 9633 12202 12202 8166 8191 
806       9644 9633 16357 16357 7828 4096 
807       8872 8897 11924 11924 7124 1    
808       8872 8897 7125  7125  6123 4096 
809       8107 8089 10219 10219 4926 8191 
810       8107 8089 13117 13117 3646 4096 
811       7093 7116 7742  7742  2410 1    
812       7093 7116 2411  2411  1340 4096 
813       6764 6745 5436  5436  539  8191 
814       6764 6745 8730  8730  86   4096 
815       6697 6727 4182  4182  26   1    
816       6697 6727 27    27    364  4096 
817       7470 7458 4460  4460  1068 8191 
818       7470 7458 9259  9259  2069 4096 
819       8227 8265 6165  6165  3266 1    
820       8227 8265 3267  3267  4546 4096 
821       9251 9240 8642  8642  5782 8191 
822       9251 9240 13973 13973 6852 4096 
823       9578 9612 10948 10948 7653 1    
824       9578 9612 7654  7654  8106 4096 
825       9646 9632 12202 12202 8166 8191 
826       9646 9632 16357 16357 7828 4096 
827       8870 8895 11924 11924 7124 1    
828       8870 8895 7125  7125  6123 4096 
829       8106 8091 10219 10219 4926 8191 
830       8106 8091 13117 13117 3646 4096 
831       7093 7115 7742  7742  2410 1    
832       7093 7115 2411  2411  1340 4096 
833       6763 6745 5436  5436  539  8191 
834       6763 6745 8730  8730  86   4096 
835       6696 6725 4182  4182  26   1    
836       6696 6725 27    27    364  4096 
837       7471 7459 4460  4460  1068 8191 
838       7471 7459 9259  9259  2069 4096 
839       8229 8266 6165  6165  3266 1    
840       8229 8266 3267  3267  4546 4096 
841       9248 9241 8642  8642  5782 8191 
842       9248 9241 13973 13973 6852 4096 
843       9578 9613 10948 10948 7653 1    
844       9578 9613 7654  7654  8106 4096 
845       9646 9635 12202 12202 8166 8191 
846       9646 9635 16357 16357 7828 4096 
847       8872 8896 11924 11924 7124 1    
848       8872 8896 7125  7125  6123 4096 
849       8105 8089 10219 10219 4926 8191 
850       8105 8089 13117 13117 3646 4096 
851       7094 7115 7742  7742  2410 1    
852       7094 7115 2411  2411  1340 4096 
853       6764 6745 5436  5436  539  8191 
854       6764 6745 8730  8730  86   4096 
855       6702 6726 4182  4182  26   1    
856       6702 6726 27    27    364  4096 
857       7469 7459 4460  4460  1068 8191 
858       7469 7459 9259  9259  2069 4096 
859       8228 8266 6165  6165  3266 1    
860       8228 8266 3267  3267  4546 4096 
861       9249 9240 8642  8642  5782 8191 
862       9249 9240 13973 13973 6852 4096 
863       9577 9612 10948 10948 7653 1    
864       9577 9612 7654  7654  8106 4096 
865       9644 9635 12202 12202 8166 8191 
866       9644 9635 16357 16357 7828 4096 
867       8871 8896 11924 11924 7124 1    
868       8871 8896 7125  7125  6123 4096 
869       8109 8089 10219 10219 4926 8191 
870       8109 8089 13117 13117 3646 4096 
871       7093 7115 7742  7742  2410 1    
872       7093 7115 2411  2411  1340 4096 
873       6765 6746 5436  5436  539  8191 
874       6765 6746 8730  8730  86   4096 
875       6698 6727 4182  4182  26   1    
876       6698 6727 27    27    364  4096 
877       7469 7460 4460  4460  1068 8191 
878       7469 7460 9259  9259  2069 4096 
879       8228 8265 6165  6165  3266 1    
880       8228 8265 3267  3267  4546 4096 
881       9252 9241 8642  8642  5782 8191 
882       9252 9241 13973 13973 6852 4096 
883       9579 9612 10948 10948 7653 1    
884       9579 9612 7654  7654  8106 4096 
885       9645 9636 12202 12202 8166 8191 
886       9645 9636 16357 16357 7828 4096 
887       8872 8897 11924 11924 7124 1    
888       8872 8897 7125  7125  6123 4096 
889       8107 8088 10219 10219 4926 8191 
890       8107 8088 13117 13117 3646 4096 
891       7092 7115 7742  7742  2410 1    
892       7092 7115 2411  2411  1340 4096 
893       6763 6746 5436  5436  539  8191 
894       6763 6746 8730  8730  86   4096 
895       6697 6727 4182  4182  26   1    
896       6697 6727 27    27    364  4096 
897       7468 7459 4460  4460  1068 8191 
898       7468 7459 9259  9259  2069 4096 
899       8228 8267 6165  6165  3266 1    
900       8228 8267 3267  3267  4546 4096 
901       9249 9242 8642  8642  5782 8191 
902       9249 9242 13973 13973 6852 4096 
903       9575 9611 10948 10948 7653 1    
904       9575 9611 7654  7654  8106 4096 
905       9644 9634 12202 12202 8166 8191 
906       9644 9634 16357 16357 7828 4096 
907       8870 8896 11924 11924 7124 1    
908       8870 8896 7125  7125  6123 4096 
909       8106 8089 10219 10219 4926 8191 
910       8106 8089 13117 13117 3646 4096 
911       7091 7116 7742  7742  2410 1    
912       7091 7116 2411  2411  1340 4096 
913       6766 6743 5436  5436  539  8191 
914       6766 6743 8730  8730  86   4096 
915       6697 6724 4182  4182  26   1    
916       6697 6724 27    27    364  4096 
917       7468 7457 4460  4460  1068 8191 
918       7468 7457 9259  9259  2069 4096 
919       8227 8267 6165  6165  3266 1    
920       8227 8267 3267  3267  4546 4096 
921       9250 9239 8642  8642  5782 8191 
922       9250 9239 13973 13973 6852 4096 
923       9578 9611 10948 10948 7653 1    
924       9578 9611 7654  7654  8106 4096 
925       9647 9633 12202 12202 8166 8191 
926       9647 9633 16357 16357 7828 4096 
927       8870 8897 11924 11924 7124 1    
928       8870 8897 7125  7125  6123 4096 
929       8106 8089 10219 10219 4926 8191 
930       8106 8089 13117 13117 3646 4096 
931       7091 7116 7742  7742  2410 1    
932       7091 7116 2411  2411  1340 4096 
933       6764 6743 5436  5436  539  8191 
934       6764 6743 8730  8730  86   4096 
935       6697 6726 4182  4182  26   1    
936       6697 6726 27    27    364  4096 
937       7469 7459 4460  4460  1068 8191 
938       7469 7459 9259  9259  2069 4096 
939       8229 8264 6165  6165  3266 1    
940       8229 8264 3267  3267  4546 4096 
941       9250 9242 8642  8642  5782 8191 
942       9250 9242 13973 13973 6852 4096 
943       9577 9610 10948 10948 7653 1    
944       9577 9610 7654  7654  8106 4096 
945       9646 9633 12202 12202 8166 8191 
946       9646 9633 16357 16357 7828 4096 
947       8871 8899 11924 11924 7124 1    
948       8871 8899 7125  7125  6123 4096 
949       8107 8088 10219 10219 4926 8191 
950       8107 8088 13117 13117 3646 4096 
951       7092 7115 7742  7742  2410 1    
952       7092 7115 2411  2411  1340 4096 
953       6763 6745 5436  5436  539  8191 
954       6763 6745 8730  8730  86   4096 
955       6697 6727 4182  4182  26   1    
956       6697 6727 27    27    364  4096 
957       7468 7460 4460  4460  1068 8191 
958       7468 7460 9259  9259  2069 4096 
959       8230 8267 6165  6165  3266 1    
960       8230 8267 3267  3267  4546 4096 
961       9248 9238 8642  8642  5782 8191 
962       9248 9238 13973 13973 6852 4096 
963       9578 9610 10948 10948 7653 1    
964       9578 9610 7654  7654  8106 4096 
965       9645 9634 12202 12202 8166 8191 
966       9645 9634 16357 16357 7828 4096 
967       8867 8897 11924 11924 7124 1    
968       8867 8897 7125  7125  6123 4096 
969       8106 8088 10219 10219 4926 8191 
970       8106 8088 13117 13117 3646 4096 
971       7092 7113 7742  7742  2410 1    
972       7092 7113 2411  2411  1340 4096 
973       6763 6743 5436  5436  539  8191 
974       6763 6743 8730  8730  86   4096 
975       6698 6725 4182  4182  26   1    
976       6698 6725 27    27    364  4096 
977       7470 7460 4460  4460  1068 8191 
978       7470 7460 9259  9259  2069 4096 
979       8228 8266 6165  6165  3266 1    
980       8228 8266 3267  3267  4546 4096 
981       9249 9242 8642  8642  5782 8191 
982       9249 9242 13973 13973 6852 4096 
983       9577 9613 10948 10948 7653 1    
984       9577 9613 7654  7654  8106 4096 
985       9646 9635 12202 12202 8166 8191 
986       9646 9635 16357 16357 7828 4096 
987       8871 8897 11924 11924 7124 1    
988       8871 8897 7125  7125  6123 4096 
989       8106 8089 10219 10219 4926 8191 
990       8106 8089 13117 13117 3646 4096 
991       7092 7114 7742  7742  2410 1    
992       7092 7114 2411  2411  1340 4096 
993       6764 6745 5436  5436  539  8191 
994       6764 6745 8730  8730  86   4096 
995       6697 6727 4182  4182  26   1    
996       6697 6727 27    27    364  4096 
997       7470 7458 4460  4460  1068 8191 
998       7470 7458 9259  9259  2069 4096 
999       8228 8267 6165  6165  3266 1    
1000      8228 8267 3267  3267  4546 4096 
1001      9248 9240 8642  8642  5782 8191 
1002      9248 9240 13973 13973 6852 4096 
1003      9579 9614 10948 10948 7653 1    
1004      9579 9614 7654  7654  8106 4096 
1005      9647 9633 12202 12202 8166 8191 
1006      9647 9633 16357 16357 7828 4096 
1007      8871 8897 11924 11924 7124 1    
1008      8871 8897 7125  7125  6123 4096 
1009      8107 8087 10219 10219 4926 8191 
1010      8107 8087 13117 13117 3646 4096 
1011      7092 7114 7742  7742  2410 1    
1012      7092 7114 2411  2411  1340 4096 
1013      6762 6745 5436  5436  539  8191 
1014      6762 6745 8730  8730  86   4096 
1015      6696 6725 4182  4182  26   1    
1016      6696 6725 27    27    364  4096 
1017      7470 7459 4460  4460  1068 8191 
1018      7470 7459 9259  9259  2069 4096 
1019      8229 8267 6165  6165  3266 1    
1020      8229 8267 3267  3267  4546 4096 
1021      9248 9242 8642  8642  5782 8191 
1022      9248 9242 13973 13973 6852 4096 
1023      9576 9612 10948 10948 7653 1    
1024      9576 9612 7654  7654  8106 4096 
1025      9647 9633 12202 12202 8166 8191 
1026      9647 9633 16357 16357 7828 4096 
1027      8870 8899 11924 11924 7124 1    
1028      8870 8899 7125  7125  6123 4096 
1029      8104 8090 10219 10219 4926 8191 
1030      8104 8090 13117 13117 3646 4096 
1031      7092 7113 7742  7742  2410 1    
1032      7092 7113 2411  2411  1340 4096 
1033      6764 6745 5436  5436  539  8191 
1034      6764 6745 8730  8730  86   4096 
1035      6699 6728 4182  4182  26   1    
1036      6699 6728 27    27    364  4096 
1037      7469 7459 4460  4460  1068 8191 
1038      7469 7459 9259  9259  2069 4096 
1039      8228 8266 6165  6165  3266 1    
1040      8228 8266 3267  3267  4546 4096 
1041      9249 9240 8642  8642  5782 8191 
1042      9249 9240 13973 13973 6852 4096 
1043      9580 9613 10948 10948 7653 1    
1044      9580 9613 7654  7654  8106 4096 
1045      9643 9633 12202 12202 8166 8191 
1046      9643 9633 16357 16357 7828 4096 
1047      8870 8898 11924 11924 7124 1    
1048      8870 8898 7125  7125  6123 4096 
1049      8107 8089 10219 10219 4926 8191 
1050      8107 8089 13117 13117 3646 4096 
1051      7093 7112 7742  7742  2410 1    
1052      7093 7112 2411  2411  1340 4096 
1053      6767 6744 5436  5436  539  8191 
1054      6767 6744 8730  8730  86   4096 
1055      6696 6726 4182  4182  26   1    
1056      6696 6726 27    27    364  4096 
1057      7467 7457 4460  4460  1068 8191 
1058      7467 7457 9259  9259  2069 4096 
1059      8226 8265 6165  6165  3266 1    
1060      8226 8265 3267  3267  4546 4096 
1061      9249 9240 8642  8642  5782 8191 
1062      9249 9240 13973 13973 6852 4096 
1063      9579 9612 10948 10948 7653 1    
1064      9579 9612 7654  7654  8106 4096 
1065      9647 9636 12202 12202 8166 8191 
1066      9647 9636 16357 16357 7828 4096 
1067      8869 8895 11924 11924 7124 1    
1068      8869 8895 7125  7125  6123 4096 
1069      8104 8089 10219 10219 4926 8191 
1070      8104 8089 13117 13117 3646 4096 
1071      7091 7117 7742  7742  2410 1    
1072      7091 7117 2411  2411  1340 4096 
1073      6766 6744 5436  5436  539  8191 
1074      6766 6744 8730  8730  86   4096 
1075      6697 6726 4182  4182  26   1    
1076      6697 6726 27    27    364  4096 
1077      7468 7460 4460  4460  1068 8191 
1078      7468 7460 9259  9259  2069 4096 
1079      8228 8264 6165  6165  3266 1    
1080      8228 8264 3267  3267  4546 4096 
1081      9248 9240 8642  8642  5782 8191 
1082      9248 9240 13973 13973 6852 4096 
1083      9576 9612 10948 10948 7653 1    
1084      9576 9612 7654  7654  8106 4096 
1085      9645 9634 12202 12202 8166 8191 
1086      9645 9634 16357 16357 7828 4096 
1087      8870 8895 11924 11924 7124 1    
1088      8870 8895 7125  7125  6123 4096 
1089      8107 8088 10219 10219 4926 8191 
1090      8107 8088 13117 13117 3646 4096 
1091      7092 7113 7742  7742  2410 1    
1092      7092 7113 2411  2411  1340 4096 
1093      6762 6744 5436  5436  539  8191 
1094      6762 6744 8730  8730  86   4096 
1095      6696 6725 4182  4182  26   1    
1096      6696 6725 27    27    364  4096 
1097      7469 7458 4460  4460  1068 8191 
1098      7469 7458 9259  9259  2069 4096 
1099      8226 8265 6165  6165  3266 1    
1100      8226 8265 3267  3267  4546 4096 
1101      9248 9241 8642  8642  5782 8191 
1102      9248 9241 13973 13973 6852 4096 
1103      9577 9613 10948 10948 7653 1    
1104      9577 9613 7654  7654  8106 4096 
1105      9645 9633 12202 12202 8166 8191 
1106      9645 9633 16357 16357 7828 4096 
1107      8869 8895 11924 11924 7124 1    
1108      8869 8895 7125  7125  6123 4096 
1109      8106 8089 10219 10219 4926 8191 
1110      8106 8089 13117 13117 3646 4096 
1111      7094 7114 7742  7742  2410 1    
1112      7094 7114 2411  2411  1340 4096 
1113      6764 6744 5436  5436  539  8191 
1114      6764 6744 8730  8730  86   4096 
1115      6700 6727 4182  4182  26   1    
1116      6700 6727 27    27    364  4096 
1117      7470 7458 4460  4460  1068 8191 
1118      7470 7458 9259  9259  2069 4096 
1119      8229 8266 6165  6165  3266 1    
1120      8229 8266 3267  3267  4546 4096 
1121      9248 9240 8642  8642  5782 8191 
1122      9248 9240 13973 13973 6852 4096 
1123      9577 9612 10948 10948 7653 1    
1124      9577 9612 7654  7654  8106 4096 
1125      9646 9631 12202 12202 8166 8191 
1126      9646 9631 16357 16357 7828 4096 
1127      8870 8897 11924 11924 7124 1    
1128      8870 8897 7125  7125  6123 4096 
1129      8107 8088 10219 10219 4926 8191 
1130      8107 8088 13117 13117 3646 4096 
1131      7091 7112 7742  7742  2410 1    
1132      7091 7112 2411  2411  1340 4096 
1133      6765 6742 5436  5436  539  8191 
1134      6765 6742 8730  8730  86   4096 
1135      6700 6725 4182  4182  26   1    
1136      6700 6725 27    27    364  4096 
1137      7469 7458 4460  4460  1068 8191 
1138      7469 7458 9259  9259  2069 4096 
1139      8229 8264 6165  6165  3266 1    
1140      8229 8264 3267  3267  4546 4096 
1141      9249 9240 8642  8642  5782 8191 
1142      9249 9240 13973 13973 6852 4096 
1143      9580 9611 10948 10948 7653 1    
1144      9580 9611 7654  7654  8106 4096 
1145      9648 9635 12202 12202 8166 8191 
1146      9648 9635 16357 16357 7828 4096 
1147      8873 8896 11924 11924 7124 1    
1148      8873 8896 7125  7125  6123 4096 
1149      8108 8089 10219 10219 4926 8191 
1150      8108 8089 13117 13117 3646 4096 
1151      7093 7115 7742  7742  2410 1    
1152      7093 7115 2411  2411  1340 4096 
1153      6766 6746 5436  5436  539  8191 
1154      6766 6746 8730  8730  86   4096 
1155      6699 6725 4182  4182  26   1    
1156      6699 6725 27    27    364  4096 
1157      7470 7458 4460  4460  1068 8191 
1158      7470 7458 9259  9259  2069 4096 
1159      8230 8266 6165  6165  3266 1    
1160      8230 8266 3267  3267  4546 4096 
1161      9250 9239 8642  8642  5782 8191 
1162      9250 9239 13973 13973 6852 4096 
1163      9579 9611 10948 10948 7653 1    
1164      9579 9611 7654  7654  8106 4096 
1165      9645 9635 12202 12202 8166 8191 
1166      9645 9635 16357 16357 7828 4096 
1167      8870 8896 11924 11924 7124 1    
1168      8870 8896 7125  7125  6123 4096 
1169      8107 8089 10219 10219 4926 8191 
1170      8107 8089 13117 13117 3646 4096 
1171      7092 7114 7742  7742  2410 1    
1172      7092 7114 2411  2411  1340 4096 
1173      6767 6743 5436  5436  539  8191 
1174      6767 6743 8730  8730  86   4096 
1175      6697 6725 4182  4182  26   1    
1176      6697 6725 27    27    364  4096 
1177      7469 7458 4460  4460  1068 8191 
1178      7469 7458 9259  9259  2069 4096 
1179      8228 8267 6165  6165  3266 1    
1180      8228 8267 3267  3267  4546 4096 
1181      9249 9242 8642  8642  5782 8191 
1182      9249 9242 13973 13973 6852 4096 
1183      9579 9611 10948 10948 7653 1    
1184      9579 9611 7654  7654  8106 4096 
1185      9645 9636 12202 12202 8166 8191 
1186      9645 9636 16357 16357 7828 4096 
1187      8872 8897 11924 11924 7124 1    
1188      8872 8897 7125  7125  6123 4096 
1189      8106 8088 10219 10219 4926 8191 
1190      8106 8088 13117 13117 3646 4096 
1191      7093 7117 7742  7742  2410 1    
1192      7093 7117 2411  2411  1340 4096 
1193      6765 6746 5436  5436  539  8191 
1194      6765 6746 8730  8730  86   4096 
1195      6698 6725 4182  4182  26   1    
1196      6698 6725 27    27    364  4096 
1197      7468 7458 4460  4460  1068 8191 
1198      7468 7458 9259  9259  2069 4096 
1199      8229 8267 6165  6165  3266 1    
1200      8229 8267 3267  3267  4546 4096 
1201      9251 9240 8642  8642  5782 8191 
1202      9251 9240 13973 13973 6852 4096 
1203      9577 9613 10948 10948 7653 1    
1204      9577 9613 7654  7654  8106 4096 
1205      9647 9633 12202 12202 8166 8191 
1206      9647 9633 16357 16357 7828 4096 
1207      8869 8896 11924 11924 7124 1    
1208      8869 8896 7125  7125  6123 4096 
1209      8107 8088 10219 10219 4926 8191 
1210      8107 8088 13117 13117 3646 4096 
1211      7092 7113 7742  7742  2410 1    
1212      7092 7113 2411  2411  1340 4096 
1213      6764 6745 5436  5436  539  8191 
1214      6764 6745 8730  8730  86   4096 
1215      6695 6725 4182  4182  26   1    
1216      6695 6725 27    27    364  4096 
1217      7469 7459 4460  4460  1068 8191 
1218      7469 7459 9259  9259  2069 4096 
1219      8228 8265 6165  6165  3266 1    
1220      8228 8265 3267  3267  4546 4096 
1221      9249 9241 8642  8642  5782 8191 
1222      9249 9241 13973 13973 6852 4096 
1223      9576 9611 10948 10948 7653 1    
1224      9576 9611 7654  7654  8106 4096 
1225      9644 9634 12202 12202 8166 8191 
1226      9644 9634 16357 16357 7828 4096 
1227      8871 8897 11924 11924 7124 1    
1228      8871 8897 7125  7125  6123 4096 
1229      8106 8089 10219 10219 4926 8191 
1230      8106 8089 13117 13117 3646 4096 
1231      7092 7117 7742  7742  2410 1    
1232      7092 7117 2411  2411  1340 4096 
1233      6766 6745 5436  5436  539  8191 
1234      6766 6745 8730  8730  86   4096 
1235      6697 6725 4182  4182  26   1    
1236      6697 6725 27    27    364  4096 
1237      7471 7457 4460  4460  1068 8191 
1238      7471 7457 9259  9259  2069 4096 
1239      8229 8268 6165  6165  3266 1    
1240      8229 8268 3267  3267  4546 4096 
1241      9251 9241 8642  8642  5782 8191 
1242      9251 9241 13973 13973 6852 4096 
1243      9578 9613 10948 10948 7653 1    
1244      9578 9613 7654  7654  8106 4096 
1245      9644 9633 12202 12202 8166 8191 
1246      9644 9633 16357 16357 7828 4096 
1247      8871 8897 11924 11924 7124 1    
1248      8871 8897 7125  7125  6123 4096 
1249      8107 8089 10219 10219 4926 8191 
1250      8107 8089 13117 13117 3646 4096 
1251      7095 7113 7742  7742  2410 1    
1252      7095 7113 2411  2411  1340 4096 
1253      6764 6745 5436  5436  539  8191 
1254      6764 6745 8730  8730  86   4096 
1255      6698 6725 4182  4182  26   1    
1256      6698 6725 27    27    364  4096 
1257      7470 7457 4460  4460  1068 8191 
1258      7470 7457 9259  9259  2069 4096 
1259      8228 8266 6165  6165  3266 1    
1260      8228 8266 3267  3267  4546 4096 
1261      9250 9242 8642  8642  5782 8191 
1262      9250 9242 13973 13973 6852 4096 
1263      9578 9610 10948 10948 7653 1    
1264      9578 9610 7654  7654  8106 4096 
1265      9645 9635 12202 12202 8166 8191 
1266      9645 9635 16357 16357 7828 4096 
1267      8870 8897 11924 11924 7124 1    
1268      8870 8897 7125  7125  6123 4096 
1269      8108 8090 10219 10219 4926 8191 
1270      8108 8090 13117 13117 3646 4096 
1271      7091 7115 7742  7742  2410 1    
1272      7091 7115 2411  2411  1340 4096 
1273      6764 6745 5436  5436  539  8191 
1274      6764 6745 8730  8730  86   4096 
1275      6696 6725 4182  4182  26   1    
1276      6696 6725 27    27    364  4096 
1277      7470 7460 4460  4460  1068 8191 
1278      7470 7460 9259  9259  2069 4096 
1279      8228 8265 6165  6165  3266 1    
1280      8228 8265 3267  3267  4546 4096 
1281      9249 9239 8642  8642  5782 8191 
1282      9249 9239 13973 13973 6852 4096 
1283      9577 9611 10948 10948 7653 1    
1284      9577 9611 7654  7654  8106 4096 
1285      9645 9635 12202 12202 8166 8191 
1286      9645 9635 16357 16357 7828 4096 
1287      8872 8896 11924 11924 7124 1    
1288      8872 8896 7125  7125  6123 4096 
1289      8106 8088 10219 10219 4926 8191 
1290      8106 8088 13117 13117 3646 4096 
1291      7092 7114 7742  7742  2410 1    
1292      7092 7114 2411  2411  1340 4096 
1293      6765 6743 5436  5436  539  8191 
1294      6765 6743 8730  8730  86   4096 
1295      6697 6726 4182  4182  26   1    
1296      6697 6726 27    27    364  4096 
1297      7470 7459 4460  4460  1068 8191 
1298      7470 7459 9259  9259  2069 4096 
1299      8228 8266 6165  6165  3266 1    
1300      8228 8266 3267  3267  4546 4096 
1301      9248 9240 8642  8642  5782 8191 
1302      9248 9240 13973 13973 6852 4096 
1303      9577 9611 10948 10948 7653 1    
1304      9577 9611 7654  7654  8106 4096 
1305      9645 9635 12202 12202 8166 8191 
1306      9645 9635 16357 16357 7828 4096 
1307      8870 8898 11924 11924 7124 1    
1308      8870 8898 7125  7125  6123 4096 
1309      8107 8088 10219 10219 4926 8191 
1310      8107 8088 13117 13117 3646 4096 
1311      7092 7116 7742  7742  2410 1    
1312      7092 7116 2411  2411  1340 4096 
1313      6765 6744 5436  5436  539  8191 
1314      6765 6744 8730  8730  86   4096 
1315      6698 6725 4182  4182  26   1    
1316      6698 6725 27    27    364  4096 
1317      7470 7457 4460  4460  1068 8191 
1318      7470 7457 9259  9259  2069 4096 
1319      8229 8268 6165  6165  3266 1    
1320      8229 8268 3267  3267  4546 4096 
1321      9249 9241 8642  8642  5782 8191 
1322      9249 9241 13973 13973 6852 4096 
1323      9578 9613 10948 10948 7653 1    
1324      9578 9613 7654  7654  8106 4096 
1325      9645 9633 12202 12202 8166 8191 
1326      9645 9633 16357 16357 7828 4096 
1327      8870 8898 11924 11924 7124 1    
1328      8870 8898 7125  7125  6123 4096 
1329      8105 8087 10219 10219 4926 8191 
1330      8105 8087 13117 13117 3646 4096 
1331      7091 7115 7742  7742  2410 1    
1332      7091 7115 2411  2411  1340 4096 
1333      6765 6746 5436  5436  539  8191 
1334      6765 6746 8730  8730  86   4096 
1335      6698 6726 4182  4182  26   1    
1336      6698 6726 27    27    364  4096 
1337      7471 7458 4460  4460  1068 8191 
1338      7471 7458 9259  9259  2069 4096 
1339      8230 8265 6165  6165  3266 1    
1340      8230 8265 3267  3267  4546 4096 
1341      9250 9241 8642  8642  5782 8191 
1342      9250 9241 13973 13973 6852 4096 
1343      9577 9612 10948 10948 7653 1    
1344      9577 9612 7654  7654  8106 4096 
1345      9645 9636 12202 12202 8166 8191 
1346      9645 9636 16357 16357 7828 4096 
1347      8872 8897 11924 11924 7124 1    
1348      8872 8897 7125  7125  6123 4096 
1349      8109 8088 10219 10219 4926 8191 
1350      8109 8088 13117 13117 3646 4096 
1351      7092 7114 7742  7742  2410 1    
1352      7092 7114 2411  2411  1340 4096 
1353      6767 6744 5436  5436  539  8191 
1354      6767 6744 8730  8730  86   4096 
1355      6697 6724 4182  4182  26   1    
1356      6697 6724 27    27    364  4096 
1357      7471 7458 4460  4460  1068 8191 
1358      7471 7458 9259  9259  2069 4096 
1359      8230 8265 6165  6165  3266 1    
1360      8230 8265 3267  3267  4546 4096 
1361      9248 9241 8642  8642  5782 8191 
1362      9248 9241 13973 13973 6852 4096 
1363      9577 9612 10948 10948 7653 1    
1364      9577 9612 7654  7654  8106 4096 
1365      9646 9634 12202 12202 8166 8191 
1366      9646 9634 16357 16357 7828 4096 
1367      8871 8896 11924 11924 7124 1    
1368      8871 8896 7125  7125  6123 4096 
1369      8104 8087 10219 10219 4926 8191 
1370      8104 8087 13117 13117 3646 4096 
1371      7091 7116 7742  7742  2410 1    
1372      7091 7116 2411  2411  1340 4096 
1373      6765 6744 5436  5436  539  8191 
1374      6765 6744 8730  8730  86   4096 
1375      6698 6725 4182  4182  26   1    
1376      6698 6725 27    27    364  4096 
1377      7470 7459 4460  4460  1068 8191 
1378      7470 7459 9259  9259  2069 4096 
1379      8227 8266 6165  6165  3266 1    
1380      8227 8266 3267  3267  4546 4096 
1381      9248 9238 8642  8642  5782 8191 
1382      9248 9238 13973 13973 6852 4096 
1383      9578 9611 10948 10948 7653 1    
1384      9578 9611 7654  7654  8106 4096 
1385      9644 9635 12202 12202 8166 8191 
1386      9644 9635 16357 16357 7828 4096 
1387      8871 8897 11924 11924 7124 1    
1388      8871 8897 7125  7125  6123 4096 
1389      8104 8088 10219 10219 4926 8191 
1390      8104 8088 13117 13117 3646 4096 
1391      7092 7115 7742  7742  2410 1    
1392      7092 7115 2411  2411  1340 4096 
1393      6764 6745 5436  5436  539  8191 
1394      6764 6745 8730  8730  86   4096 
1395      6695 6725 4182  4182  26   1    
1396      6695 6725 27    27    364  4096 
1397      7470 7459 4460  4460  1068 8191 
1398      7470 7459 9259  9259  2069 4096 
1399      8227 8268 6165  6165  3266 1    
1400      8227 8268 3267  3267  4546 4096 
1401      9247 9239 8642  8642  5782 8191 
1402      9247 9239 13973 13973 6852 4096 
1403      9576 9610 10948 10948 7653 1    
1404      9576 9610 7654  7654  8106 4096 
1405      9643 9632 12202 12202 8166 8191 
1406      9643 9632 16357 16357 7828 4096 
1407      8869 8897 11924 11924 7124 1    
1408      8869 8897 7125  7125  6123 4096 
1409      8105 8087 10219 10219 4926 8191 
1410      8105 8087 13117 13117 3646 4096 
1411      7092 7116 7742  7742  2410 1    
1412      7092 7116 2411  2411  1340 4096 
1413      6763 6745 5436  5436  539  8191 
1414      6763 6745 8730  8730  86   4096 
1415      6698 6725 4182  4182  26   1    
1416      6698 6725 27    27    364  4096 
1417      7471 7457 4460  4460  1068 8191 
1418      7471 7457 9259  9259  2069 4096 
1419      8230 8266 6165  6165  3266 1    
1420      8230 8266 3267  3267  4546 4096 
1421      9250 9241 8642  8642  5782 8191 
1422      9250 9241 13973 13973 6852 4096 
1423      9578 9610 10948 10948 7653 1    
1424      9578 9610 7654  7654  8106 4096 
1425      9645 9631 12202 12202 8166 8191 
1426      9645 9631 16357 16357 7828 4096 
1427      8870 8898 11924 11924 7124 1    
1428      8870 8898 7125  7125  6123 4096 
1429      8107 8087 10219 10219 4926 8191 
1430      8107 8087 13117 13117 3646 4096 
1431      7092 7116 7742  7742  2410 1    
1432      7092 7116 2411  2411  1340 4096 
1433      6762 6746 5436  5436  539  8191 
1434      6762 6746 8730  8730  86   4096 
1435      6697 6726 4182  4182  26   1    
1436      6697 6726 27    27    364  4096 
1437      7467 7458 4460  4460  1068 8191 
1438      7467 7458 9259  9259  2069 4096 
1439      8226 8265 6165  6165  3266 1    
1440      8226 8265 3267  3267  4546 4096 
1441      9249 9241 8642  8642  5782 8191 
1442      9249 9241 13973 13973 6852 4096 
1443      9577 9614 10948 10948 7653 1    
1444      9577 9614 7654  7654  8106 4096 
1445      9645 9633 12202 12202 8166 8191 
1446      9645 9633 16357 16357 7828 4096 
1447      8871 8899 11924 11924 7124 1    
1448      8871 8899 7125  7125  6123 4096 
1449      8107 8086 10219 10219 4926 8191 
1450      8107 8086 13117 13117 3646 4096 
1451      7091 7115 7742  7742  2410 1    
1452      7091 7115 2411  2411  1340 4096 
1453      6764 6746 5436  5436  539  8191 
1454      6764 6746 8730  8730  86   4096 
1455      6698 6725 4182  4182  26   1    
1456      6698 6725 27    27    364  4096 
1457      7469 7458 4460  4460  1068 8191 
1458      7469 7458 9259  9259  2069 4096 
1459      8228 8267 6165  6165  3266 1    
1460      8228 8267 3267  3267  4546 4096 
1461      9248 9241 8642  8642  5782 8191 
1462      9248 9241 13973 13973 6852 4096 
1463      9575 9613 10948 10948 7653 1    
1464      9575 9613 7654  7654  8106 4096 
1465      9645 9634 12202 12202 8166 8191 
1466      9645 9634 16357 16357 7828 4096 
1467      8871 8896 11924 11924 7124 1    
1468      8871 8896 7125  7125  6123 4096 
1469      8104 8088 10219 10219 4926 8191 
1470      8104 8088 13117 13117 3646 4096 
1471      7093 7116 7742  7742  2410 1    
1472      7093 7116 2411  2411  1340 4096 
1473      6763 6744 5436  5436  539  8191 
1474      6763 6744 8730  8730  86   4096 
1475      6698 6726 4182  4182  26   1    
1476      6698 6726 27    27    364  4096 
1477      7470 7459 4460  4460  1068 8191 
1478      7470 7459 9259  9259  2069 4096 
1479      8229 8264 6165  6165  3266 1    
1480      8229 8264 3267  3267  4546 4096 
1481      9249 9240 8642  8642  5782 8191 
1482      9249 9240 13973 13973 6852 4096 
1483      9576 9611 10948 10948 7653 1    
1484      9576 9611 7654  7654  8106 4096 
1485      9645 9636 12202 12202 8166 8191 
1486      9645 9636 16357 16357 7828 4096 
1487      8872 8896 11924 11924 7124 1    
1488      8872 8896 7125  7125  6123 4096 
1489      8107 8088 10219 10219 4926 8191 
1490      8107 8088 13117 13117 3646 4096 
1491      7090 7114 7742  7742  2410 1    
1492      7090 7114 2411  2411  1340 4096 
1493      6764 6744 5436  5436  539  8191 
1494      6764 6744 8730  8730  86   4096 
1495      6696 6728 4182  4182  26   1    
1496      6696 6728 27    27    364  4096 
1497      7471 7461 4460  4460  1068 8191 
1498      7471 7461 9259  9259  2069 4096 
1499      8228 8267 6165  6165  3266 1    
1500      8228 8267 3267  3267  4546 4096 
1501      9249 9241 8642  8642  5782 8191 
1502      9249 9241 13973 13973 6852 4096 
1503      9578 9609 10948 10948 7653 1    
1504      9578 9609 7654  7654  8106 4096 
1505      9644 9635 12202 12202 8166 8191 
1506      9644 9635 16357 16357 7828 4096 
1507      8871 8895 11924 11924 7124 1    
1508      8871 8895 7125  7125  6123 4096 
1509      8107 8088 10219 10219 4926 8191 
1510      8107 8088 13117 13117 3646 4096 
1511      7092 7114 7742  7742  2410 1    
1512      7092 7114 2411  2411  1340 4096 
1513      6763 6746 5436  5436  539  8191 
1514      6763 6746 8730  8730  86   4096 
1515      6700 6727 4182  4182  26   1    
1516      6700 6727 27    27    364  4096 
1517      7471 7459 4460  4460  1068 8191 
1518      7471 7459 9259  9259  2069 4096 
1519      8228 8267 6165  6165  3266 1    
1520      8228 8267 3267  3267  4546 4096 
1521      9251 9238 8642  8642  5782 8191 
1522      9251 9238 13973 13973 6852 4096 
1523      9578 9610 10948 10948 7653 1    
1524      9578 9610 7654  7654  8106 4096 
1525      9647 9635 12202 12202 8166 8191 
1526      9647 9635 16357 16357 7828 4096 
1527      8872 8897 11924 11924 7124 1    
1528      8872 8897 7125  7125  6123 4096 
1529      8106 8087 10219 10219 4926 8191 
1530      8106 8087 13117 13117 3646 4096 
1531      7092 7116 7742  7742  2410 1    
1532      7092 7116 2411  2411  1340 4096 
1533      6764 6744 5436  5436  539  8191 
1534      6764 6744 8730  8730  86   4096 
1535      6699 6728 4182  4182  26   1    
1536      6699 6728 27    27    364  4096 
1537      7468 7459 4460  4460  1068 8191 
1538      7468 7459 9259  9259  2069 4096 
1539      8227 8265 6165  6165  3266 1    
1540      8227 8265 3267  3267  4546 4096 
1541      9246 9241 8642  8642  5782 8191 
1542      9246 9241 13973 13973 6852 4096 
1543      9578 9615 10948 10948 7653 1    
1544      9578 9615 7654  7654  8106 4096 
1545      9645 9632 12202 12202 8166 8191 
1546      9645 9632 16357 16357 7828 4096 
1547      8870 8897 11924 11924 7124 1    
1548      8870 8897 7125  7125  6123 4096 
1549      8106 8087 10219 10219 4926 8191 
1550      8106 8087 13117 13117 3646 4096 
1551      7091 7114 7742  7742  2410 1    
1552      7091 7114 2411  2411  1340 4096 
1553      6762 6744 5436  5436  539  8191 
1554      6762 6744 8730  8730  86   4096 
1555      6697 6725 4182  4182  26   1    
1556      6697 6725 27    27    364  4096 
1557      7466 7459 4460  4460  1068 8191 
1558      7466 7459 9259  9259  2069 4096 
1559      8227 8264 6165  6165  3266 1    
1560      8227 8264 3267  3267  4546 4096 
1561      9247 9240 8642  8642  5782 8191 
1562      9247 9240 13973 13973 6852 4096 
1563      9578 9612 10948 10948 7653 1    
1564      9578 9612 7654  7654  8106 4096 
1565      9646 9632 12202 12202 8166 8191 
1566      9646 9632 16357 16357 7828 4096 
1567      8873 8896 11924 11924 7124 1    
1568      8873 8896 7125  7125  6123 4096 
1569      8107 8087 10219 10219 4926 8191 
1570      8107 8087 13117 13117 3646 4096 
1571      7090 7114 7742  7742  2410 1    
1572      7090 7114 2411  2411  1340 4096 
1573      6764 6744 5436  5436  539  8191 
1574      6764 6744 8730  8730  86   4096 
1575      6698 6726 4182  4182  26   1    
1576      6698 6726 27    27    364  4096 
1577      7470 7458 4460  4460  1068 8191 
1578      7470 7458 9259  9259  2069 4096 
1579      8230 8268 6165  6165  3266 1    
1580      8230 8268 3267  3267  4546 4096 
1581      9250 9241 8642  8642  5782 8191 
1582      9250 9241 13973 13973 6852 4096 
1583      9577 9611 10948 10948 7653 1    
1584      9577 9611 7654  7654  8106 4096 
1585      9646 9635 12202 12202 8166 8191 
1586      9646 9635 16357 16357 7828 4096 
1587      8871 8897 11924 11924 7124 1    
1588      8871 8897 7125  7125  6123 4096 
1589      8106 8089 10219 10219 4926 8191 
1590      8106 8089 13117 13117 3646 4096 
1591      7093 7113 7742  7742  2410 1    
1592      7093 7113 2411  2411  1340 4096 
1593      6765 6746 5436  5436  539  8191 
1594      6765 6746 8730  8730  86   4096 
1595      6698 6726 4182  4182  26   1    
1596      6698 6726 27    27    364  4096 
1597      7468 7460 4460  4460  1068 8191 
1598      7468 7460 9259  9259  2069 4096 
1599      8229 8267 6165  6165  3266 1    
1600      8229 8267 3267  3267  4546 4096 
1601      9250 9240 8642  8642  5782 8191 
1602      9250 9240 13973 13973 6852 4096 
1603      9575 9610 10948 10948 7653 1    
1604      9575 9610 7654  7654  8106 4096 
1605      9646 9633 12202 12202 8166 8191 
1606      9646 9633 16357 16357 7828 4096 
1607      8872 8895 11924 11924 7124 1    
1608      8872 8895 7125  7125  6123 4096 
1609      8105 8089 10219 10219 4926 8191 
1610      8105 8089 13117 13117 3646 4096 
1611      7091 7115 7742  7742  2410 1    
1612      7091 7115 2411  2411  1340 4096 
1613      6764 6747 5436  5436  539  8191 
1614      6764 6747 8730  8730  86   4096 
1615      6698 6725 4182  4182  26   1    
1616      6698 6725 27    27    364  4096 
1617      7470 7458 4460  4460  1068 8191 
1618      7470 7458 9259  9259  2069 4096 
1619      8228 8264 6165  6165  3266 1    
1620      8228 8264 3267  3267  4546 4096 
1621      9248 9239 8642  8642  5782 8191 
1622      9248 9239 13973 13973 6852 4096 
1623      9577 9610 10948 10948 7653 1    
1624      9577 9610 7654  7654  8106 4096 
1625      9644 9633 12202 12202 8166 8191 
1626      9644 9633 16357 16357 7828 4096 
1627      8869 8899 11924 11924 7124 1    
1628      8869 8899 7125  7125  6123 4096 
1629      8108 8088 10219 10219 4926 8191 
1630      8108 8088 13117 13117 3646 4096 
1631      7094 7115 7742  7742  2410 1    
1632      7094 7115 2411  2411  1340 4096 
1633      6765 6747 5436  5436  539  8191 
1634      6765 6747 8730  8730  86   4096 
1635      6697 6726 4182  4182  26   1    
1636      6697 6726 27    27    364  4096 
1637      7470 7458 4460  4460  1068 8191 
1638      7470 7458 9259  9259  2069 4096 
1639      8229 8265 6165  6165  3266 1    
1640      8229 8265 3267  3267  4546 4096 
1641      9247 9242 8642  8642  5782 8191 
1642      9247 9242 13973 13973 6852 4096 
1643      9578 9611 10948 10948 7653 1    
1644      9578 9611 7654  7654  8106 4096 
1645      9646 9633 12202 12202 8166 8191 
1646      9646 9633 16357 16357 7828 4096 
1647      8872 8898 11924 11924 7124 1    
1648      8872 8898 7125  7125  6123 4096 
1649      8108 8086 10219 10219 4926 8191 
1650      8108 8086 13117 13117 3646 4096 
1651      7093 7115 7742  7742  2410 1    
1652      7093 7115 2411  2411  1340 4096 
1653      6764 6744 5436  5436  539  8191 
1654      6764 6744 8730  8730  86   4096 
1655      6699 6727 4182  4182  26   1    
1656      6699 6727 27    27    364  4096 
1657      7470 7458 4460  4460  1068 8191 
1658      7470 7458 9259  9259  2069 4096 
1659      8229 8265 6165  6165  3266 1    
1660      8229 8265 3267  3267  4546 4096 
1661      9250 9241 8642  8642  5782 8191 
1662      9250 9241 13973 13973 6852 4096 
1663      9577 9609 10948 10948 7653 1    
1664      9577 9609 7654  7654  8106 4096 
1665      9647 9633 12202 12202 8166 8191 
1666      9647 9633 16357 16357 7828 4096 
1667      8871 8896 11924 11924 7124 1    
1668      8871 8896 7125  7125  6123 4096 
1669      8107 8089 10219 10219 4926 8191 
1670      8107 8089 13117 13117 3646 4096 
1671      7092 7114 7742  7742  2410 1    
1672      7092 7114 2411  2411  1340 4096 
1673      6765 6747 5436  5436  539  8191 
1674      6765 6747 8730  8730  86   4096 
1675      6696 6726 4182  4182  26   1    
1676      6696 6726 27    27    364  4096 
1677      7469 7456 4460  4460  1068 8191 
1678      7469 7456 9259  9259  2069 4096 
1679      8229 8266 6165  6165  3266 1    
1680      8229 8266 3267  3267  4546 4096 
1681      9249 9240 8642  8642  5782 8191 
1682      9249 9240 13973 13973 6852 4096 
1683      9577 9612 10948 10948 7653 1    
1684      9577 9612 7654  7654  8106 4096 
1685      9645 9634 12202 12202 8166 8191 
1686      9645 9634 16357 16357 7828 4096 
1687      8870 8897 11924 11924 7124 1    
1688      8870 8897 7125  7125  6123 4096 
1689      8108 8088 10219 10219 4926 8191 
1690      8108 8088 13117 13117 3646 4096 
1691      7090 7113 7742  7742  2410 1    
1692      7090 7113 2411  2411  1340 4096 
1693      6763 6748 5436  5436  539  8191 
1694      6763 6748 8730  8730  86   4096 
1695      6696 6726 4182  4182  26   1    
1696      6696 6726 27    27    364  4096 
1697      7471 7457 4460  4460  1068 8191 
1698      7471 7457 9259  9259  2069 4096 
1699      8228 8267 6165  6165  3266 1    
1700      8228 8267 3267  3267  4546 4096 
1701      9248 9241 8642  8642  5782 8191 
1702      9248 9241 13973 13973 6852 4096 
1703      9576 9613 10948 10948 7653 1    
1704      9576 9613 7654  7654  8106 4096 
1705      9646 9633 12202 12202 8166 8191 
1706      9646 9633 16357 16357 7828 4096 
1707      8868 8896 11924 11924 7124 1    
1708      8868 8896 7125  7125  6123 4096 
1709      8107 8088 10219 10219 4926 8191 
1710      8107 8088 13117 13117 3646 4096 
1711      7094 7116 7742  7742  2410 1    
1712      7094 7116 2411  2411  1340 4096 
1713      6763 6745 5436  5436  539  8191 
1714      6763 6745 8730  8730  86   4096 
1715      6697 6725 4182  4182  26   1    
1716      6697 6725 27    27    364  4096 
1717      7469 7458 4460  4460  1068 8191 
1718      7469 7458 9259  9259  2069 4096 
1719      8229 8263 6165  6165  3266 1    
1720      8229 8263 3267  3267  4546 4096 
1721      9247 9240 8642  8642  5782 8191 
1722      9247 9240 13973 13973 6852 4096 
1723      9577 9610 10948 10948 7653 1    
1724      9577 9610 7654  7654  8106 4096 
1725      9642 9634 12202 12202 8166 8191 
1726      9642 9634 16357 16357 7828 4096 
1727      8871 8897 11924 11924 7124 1    
1728      8871 8897 7125  7125  6123 4096 
1729      8106 8087 10219 10219 4926 8191 
1730      8106 8087 13117 13117 3646 4096 
1731      7093 7114 7742  7742  2410 1    
1732      7093 7114 2411  2411  1340 4096 
1733      6763 6743 5436  5436  539  8191 
1734      6763 6743 8730  8730  86   4096 
1735      6695 6725 4182  4182  26   1    
1736      6695 6725 27    27    364  4096 
1737      7470 7458 4460  4460  1068 8191 
1738      7470 7458 9259  9259  2069 4096 
1739      8229 8267 6165  6165  3266 1    
1740      8229 8267 3267  3267  4546 4096 
1741      9251 9242 8642  8642  5782 8191 
1742      9251 9242 13973 13973 6852 4096 
1743      9578 9611 10948 10948 7653 1    
1744      9578 9611 7654  7654  8106 4096 
1745      9646 9634 12202 12202 8166 8191 
1746      9646 9634 16357 16357 7828 4096 
1747      8871 8898 11924 11924 7124 1    
1748      8871 8898 7125  7125  6123 4096 
1749      8105 8089 10219 10219 4926 8191 
1750      8105 8089 13117 13117 3646 4096 
1751      7092 7114 7742  7742  2410 1    
1752      7092 7114 2411  2411  1340 4096 
1753      6764 6745 5436  5436  539  8191 
1754      6764 6745 8730  8730  86   4096 
1755      6697 6725 4182  4182  26   1    
1756      6697 6725 27    27    364  4096 
1757      7471 7458 4460  4460  1068 8191 
1758      7471 7458 9259  9259  2069 4096 
1759      8228 8267 6165  6165  3266 1    
1760      8228 8267 3267  3267  4546 4096 
1761      9248 9241 8642  8642  5782 8191 
1762      9248 9241 13973 13973 6852 4096 
1763      9576 9612 10948 10948 7653 1    
1764      9576 9612 7654  7654  8106 4096 
1765      9646 9635 12202 12202 8166 8191 
1766      9646 9635 16357 16357 7828 4096 
1767      8873 8899 11924 11924 7124 1    
1768      8873 8899 7125  7125  6123 4096 
1769      8106 8088 10219 10219 4926 8191 
1770      8106 8088 13117 13117 3646 4096 
1771      7092 7115 7742  7742  2410 1    
1772      7092 7115 2411  2411  1340 4096 
1773      6765 6746 5436  5436  539  8191 
1774      6765 6746 8730  8730  86   4096 
1775      6698 6726 4182  4182  26   1    
1776      6698 6726 27    27    364  4096 
1777      7468 7457 4460  4460  1068 8191 
1778      7468 7457 9259  9259  2069 4096 
1779      8228 8266 6165  6165  3266 1    
1780      8228 8266 3267  3267  4546 4096 
1781      9248 9241 8642  8642  5782 8191 
1782      9248 9241 13973 13973 6852 4096 
1783      9576 9612 10948 10948 7653 1    
1784      9576 9612 7654  7654  8106 4096 
1785      9645 9633 12202 12202 8166 8191 
1786      9645 9633 16357 16357 7828 4096 
1787      8871 8898 11924 11924 7124 1    
1788      8871 8898 7125  7125  6123 4096 
1789      8105 8087 10219 10219 4926 8191 
1790      8105 8087 13117 13117 3646 4096 
1791      7094 7116 7742  7742  2410 1    
